573319221.2273525	-141584065527.56796	45684190946.16828	-21033367.71882826	-9932.994316409315	-28939.530504817427	0.9006915533942339	4000.0
573319222.2273525	-141584075460.55942	45684162006.636734	-21033366.818136185	-9932.988590230796	-28939.53259022463	0.9006926105033112	3999.999966696059
573319226.2273525	-141584115192.46796	45684046248.489685	-21033363.21535728	-9932.965685512354	-28939.54093184179	0.9006968389473538	3999.9998334802553
573319242.2273525	-141584274119.18597	45683583215.56784	-21033348.804072548	-9932.874066568871	-28939.574298124026	0.9007137528472762	3999.999300616425
573319306.2273525	-141584909811.399	45681731078.541954	-21033291.156227343	-9932.507589679366	-28939.70776027039	0.9007814104270147	3999.99716915123
573319562.2273525	-141587452345.70407	45674322445.02719	-21033060.521542612	-9931.041664273405	-28940.241561134604	0.9010520724278557	3999.9886431324744
573320586.2273525	-141597618730.04587	45644686544.73111	-21032137.28971432	-9925.177677157155	-28942.376001022283	0.9021352274117647	3999.954536529582
573324682.2273525	-141638224213.1744	45526121105.65004	-21028433.25842919	-9901.717165592638	-28950.90154161846	0.9064759635375733	3999.818069657623
573341066.2273525	-141799684756.0261	45051511344.91852	-21013438.537507787	-9807.80241576274	-28984.80808287304	0.92396905478861	3999.271553881629
573406602.2273525	-142430111721.66623	43147594118.20647	-20950542.059578028	-9430.999788139023	-29117.296868898393	0.9960420810591483	3997.0750605238777
573554450.7074124	-143761262815.57593	38821603965.92983	-20790543.990575567	-8574.526796906022	-29397.641180853127	1.1712655146025455	3992.05765601073
573765570.6848706	-145441210712.9757	32576732456.44028	-20514191.149558984	-7337.517924613431	-29752.937972662065	1.4530297239024297	3984.7404926705435
574032154.8114293	-147186852187.42447	24593575916.081165	-20073385.532823093	-5755.477426485089	-30124.923980806296	1.8647183391279405	3975.2382196514873
574348270.7945437	-148706722743.203	15015413145.60836	-19395723.888558034	-3856.994260953562	-30453.68526888108	2.4386640178762122	3963.5826750350802
574709135.7423517	-149704478486.93692	3980352737.8257823	-18379673.804574832	-1670.3345991754704	-30678.405779941535	3.214584302286495	3949.758366649107
575110971.8678017	-149884639749.45755	-8366158060.154807	-16887957.61298358	773.8972844320011	-30738.693361007056	4.238756496205973	3933.7182712584854
575550950.9163852	-148956643927.52548	-21863415523.697025	-14739549.847978486	3441.0602112957567	-30575.650196294268	5.563342954316848	3915.3959955286796
576027139.9174273	-146637423217.9134	-36328630163.03505	-11700206.116480082	6291.055556048272	-30132.726962347144	7.245696206397708	3894.7171475659648
576538457.6132094	-142653312922.74002	-51550620295.45236	-7471125.936423356	9277.088306045209	-29356.52677064888	9.347606598241526	3871.6097200654053
577084662.723131	-136741758807.7055	-67283908418.494415	-1674984.621241102	12344.60809977749	-28197.65873154918	11.93450667010519	3846.013038048619
577666393.682015	-128652879338.68271	-83242969102.39442	6161999.48702568	15430.409551092313	-26611.660600740677	15.074680501860772	3817.885047185385
578285284.3089206	-118150553890.49954	-99096134793.7237	16634307.287869357	18461.831387055325	-24559.94081106292	18.83857806505158	3787.2077805095664
578944197.811187	-105012199086.58864	-114458283142.68758	30491985.564461984	21355.930343448228	-22010.60883177063	23.29844592255066	3753.990588506246
579647664.0933708	-89025431916.65479	-128880643194.56488	48694623.29462852	24018.37227432996	-18938.920141367773	28.52874327863969	3718.2699660767635
580373290.4453264	-70751284513.5911	-141381218157.92508	71488188.36378977	26261.73162558946	-15472.405406487655	34.363652013417926	3681.580450113071
580845573.0607585	-58062408231.07388	-148130306601.16925	88656135.94981578	27434.117157487868	-13095.21486971886	38.361853645984176	3658.0002568745044
581374214.3950361	-43272564704.82204	-154332085909.74518	110152171.4310847	28471.453670176943	-10356.90619105808	42.987184315282434	3632.063701365305
581851917.5243409	-29498178769.510315	-158679418534.25742	131707336.72586527	29158.224828668877	-7839.490580041317	47.27179586551274	3609.174727944672
582418849.0281104	-12807501507.061975	-162271934083.77356	159969755.29117936	29667.776152195114	-4833.73861879335	52.443123680905686	3582.8518378953363
583028140.149683	5344509147.355169	-164236933506.14285	193629829.17410222	29855.21104682173	-1623.5218559633151	58.04943933804237	3555.7782094528666
583655466.486084	24036286660.552628	-164235176990.7097	231854537.40238962	29675.420632344707	1613.9055742655194	63.808027113506824	3529.434755212195
584285278.5263052	42575105276.600266	-162223769814.4493	273842346.36670494	29138.250371358437	4751.139239624109	69.50700327235342	3504.7549054654987
584904953.5860971	60383867350.20195	-158360668330.94138	318615633.8719038	28288.999824302264	7689.705481210657	74.96977749923805	3482.3785784127385
585501188.6872522	76938783237.49922	-152974184374.12653	364836235.2757174	27200.670176879572	10349.041121422559	80.03677963987485	3462.773888638862
586054720.0144101	91665773984.1681	-146600967639.32266	410393969.4873429	25978.54731459493	12650.142749385506	84.53494430305338	3446.3623296919573
586517991.9562849	103436499117.56458	-140320775441.39737	450394610.97557455	24817.459700960226	14441.01522382421	88.12452502832218	3434.005494243842
586970848.8933163	114397820737.17126	-133408325817.41599	491065220.0341057	23575.767346548197	16066.054128801377	91.46464720378061	3423.175267017287
587524534.6783468	127002745248.54004	-124002191740.8269	542784304.2623413	21934.4339306261	17877.827651166783	95.3077065877096	3411.6455261815945
588146461.7104523	140036216479.02438	-112310841717.13632	603317450.3476552	19957.96773454066	19677.510763780436	99.29731731537169	3400.971496036306
588822370.3030965	152764972196.01065	-98429308924.32008	671788684.7539794	17688.34264697338	21348.175967882824	103.24043073465025	3392.1133945461543
589544365.7250414	164630833467.74026	-82469273688.18231	747718733.8175292	15168.61958506422	22807.244330303	107.0228520832865	3385.759363150124
590307136.2118217	175165883822.23306	-64597435279.22657	830740081.202558	12448.556208605036	23993.46373228421	110.59524911279804	3382.248903466929
591106356.1200179	183970079180.43134	-45049132777.7138	920502401.4810177	9585.147101442763	24863.287067156096	113.98031477052471	3379.835895500168
591937608.0306033	190710384222.66724	-24136897238.18684	1016630614.0357493	6641.796476075953	25390.159956781255	117.28640937401993	3374.539585475388
592795141.7586718	195131917770.0488	-2263581293.7792454	1118667275.5095212	3687.6764420314294	25565.126937052813	120.71899908267547	3365.2872635738786
593669696.3939385	197083552012.39117	20045671230.9514	1225889128.7040765	799.0478980471617	25398.98937812708	124.57581072322756	3352.1017509130656
594543382.8697784	196576231679.10886	42051517181.75519	1336673463.7187028	-1932.8631513926102	24928.584168736135	129.1896111938258	3335.5316385654337
594930031.2832552	195604571998.2527	51634832860.062454	1387080404.739386	-3087.42467552979	24634.389440228184	131.5914196040993	3327.229743045169
595705824.1449734	192342882991.43387	70474125327.41818	1491298414.553155	-5297.070224807168	23903.783354064537	137.30131195673508	3308.9945309433765
596488290.36858	187374615128.41428	88834547777.3888	1601465142.4815598	-7376.721582675344	23000.141323136086	144.57168084528405	3288.749100880136
597471677.4484277	178921330804.13553	110813160536.10802	1749199274.4138777	-9775.721742134481	21666.304821119076	156.4534029559121	3261.1674148523293
598385130.667166	169055022335.5312	129975341698.97925	1898419927.1065753	-11793.193039372643	20266.16471921942	170.85898827994242	3233.8893478759824
598870446.7252911	163088721682.85474	139619019489.57248	1983524405.5345383	-12785.015905671764	19470.21756450898	180.04808361122687	3218.885842920608
599498947.8800594	154670027395.47067	151520400703.01886	2100870370.5659726	-13990.062910663606	18394.06981782886	193.71162592326672	3199.0205820169226
600255529.0627451	143572042545.77866	164928607365.65045	2254530634.9160666	-15326.957945637916	17040.376139222688	213.02810451525792	3174.5327870853735
601161615.5594186	129016549641.94545	179607802031.8332	2459679345.5016093	-16774.362233070977	15349.398889136119	240.63894085806717	3144.4136584216003
602180260.3599428	111178801209.98077	194243121463.93436	2723219429.5764065	-18217.015458431404	13373.42403092014	277.92594656402304	3109.361756735827
603302130.652509	89946495360.96043	207989257228.94818	3061741561.241237	-19600.488866467032	11119.60470336168	326.9784148399209	3068.7220482747366
604532205.6390084	65018054821.783295	220103951885.62906	3501924870.553114	-20894.007318068692	8563.219330468368	390.363000387768	3020.458546006091
605716724.8689169	39631809074.35483	228747261587.82123	4004898676.7109847	-21937.452290706788	6016.005654273835	460.23062680902615	2968.6493346010084
