573319221.2273525	-141584065527.568	45684190946.16821	-21033367.71882826	-9932.9943164093	-28939.53050481743	0.9006915533942349	4000.0
573319222.2273525	-141584075460.55954	45684162006.63673	-21033366.818136185	-9932.988590230792	-28939.532590224648	0.9006926105033118	3999.999966696059
573319226.2273525	-141584115192.468	45684046248.4896	-21033363.215357274	-9932.965685512341	-28939.540931841806	0.9006968389473555	3999.9998334802553
573319242.2273525	-141584274119.186	45683583215.56776	-21033348.804072548	-9932.874066568851	-28939.574298124022	0.900713752847278	3999.999300616425
573319306.2273525	-141584909811.399	45681731078.541855	-21033291.15622733	-9932.507589679346	-28939.70776027039	0.9007814104270162	3999.99716915123
573319562.2273525	-141587452345.7042	45674322445.02707	-21033060.521542612	-9931.041664273384	-28940.241561134622	0.9010520724278577	3999.9886431324744
573320586.2273525	-141597618730.04587	45644686544.73094	-21032137.28971431	-9925.177677157124	-28942.37600102228	0.9021352274117669	3999.954536529582
573324682.2273525	-141638224213.17438	45526121105.649864	-21028433.258429177	-9901.71716559261	-28950.90154161847	0.9064759635375758	3999.818069657623
573341066.2273525	-141799684756.02612	45051511344.91834	-21013438.53750778	-9807.802415762711	-28984.808082873056	0.9239690547886126	3999.271553881629
573406602.2273525	-142430111721.66626	43147594118.20634	-20950542.0595781	-9430.99978813902	-29117.296868898396	0.9960420810590979	3997.0750605238777
573668746.2273525	-144703176168.95203	35450066784.828125	-20648330.33187954	-7906.758125794005	-29596.604081737736	1.3190908739831229	3988.1188569750734
574536721.5809159	-149326228743.85922	9262751101.39908	-18900091.172700092	-2716.9164139448035	-30591.143640206574	2.8273484703156795	3956.432346422115
575490095.2488557	-149154871962.41562	-20001572731.328686	-15072120.873980403	3073.535696561221	-30612.39194573924	5.367149388060708	3917.9762839959076
576482084.7800872	-143167150856.36862	-49892859521.998764	-7991101.548014023	8952.67070197269	-29457.025768092324	9.100720543348608	3874.2001075975872
576965064.0502189	-138178830203.82602	-63894491385.841866	-3066493.8496907623	11685.668486413259	-28479.595813501408	11.337925681105737	3851.6911071052214
577651632.3991601	-128880094161.23521	-82849817832.37231	5940100.688551572	15354.76250524427	-26656.16001482679	14.990162499247	3818.60823691748
578231962.660028	-119128318366.69713	-97781466949.3172	15638905.067259498	18211.982218280995	-24750.480908726815	18.4976419008624	3789.87492641863
578916401.1155444	-105604233441.34409	-113844869254.03102	29847104.81392399	21241.377104704537	-22125.022127079825	23.101365592871275	3755.3991589158545
579655683.721675	-88832703333.21762	-129032378583.12814	48923660.26213633	24046.019857900927	-18902.105758391972	28.59093002654654	3717.862783229192
580433090.6118026	-69175992551.59566	-142297612887.93777	73558023.8918702	26422.891747444697	-15175.923037529805	34.861927144093556	3678.577865075198
581246155.0150647	-46904409439.355995	-152962911350.5752	104719883.88750103	28246.936543685435	-11026.010991414436	41.85413157812196	3638.293812388319
582099676.5170931	-22240067820.335712	-160459091093.08865	143697876.3697506	29421.34524092968	-6526.256081745173	49.522909660273456	3597.548951081296
583005067.9683213	4655687470.9767275	-164198083956.96225	192292949.7503411	29854.737543833937	-1744.1784943049552	57.836967325417504	3556.778002642221
583906710.4472723	31471501923.77884	-163670077322.51624	248173547.2960725	29502.46060691859	2881.2801769412267	66.09513311533732	3519.3663421272336
584793888.808553	57232191788.40522	-159186211716.20972	310342708.2835124	28463.24896095418	7175.3193499984845	74.00389179854282	3486.242960216571
585683225.4684781	81855982299.50285	-151019432802.81735	379542993.97032195	26819.989419972986	11124.44061591315	81.53963865784452	3457.1825224772347
586595187.806782	105344425281.44882	-139194929988.48322	457219931.41229826	24612.867018660712	14726.947755165762	88.70601155176398	3432.071274319553
587565120.2511609	127890430368.53027	-123274068624.48575	546657923.8165876	21809.406921526395	18002.913763441706	95.57869131032571	3410.87524316073
588607323.6201671	148882121183.60416	-102967009718.4824	649716650.3561994	18421.776415542692	20848.832790740456	102.02954356953595	3394.622840965608
589627885.9346161	165885370774.00946	-80558220835.79985	756674500.9975379	14872.826490083076	22954.678670737114	107.4338219358396	3385.224828306529
590631814.6698935	179018661268.89685	-56740958183.92416	866878638.3814547	11284.23244559082	24391.576898944993	112.00670018615983	3381.399441906841
591622739.4889339	188444944994.58893	-32108211019.395103	979895929.3697841	7749.642274471612	25233.90594943692	116.04615487809278	3376.9728657689957
592602722.8299066	194359552459.1582	-7182233828.695704	1095514666.297474	4341.2313331540445	25556.44835845589	119.93134297318625	3367.6929353030923
593572790.9051694	196990968687.01813	17582682574.50579	1213839250.2485447	1111.9743966856113	25433.208456413366	124.11879198141854	3353.7397257418315
594562264.8157157	196539189899.3252	42522094490.584236	1339113844.4091735	-1990.0478695745464	24915.378395409767	129.30103187893863	3335.140852902817
595583532.3837599	192969994387.42377	67543097207.03694	1474568447.374626	-4958.423117847625	24030.56413148335	136.31168589659856	3312.0005366060855
596577484.5720197	186706487823.40488	90881027042.18616	1614401893.349467	-7604.1665402102735	22887.675661316156	145.51386201963726	3286.339492855982
597533273.2555406	178314787429.8708	112144949567.0009	1758862563.9739213	-9918.083207268011	21576.371215992356	157.31535482037705	3259.3745683511565
598458263.1859875	168186942951.7717	131453155345.7669	1910963052.3815253	-11946.14742444994	20148.34981476582	172.17164203077846	3231.650473267638
599349794.8083177	156735998608.60886	148757473526.10297	2072234966.687024	-13712.024123804167	18653.728592001637	190.28061896970385	3203.777514806957
600197663.9097121	144456090080.01154	163939508353.95206	2242249839.798647	-15228.949091246277	17145.92309016479	211.43423947999105	3176.4281928252058
600982558.4916648	131995720249.59181	176828946984.92114	2417118829.148816	-16501.045946386985	15688.939601185408	234.77848331946723	3150.43855672154
601499477.4428542	123264165348.12416	184684667882.7985	2542923596.1965017	-17273.676129427065	14702.106500763906	252.2551893118744	3132.9449279306896
601956421.7735776	115222909087.1586	191200290757.17685	2661997406.486438	-17915.8751608376	13813.729866295795	269.14762719565334	3117.192372005867
602592794.2783848	103552792662.70453	199591364621.21503	2841351864.635305	-18749.65482649558	12553.555327804435	294.9810808537219	3094.7124487059864
603333432.1052364	89332387133.74991	208336310989.2834	3071999568.87002	-19636.209026676654	11055.641617059953	328.46810031662665	3067.5498585286687
604134325.5115017	73253665318.65694	216530083453.30914	3350932222.4507184	-20499.816393064022	9399.741774520684	368.7884295344508	3036.596354558217
604970672.7550632	55766132026.91529	223654565974.2554	3678504942.471079	-21302.62590580673	7630.462994661466	415.27513699989055	3001.989547916141
605823784.0900412	37278609332.60742	229378769316.53796	4054528451.82064	-22022.41341541742	5781.378216007626	466.92916348381016	2963.647436278815
