573319221.2273525	-141584065527.568	45684190946.16828	-21033367.71882826	-9932.994316409315	-28939.53050481743	0.9006915533942341	4000.0
573434421.2273525	-142690241133.92596	42336816840.16214	-20922394.75689565	-9270.511939740343	-29172.014096673673	1.0276633336617391	3996.13760369989
573549621.2273525	-143719784424.37198	38963558172.62667	-20796186.078348167	-8602.63769872628	-29388.891967496314	1.1652598232330795	3992.2229260882655
573664821.2273525	-144672096985.45142	35566220561.02721	-20653497.42872049	-7929.766890479204	-29590.029856338955	1.3138314374824676	3988.254997396208
573780021.2273525	-145546626174.20676	32146624456.949696	-20493044.81470415	-7252.298787869993	-29775.30451219415	1.4737176298929935	3984.232984585733
573895221.2273525	-146342865556.4684	28706603869.39213	-20313505.781130053	-6570.63629620085	-29944.603837198174	1.6452466478207317	3980.1561875488155
574010421.2273525	-147060355305.24673	25248005072.25408	-20113520.715457827	-5885.18560390785	-30097.827017719126	1.8287352991899979	3976.0240351201364
574125621.2273525	-147698682558.56363	21772685297.435974	-19891694.17851005	-5196.355827774957	-30234.884643054495	2.0244887301660657	3971.8360809617766
574240821.2273525	-148257481736.12024	18282511414.99041	-19646596.26018417	-4504.558653154535	-30355.69881148498	2.232800213846965	3967.591999369527
574356021.2273525	-148736434814.25528	14779358601.79555	-19376763.95887071	-3810.207969701862	-30460.20322345414	2.453950950011298	3963.291581042589
574471221.2273525	-149135271558.70547	11265109000.245789	-19080702.583302077	-3113.7195031426263	-30548.343261665257	2.688209875954272	3958.934728851283
574586421.2273525	-149453769714.7438	7741650368.477937	-18756887.175553076	-2415.5104436026577	-30620.076057910683	2.9358334884395996	3954.521453631016
574701621.2273525	-149691755154.32816	4210874723.670638	-18403763.953911133	-1715.99907103838	-30675.37054647233	3.1970656767900594	3950.0518700251337
574816821.2273525	-149849101979.95886	674676979.9723146	-18019751.774332058	-1015.6043783144389	-30714.20750395612	3.472137567134909	3945.5261923944363
574932021.2273525	-149925732585.00598	-2865046417.3729596	-17603243.609195087	-314.7456924818549	-30736.579575448344	3.7612673778277017	3940.9447308069234
575047221.2273525	-149921617670.33112	-6406398860.120592	-17152608.04207011	386.1577051844208	-30742.491286906665	4.064660286043334	3936.3078871178104
575162421.2273525	-149836776217.093	-9947484945.752083	-16666190.777208576	1086.6869598252692	-30731.95904372354	4.382508305558448	3931.6161511468695
575277621.2273525	-149671275415.69092	-13486411845.237785	-16142316.162470065	1786.4240237481263	-30705.01111542599	4.714990175714799	3926.8700969576803
575392821.2273525	-149425230550.86813	-17021290668.237968	-15579288.724396363	2484.952036720448	-30661.68760650093	5.062271261560364	3922.070379241353
575508021.2273525	-149098804843.05692	-20550237824.14424	-14975394.714145767	3181.8557052371825	-30602.040413361105	5.4245034651585	3917.217729805653
575623221.2273525	-148692209246.12057	-24071376377.3672	-14328903.663002148	3876.721680194215	-30526.13316749289	5.801825148050732	3912.3129541691596
575738421.2273525	-148205702201.7046	-27582837395.281662	-13638069.946174575	4569.138932401775	-30434.041164852268	6.1943610648541725	3907.356928259059
575853621.2273525	-147639589350.48138	-31082761287.25066	-12901134.353606366	5258.699125375079	-30325.851281601972	6.602222307970041	3902.35059521042
575968821.2273525	-146994223200.63297	-34569299133.161095	-12116325.666515043	5944.99698484407	-30201.661876307127	7.025506263375023	3897.2949622642045
576084021.2273525	-146270002753.9808	-38040613999.91903	-11281862.238388237	6627.630664429894	-30061.58267873288	7.464296577462822	3892.191097760862
576199221.2273525	-145467373090.2379	-41494882244.37086	-10395953.579164807	7306.202106942871	-29905.73466541188	7.918663134898623	3887.040128226093
576314421.2273525	-144586824909.9166	-44930294801.13671	-9456801.941334687	7980.317400764976	-29734.249922174233	8.38866204744466	3881.843235545198
576429621.2273525	-143628894036.48972	-48345058453.86673	-8462603.906696359	8649.587130789358	-29547.271493856402	8.874335653710611	3876.601654222353
576544821.2273525	-142594160878.46243	-51737397088.4568	-7411551.972516168	9313.62672340009	-29344.95322142935	9.375712529778124	3871.316668721171
576660021.2273525	-141483249852.0689	-55105552926.78915	-6301836.135840011	9972.056784987162	-29127.459566808797	9.892807510644088	3865.98961088294
576775221.2273525	-140296828765.36945	-58447787739.59533	-5131645.474714429	10624.50343350465	-28894.965425633316	10.425621722423271	3860.6218574190434
576890421.2273525	-139035608164.57507	-61762384037.072754	-3899169.725081268	11270.598622593949	-28647.655928317003	10.974142625246015	3855.214827474197
577005621.2273525	-137700340643.4832	-65047646235.92278	-2602600.8521177447	11909.980457809113	-28385.72622970481	11.538344066782768	3849.769980257275
577120821.2273525	-136291820116.96172	-68301901801.51703	-1240134.6148018597	12542.293504497178	-28109.38128767856	12.118186346322606	3844.2888127366846
577236021.2273525	-134810881059.46605	-71523502363.9406	190027.87750825522	13167.189086903461	-27818.83563108073	12.713616289328716	3838.7728573974096
577351221.2273525	-133258397709.62482	-74710824806.70293	1689678.6176833855	13784.3255780896	-27514.31311734163	13.324567332389426	3833.2236800570377
577466421.2273525	-131635283241.97424	-77862272326.9534	3260601.1638133405	14393.368680270727	-27196.046680212643	13.950959618479233	3827.6428777382635
577581621.2273525	-129942488906.9693	-80976275466.0863	4904569.1137606725	14993.991695197876	-26864.27806802514	14.592700102440054	3822.0320765955375
577696821.2273525	-128181003140.43571	-84051293109.6681	6623344.5924500525	15585.875784231528	-26519.257572909228	15.249682666588525	3816.3929298937182
577812021.2273525	-126351850643.67229	-87085813455.67139	8418676.753054166	16168.710217773561	-26161.2437514216	15.921788246351436	3810.7271160367477
577927221.2273525	-124456091435.44609	-90078354950.05255	10292300.293225532	16742.192613745843	-25790.503137044256	16.608884965826842	3805.0363366445367
578042421.2273525	-122494819877.16048	-93027467188.76381	12245933.987511627	17306.02916482625	-25407.30994502858	17.31082828316466	3799.3223146764026
578157621.2273525	-120469163672.5054	-95931731785.34563	14281279.23707816	17859.934854174906	-25011.945770069575	18.027461145656375	3793.5867925995494
578272821.2273525	-118380282842.93106	-98789763203.30162	16400018.637852425	18403.63365940679	-24604.69927730531	18.758614154419398	3787.8315306012173
578388021.2273525	-116229368680.31187	-101600209552.51677	18603814.568185374	18936.858744589994	-24185.865887145104	19.504105738557993	3782.0583048432572
578503221.2273525	-114017642678.1912	-104361753349.03636	20894307.7971169	19459.352640072357	-23755.747454437205	20.263742338678338	3776.268905758003
578618421.2273525	-111746355443.01979	-107073112237.5843	23273116.11431498	19970.86740996345	-23314.651942493292	21.037318599631973	3770.4651363844296
578733621.2273525	-109416785586.81834	-109733039676.25725	25741832.982744068	20471.164807122284	-22862.893092491668	21.824617572357365	3764.6488107436808
578848821.2273525	-107030238602.71173	-112340325582.89366	28302026.21510332	20960.01641552584	-22400.790088785525	22.625410924686324	3758.8217522531404
578964021.2273525	-104588045724.79393	-114893796942.67542	30955236.675059628	21437.203779917083	-21928.667220644395	23.439459160977687	3752.9857921783114
579079221.2273525	-102091562773.79364	-117392318376.58223	33702977.00428401	21902.51852265561	-21446.853540959128	24.266511850437336	3747.1427681218383
579194421.2273525	-99542168990.01935	-119834792670.37932	36546730.37628388	22355.762447717854	-20955.68252244065	25.106307863979765	3741.294522549075
579309621.2273525	-96941265855.06479	-122220161263.88031	39487949.2780068	22796.747631817852	-20455.491711841678	25.958575619483202	3735.4429013496597
579424821.2273525	-94290275903.75938	-124547404700.28822	42528054.32017372	23225.29650264279	-19946.622382728696	26.823033335286222	3729.589752434619
579540021.2273525	-91590641527.84717	-126815543035.47638	45668433.077282295	23641.24190422149	-19429.419187328353	27.69938929177086	3723.736924368559
579655221.2273525	-88843823772.87596	-129023636207.13547	48910438.9582028	24044.42714946665	-18904.229807968197	28.58734210087352	3717.88626503655
579770421.2273525	-86051301129.76738	-131170784363.76599	52255390.108270556	24434.706059954264	-18371.404608625555	29.486580983361602	3712.039620345347
579885621.2273525	-83214568322.53716	-133256128153.56126	55704568.343760036	24811.942993026147	-17831.29628709318	30.396786053710567	3706.1988329586075
580000821.2273525	-80335135093.61768	-135278848973.27876	59259218.11960654	25176.01285632309	-17284.259528261762	31.317628612413028	3700.365741065807
580116021.2273525	-77414524988.22414	-137238169177.25784	62920545.53122166	25526.801109877095	-16730.650659011255	32.24877144554781	3694.5421771845618
580231221.2273525	-74454274139.18913	-139133352246.79642	66689717.35122884	25864.20375591238	-16170.827305194025	33.18986913143436	3688.729966996089
580346421.2273525	-71455930053.6728	-140963702920.15622	70567860.10192543	26188.12731652399	-15605.148051181917	34.1405683541944	3682.9309282135478
580461621.2273525	-68421050403.13281	-142728567283.51675	74556059.16425583	26498.488799422987	-15033.972102438434	35.10050822403986	3677.146869483009
580576821.2273525	-65351201817.91846	-144427332823.25394	78655357.92406064	26795.215651955143	-14457.658951565392	36.06932060410317	3671.3795893168094
580692021.2273525	-62247958687.826675	-146059428439.9686	82866756.95634456	27078.245703618348	-13876.568048260406	37.046630443623116	3665.6308750590497
580807221.2273525	-59112901969.93049	-147624324424.7391	87191213.24828401	27347.527097320708	-13291.058473608156	38.03205611729639	3659.902501882992
580922421.2273525	-55947618004.96312	-149121532398.1226	91629639.46167454	27603.018209637958	-12701.488619114296	39.02520977060269	3654.196231820114
581037621.2273525	-52753697343.509	-150550605212.47192	96182903.23549378	27844.68756034386	-12108.21587087593	40.025697670908094	3648.513812820567
581152821.2273525	-49532733583.220795	-151911136818.18436	100851826.52923526	28072.51371150212	-11511.596299267283	41.03312056414878	3642.856977844786
581268021.2273525	-46286322218.247894	-153202762094.53632	105637185.00764394	28286.485156422048	-10911.984354503144	42.047074036895054	3637.2274439859793
581383221.2273525	-43016059502.02612	-154425156645.80243	110539707.46746133	28486.600198792865	-10309.732568426487	43.067148883592516	3631.626911623234
581498421.2273525	-39723541324.541275	-155578036563.39572	115560075.30676599	28672.866822323656	-9705.191262849488	44.092931478775355	3626.0570636049406
581613621.2273525	-36410362105.140396	-156661158154.79987	120698922.03746837	28845.30255122681	-9098.708264760191	45.12400415404377	3620.5195644622468
581728821.2273525	-33078113701.926834	-157674317640.1043	125956832.84149875	29003.934301893056	-8490.628628689577	46.15994557959592	3615.016059652224
581844021.2273525	-29728384338.732037	-158617350816.98083	131334344.17119925	29148.798226115083	-7881.294366515545	47.2003311501019	3609.548174830426
581959221.2273525	-26362757550.61739	-159490132694.9751	136831943.39440846	29279.939546225116	-7271.044184962768	48.24473337470545	3604.117515152495
582074421.2273525	-22982811148.816456	-160292577100.0128	142450068.4847019	29397.41238251914	-6660.213231038884	49.29272227093705	3598.725664604466
582189621.2273525	-19590116205.983692	-161024636250.04785	148189107.7572257	29501.279573346495	-6049.132845628992	50.34386576231979	3593.3741853613938
582304821.2273525	-16186236062.5727	-161686300302.80463	154049399.6505367	29591.612488249364	-5438.130325452302	51.39773007944754	3588.064617173916
582420021.2273525	-12772725355.12333	-162277596876.5882	160031232.5548363	29668.490834540942	-4827.528693566094	52.45388016431345	3582.7984767823564
582535221.2273525	-9351129067.189215	-162798590545.15717	166134844.68695956	29732.002457714487	-4217.646478583664	53.51188007766404	3577.577257357939
582650421.2273525	-5922981603.595059	-163249382307.67123	172360424.01245442	29782.243136078632	-3608.7975027547354	54.571293409153746	3572.4024279706828
582765621.2273525	-2489805888.665086	-163630109034.74252	178708108.2150611	29819.316370015524	-3001.2906790381307	55.631683690071796	3567.275433083528
582880821.2273525	946887510.9797714	-163940942891.63358	185177984.71387577	29843.33316625989	-2395.4298172790022	56.69261480841298	3562.1976920722122
582996021.2273525	4385601238.506573	-164182090739.65533	191770090.7284531	29854.411817596712	-1791.5134395841546	57.753651426060955	3557.1705987704267
583111221.2273525	7824851973.331487	-164353793516.83005	198484413.3920797	29852.677678374774	-1189.834604971841	58.81435939785283	3552.195521039736
583226421.2273525	11263171231.497225	-164456325598.89114	205320889.9134204	29838.262936231728	-590.6807433549031	59.87430619229124	3547.273800363747
583341621.2273525	14699106139.554916	-164489994141.69775	212279407.78671506	29811.306380424045	5.666501101465201	60.93306131366926	3542.4067514659905
583456821.2273525	18131220181.579926	-164455138406.14493	219359805.05067286	29771.95316715202	598.9314172223076	61.9901967253726	3537.5956619509593
583572021.2273525	21558093918.999306	-164352129066.6536	226561870.5961889	29720.354582266482	1188.8443646577948	63.04528727412179	3532.84179196773
583687221.2273525	24978325682.949963	-164181367504.32352	233885344.52297553	29656.667801739197	1775.1419023180415	64.09791111491666	3528.1463738955795
583802421.2273525	28390532238.933037	-163943285085.83087	241329918.54517576	29581.055650273724	2357.5669074314533	65.14765013644379	3523.5106120509886
583917621.2273525	31793349423.570213	-163638342429.14865	248895236.4459998	29493.686358428273	2935.8686852650503	66.1940903867077	3518.935682415401
584032821.2273525	35185432753.31301	-163267028657.16293	256580894.58139515	29394.733318614744	3509.8030695602833	67.23682249864413	3514.4227323830933
584148021.2273525	38565458004.99526	-162829860640.25015	264386442.4327348	29284.374840332483	4079.1325137518634	68.27544211547524	3509.9728805284817
584263221.2273525	41932121768.16167	-162327382228.873	272311383.20847946	29162.793904986476	4643.626173050901	69.30955031556375	3505.5872163921786
584378421.2273525	45284141969.14359	-161760163477.24243	280355174.494743	29030.17792063296	5203.059977486784	70.33875403652361	3501.266800285073
584493621.2273525	48620258366.89361	-161128799859.08096	288517228.9546612	28886.718476986047	5757.216696014967	71.36266649834482	3497.012663109696
584608821.2273525	51939233020.62764	-160433911476.50916	296796915.07643473	28732.611101010658	6305.885991809764	72.38090762528776	3492.825806198094
584724021.2273525	55239850729.35985	-159676142263.06445	305193557.9698939	28568.05501341762	6848.864468872797	73.39310446630442	3488.707201165396
584839221.2273525	58520919443.45333	-158856159181.84396	313706440.2113966	28393.252886367	7385.955710098755	74.39889161374136	3484.65778977823
584954421.2273525	61781270648.341125	-157974651419.7468	322334802.7368528	28208.41060267613	7916.970306950148	75.39791162008129	3480.6784838370995
585069621.2273525	65019759720.609344	-157032329578.77396	331077845.7826318	28013.737016818053	8441.725880902879	76.38981541247793	3476.770165071768
585184821.2273525	68235266256.66293	-156029924865.3227	339934729.8740841	27809.443717986178	8960.047096833168	77.37426270484077	3472.9336850486607
585300021.2273525	71426694374.22894	-154968188278.39517	348904576.8613848	27595.744795489492	9471.765668525157	78.35092240722491	3469.169865089205
585415221.2273525	74592972986.97925	-153847889797.6169	357986471.0023693	27372.856606732345	9976.720356486285	79.31947303228226	3465.4794961979683
585530421.2273525	77733056052.5854	-152669817571.9413	367179460.0920139	27140.99754802131	10474.756958264905	80.27960309853023	3461.863338999345
585645621.2273525	80845922794.54454	-151434777109.89096	376482556.6381751	26900.387828430456	10965.72829147139	81.23101153019432	3458.322123681437
585760821.2273525	83930577898.1408	-150143590472.1663	385894739.08318394	26651.249246945194	11449.49416970978	82.17340805338202	3454.856549945639
585876021.2273525	86986051680.93344	-148797095467.42432	395414953.07085603	26393.80497309296	11925.921371633065	83.10651358834475	3451.4672869602837
585991221.2273525	90011400238.18326	-147396144852.00787	405042112.7584522	26128.279331258116	12394.883603339678	84.03006063758656	3448.154973316503
586106421.2273525	93005705563.65361	-145941605534.38037	414775102.1730999	25854.89758886649	12856.2614543333	84.94379366957793	3444.920216984235
586221621.2273525	95968075646.2415	-144434357784.99313	424612776.612153	25573.88574861354	13309.942347272072	85.84746949783413	3441.763595266029
586336821.2273525	98897644542.9143	-142875294452.28864	434553964.0869429	25285.470344898877	13755.820481736195	86.7408576551184	3438.6856547459483
586452021.2273525	101793572428.44476	-141265320185.51532	444597466.8093455	24989.87824461838	14193.796772245973	87.62374076253134	3435.6869112304726
586567221.2273525	104655045622.45598	-139605350665.00238	454742062.7205616	24687.336452453495	14623.778780764296	88.4959148932481	3432.767849677767
586682421.2273525	107481276594.29996	-137896311840.51712	464986507.06148064	24378.07192078675	15045.680643919299	89.35718993066742	3429.928924111073
586797621.2273525	110271503946.31143	-136139139178.2982	475329533.9839683	24062.311364360696	15459.42299518422	90.20738992073582	3427.170557511174
586912821.2273525	113024992375.98807	-134334776917.3338	485769858.2023969	23740.2810797872	15864.932882251887	91.04635341821391	3424.493141681929
587028021.2273525	115741032617.66292	-132484177335.42274	496306176.6847047	23412.206770002587	16262.143679841809	91.87393382665016	3421.8970370816187
587143221.2273525	118418941364.24234	-130588300025.53253	506937170.3822465	23078.31337375418	16650.99499817738	92.68999973183188	3419.3825726113187
587258421.2273525	121058061169.59511	-128648111182.9387	517661505.9976723	22738.82490019283	17031.43258737003	93.49443522848205	3416.9500453495343
587373621.2273525	123657760332.1827	-126664582903.6031	528477837.7900382	22393.964268636242	17403.40823794635	94.28714023997439	3414.599720219818
587488821.2273525	126217432760.53207	-124638692494.22302	539384809.41634	22043.953153557715	17766.87967775221	95.06803083083861	3412.331829574854
587604021.2273525	128736497821.15341	-122571421794.35414	550381055.8086171	21689.01183484534	18121.81046546664	95.8370395118314	3410.1465726762717
587719221.2273525	131214400169.51338	-120463756510.98483	561465205.0857645	21329.35905336714	18468.169880955433	96.59411553734921	3408.0441150439565
587834421.2273525	133650609564.67667	-118316685565.91301	572635880.4991534	20965.211871868567	18805.93281269229	97.33922519496105	3406.0245876413337
587949621.2273525	136044620668.23045	-116131200456.25009	583891702.4111426	20596.785541219804	19135.079642472152	98.07235208684241	3404.088085853405
588064821.2273525	138395952828.10947	-113908294628.35123	595231290.3055323	20224.293372021588	19455.59612763826	98.79349740289153	3402.2346682012453
588180021.2273525	140704149847.93866	-111648962865.44568	606653264.8289937	19847.946611570198	19767.47328104098	99.50268018531355	3400.464354718868
588295221.2273525	142968779742.5109	-109354200689.21675	618156249.8624766	19467.954326173956	20070.707248942617	100.1999375844586	3398.7771248938516
588410421.2273525	145189434480.01456	-107025003775.55458	629738874.6215739	19084.523288806005	20365.29918707856	100.88532510570293	3397.172915038923
588525621.2273525	147365729711.6253	-104662367384.68332	641399775.7848024	18697.85787207064	20651.25513508056	101.55891684716443	3395.6516149133336
588640821.2273525	149497304489.0724	-102267285805.83948	653137599.6487305	18308.159946453434	20928.585889463866	102.22080572804609	3394.213063343515
588756021.2273525	151583820970.78583	-99840751816.65529	664951004.3088598	17915.628783818567	21197.30687537489	102.8711037074039	3392.8570424914355
588871221.2273525	153624964117.2265	-97383756157.37903	676838661.8651518	17520.46096611024	21457.438017291566	103.50994199313783	3391.5832702693738
588986421.2273525	155620441375.9965	-94897287020.04155	688799260.6510504	17122.850299208967	21709.003608863364	104.13747124100685	3390.391390173954
589101621.2273525	157569982357.31955	-92382329552.65862	700831507.4848554	16722.987731887762	21952.032182072773	104.75386174347332	3389.2809574649464
589216821.2273525	159473338500.47668	-89839865378.53621	712934129.9422498	16321.061279807485	22186.556375894954	105.35930360818239	3388.251420069036
589332021.2273525	161330282731.77234	-87270872130.72665	725105878.6487825	15917.255954485703	22412.612804626726	105.95400692588733	3387.302091713971
589447221.2273525	163140609114.6019	-84676323001.6646	737345529.5910826	15511.753697168275	22630.241926050607	106.53820192763268	3386.4321133634535
589562421.2273525	164904132492.17908	-82057186307.99213	749651886.4455479	15104.73331752847	22839.487909594154	107.11213913101183	3385.640396616359
589677621.2273525	166620688123.47644	-79414425070.56502	762023782.9232516	14696.370437114016	23040.39850463903	107.67608947531747	3384.925538615967
589792821.2273525	168290131312.91992	-76748996609.61351	774460085.1297618	14286.837437458618	23233.024909128857	108.23034444540683	3384.2856908711215
589908021.2273525	169912337034.37076	-74061852155.01591	786959693.9385802	13876.303412770752	23417.421638618835	108.7752161841078	3383.718352013231
590023221.2273525	171487199549.9162	-71353936471.62462	799521547.3768483	13464.934127109047	23593.6463959047	109.31103759299256	3383.2200338724747
590138421.2273525	173014632023.98105	-68626187499.57321	812144623.0220101	13052.891975950992	23761.759941362554	109.83816242135488	3382.78572047739
590253621.2273525	174494566133.2599	-65879536009.47076	824827940.4080062	12640.335952057885	23921.82596412571	110.35696534322045	3382.408017844978
590368821.2273525	175926951672.96033	-63114905272.384285	837570563.4396619	12227.42161553763	24073.910954218507	110.86784202223426	3382.075969030988
590484021.2273525	177311756159.83356	-60333210744.49044	850371602.8138443	11814.301068003766	24218.08407576178	111.37120916426593	3381.7739312295967
590599221.2273525	178648964432.4601	-57535359766.26659	863230218.4459542	11401.122930727604	24354.417041358647	111.86750455757745	3381.481793620454
590714421.2273525	179938578249.24277	-54722251276.08002	876145621.9003325	10988.032326678443	24482.983987763877	112.35718710040604	3381.1778356286677
590829621.2273525	181180615884.54984	-51894775538.02127	889117078.8231059	10575.17086634535	24603.861352934386	112.84073681581343	3380.8428999675616
590944821.2273525	182375111723.4375	-49053813883.81715	902143911.3760046	10162.676637232751	24717.12775455296	113.31865485366006	3380.4627271584413
591060021.2273525	183522115855.3687	-46200238468.648895	915225500.6696583	9750.684196921049	24822.86387011181	113.79146347956555	3380.0277419238196
591175221.2273525	184621693667.33276	-43334912040.69112	928361289.1948681	9339.324569582666	24921.15231863717	114.2597060507202	3379.531795820188
591290421.2273525	185673925436.75677	-40458687724.17738	941550783.2503234	8928.725245843305	25012.077544130967	114.72394697841754	3378.970994313372
591405621.2273525	186678905924.58902	-37572408815.791405	954793555.3652318	8519.010185877885	25095.72570080034	115.18477167718054	3378.3428866474846
591520821.2273525	187636743968.91998	-34676908594.17362	968089246.7153167	8110.299825630413	25172.1845401405	115.64278650035993	3377.645956922287
591636021.2273525	188547562079.49426	-31773010142.325855	981437569.5306019	7702.711086046971	25241.543299931873	116.09861866208536	3376.879310726906
591751221.2273525	189411496033.45447	-28861526182.69081	994838309.4934194	7296.357385211348	25303.892595207086	116.55291614545624	3376.0424801679214
591866421.2273525	190228694472.64508	-25943258924.676193	1008291328.1250428	6891.348653273051	25359.324311238885	117.00634759686231	3375.135299806545
591981621.2273525	190999318502.79156	-23018999924.3878	1021796565.1593376	6487.791350058027	25407.931498595357	117.4596022063281	3374.157825593817
592096821.2273525	191723541294.85748	-20089529956.331345	1035354040.9018221	6085.788485253135	25449.808270304213	117.91338957378119	3373.110280442799
592212021.2273525	192401547688.87012	-17155618896.837595	1048963858.5725075	5685.439641056134	25485.049701163545	118.3684395611474	3371.993016707686
592327221.2273525	193033533800.49197	-14218025618.961605	1062626206.6308736	5286.8409971840465	25513.7517292322	118.82550213018081	3370.8064896592427
592442421.2273525	193619706630.60403	-11277497898.603361	1076341361.0813391	4890.085358133753	25536.011059528646	119.28534716594164	3369.551238281196
592557621.2273525	194160283678.15427	-8334772331.593903	1090109687.757571	4495.262182589957	25551.925069963294	119.74876428583946	3368.2278710479427
592672821.2273525	194655492556.51248	-5390574261.488309	1103931644.5839489	4102.457614876955	25561.591719525302	120.21656263416259	3366.8370551603057
592788021.2273525	195105570613.5615	-2445617717.80492	1117807783.812532	3711.75451835215	25565.109458741088	120.6895706620222	3365.3795082263487
592903221.2273525	195510764555.74185	499394635.5518131	1131738754.233825	3323.2325106407147	25562.57714241818	121.16863589264084	3363.8559917001594
593018421.2273525	195871330076.25714	3443771541.9487085	1145725303.3596592	2936.9680006125086	25554.093944684595	121.65462467192285	3362.2673056040026
593133621.2273525	196187531487.6349	6386833184.026323	1159768279.5764906	2553.034227004065	25539.759276330395	122.14842190424702	3360.614284200428
593248821.2273525	196459641358.8263	9327911206.311974	1173868634.2674048	2171.5012985902445	25519.672704455137	122.6509307734282	3358.897792376442
593364021.2273525	196687940157.0191	12266348728.708977	1188027423.9011207	1792.436235812032	25493.93387442153	123.16307244879869	3357.118722567558
593479221.2273525	196872715894.3254	15201500351.127718	1202245812.0862796	1415.9030137689258	25462.642434112902	123.6857857763647	3355.2779920954335
593594421.2273525	197014263779.4958	18132732149.52359	1216525071.5892868	1041.9626064862932	25425.897960489077	124.22002695500038	3353.376540825322
593709621.2273525	197112885874.80325	21059421663.60626	1230866586.3139937	670.6730323701863	25383.79988843277	124.76676919764395	3351.4153290729328
593824821.2273525	197168890758.22714	23980957876.483345	1245271853.2414787	302.0894007641714	25336.44744187584	125.32700237746785	3349.395335707255
593940021.2273525	197182593191.06018	26896741186.500725	1259742484.3282075	-63.736040475168465	25283.93956719238	125.90173265899995	3347.3175564084017
594055221.2273525	197154313791.05093	29806183371.539448	1274280208.3608239	-426.7538564651677	25226.374868843533	126.49198211417568	3345.1830020488005
594170421.2273525	197084378711.18518	32708707546.027786	1288886872.7658434	-786.9173759254127	25163.851547256323	127.09878832330918	3342.992697173037
594285621.2273525	196973119324.20044	35603748110.924774	1303564445.3725111	-1144.182641024223	25096.46733891714	127.72320396097523	3340.7476785569193
594400821.2273525	196820871912.91998	38490750696.929054	1318315016.1270843	-1498.508356517746	25024.319458658392	128.36629636679868	3338.4489938303864
594516021.2273525	196627977366.4831	41369172101.16419	1333140798.7567964	-1849.8558382539245	24947.504544115025	129.02914710115428	3336.0977001519727
594631221.2273525	196394780882.54095	44238480217.589455	1348044132.3817744	-2198.1889611113047	24866.118602325943	129.71285148578485	3333.6948629249646
594746421.2273525	196121631675.47925	47098153961.38108	1363027483.0731637	-2543.474106440427	24780.256958453894	130.41851812935113	3331.2415545472686
594861621.2273525	195808882690.72086	49947683187.52697	1378093445.355728	-2885.680109073216	24690.014206595668	131.14726843793127	3328.738853188487
594976821.2273525	195456890325.15533	52786568603.87358	1393244743.653199	-3224.7782039635863	24595.484162653353	131.9002361104952	3326.187841588878
595092021.2273525	195066014153.73306	55614321678.86098	1408484233.674636	-3560.741972520195	24496.75981923597	132.67856661938242	3323.5896058758017
595207221.2273525	194636616662.25742	58430464544.17769	1423814903.7400706	-3893.5472886899815	24393.93330255971	133.48341667581806	3320.945234394008
595322421.2273525	194169062986.39935	61234529892.56447	1439239876.0437307	-4223.172264849054	24287.09583131403	134.3159536805087	3318.2558165467176
595437621.2273525	193663720656.95407	64026060870.99075	1454762407.8531065	-4549.5971975550565	24176.337677459735	135.1773551593628	3315.522441644931
595552821.2273525	193120959351.35214	66804610969.42457	1470385892.6421552	-4872.8045132131065	24061.748128924482	136.0688081843875	3312.7461977627945
595668021.2273525	192541150651.4328	69569743905.41286	1486113861.1569507	-5192.778713705235	23943.415454160306	136.99150877981913	3309.928170597173
595783221.2273525	191924667807.48047	72321033504.68428	1501949982.4120672	-5509.506322030961	23821.426868527007	137.94666131354953	3307.0694423298396
595898421.2273525	191271885508.5207	75058063577.9826	1517898064.6160095	-5822.975828004684	23695.86850246491	138.93547787391617	3304.1710904909096
596013621.2273525	190583179658.866	77780427794.335	1533962056.0240123	-6133.177634053394	23566.82537141964	139.95917763193032	3301.2341868223293
596128821.2273525	189858927160.8987	80487729550.95499	1550146045.7165365	-6440.104001156158	23434.381347481398	141.01898618902214	3298.2597961403685
596244021.2273525	189099505704.0709	83179581839.97475	1566454264.3017862	-6743.748994964837	23298.61913270075	142.11613491038707	3295.2489751962103
596359221.2273525	188305293560.09933	85855607112.19847	1582891084.5406134	-7044.108432143476	23159.620234042744	143.2518602440251	3292.202771533823
596474421.2273525	187476669384.32745	88515437138.0629	1599461021.8921478	-7341.179826961881	23017.464939940783	144.42740302556783	3289.1222223444106
596589621.2273525	186614012023.22403	91158712865.98691	1616168734.9785323	-7634.962338176918	22872.232298411778	145.64400776899544	3286.008353316803
596704821.2273525	185717700327.9825	93785084278.28853	1633019025.967145	-7925.4567162333515	22724.000096693853	146.90292194335163	3282.862177483251
596820021.2273525	184788112974.18338	96394210244.84143	1650016840.868688	-8212.665250813969	22572.84484236791	148.2053952355675	3279.6846940601336
596935221.2273525	183825628287.47665	98985758374.64082	1667167269.7495708	-8496.591718767188	22418.84174592442	149.55267879951512	3276.476887283182
597050421.2273525	182830624075.2411	101559404865.44218	1684475546.8569884	-8777.241332438414	22262.06470473686	150.94602449141348	3273.239725236871
597165621.2273525	181803477464.17014	104114834351.63274	1701947050.655143	-9054.62068842982	22102.58628840346	152.38668409171714	3269.9741586777172
597280821.2273525	180744564743.73544	106651739750.49155	1719587303.7710521	-9328.737716811476	21940.47772541902	153.875908513623	3266.6811198512814
597396021.2273525	179654261215.47467	109169822106.98904	1737401972.8484173	-9599.601630805206	21775.808891138793	155.41494699833555	3263.36152130276
597511221.2273525	178532941048.04648	111668790437.27214	1755396868.3080237	-9867.222876960932	21608.648296996907	157.00504629723855	3260.016254681125
597626421.2273525	177380977137.99683	114148361570.97841	1773577944.0131888	-10131.613085843775	21439.06308094196	158.64744984112383	3256.6461895368648
597741621.2273525	176198740976.17572	116608259992.5163	1791951296.8387606	-10392.785023248633	21267.118999052775	160.34339689663594	3253.2521721134776
597856821.2273525	174986602519.7424	119048217681.44594	1810523166.1422133	-10650.7525419576	21092.880418297944	162.09412171009637	3249.835024132968
597972021.2273525	173744930069.69708	121467973952.08997	1829299933.135393	-10905.530534054116	20916.41031040296	163.90085263887445	3246.3955415757196
598087221.2273525	172474090153.87238	123867275292.49977	1848288120.1554823	-11157.1348838065	20737.770246789492	165.76481127048166	3242.9344934552423
598202421.2273525	171174447415.3199	126245875202.89919	1867494389.8338006	-11405.582421132067	20557.0203945516	167.68721152956857	3239.4526205884335
598317621.2273525	169846364506.02356	128603534033.72191	1886925544.1610188	-11650.890875651909	20374.219513434553	169.66925877300838	3235.9506343621388
598432821.2273525	168490201985.87173	130940018823.35835	1906588523.4474795	-11893.078831345149	20189.424953782083	171.7121488732613	3232.4292154969735
598548021.2273525	167106318226.81754	133255103135.71877	1926490405.1772306	-12132.165681810311	20002.692655419007	173.81706729021332	3228.889012809537
598663221.2273525	165695069322.15833	135548566897.72087	1946638402.7544928	-12368.171586140325	19814.077147436292	175.98518813169272	3225.330641974351
598778421.2273525	164256809000.8631	137820196236.8027	1967039864.1412544	-12601.117425416574	19623.63154884657	178.21767320287185	3221.7546842870624
598893621.2273525	162791888546.8748	140069783318.5598	1987702270.3847249	-12831.024759826563	19431.40757007872	180.51567104476638	3218.161685430673
599008821.2273525	161300656723.3176	142297126184.60175	2008633234.0334117	-13057.915786408379	19237.45551528074	182.88031596205118	3214.5521542467955
599124021.2273525	159783459701.53543	144502028590.71814	2029840497.440588	-13281.813297424631	19041.824285400937	185.3127270404149	3210.9265615141953
599239221.2273525	158240640994.8893	146684299845.4439	2051331930.953973	-13502.740639367315	18844.56138201808	187.8140071536838	3207.2853387371347
599354421.2273525	156672541397.24127	148843754649.10742	2073115530.9904613	-13720.721672594394	18645.712911891926	190.3852419609486	3203.6288769463185
599469621.2273525	155079498926.0518	150980212933.44254	2095199417.994743	-13935.780731597817	18445.323592206336	193.02749889393203	3199.95752551553
599584821.2273525	153461848770.01733	153093499701.84338	2117591834.2807262	-14147.942585902307	18243.43675647777	195.74182613484538	3196.271590997338
599700021.2273525	151819923241.17703	155183444870.33762	2140301141.7546768	-14357.232401593035	18040.0943611029	198.5292515849806	3192.5713359815672
599815221.2273525	150154051731.41473	157249883109.34848	2163335819.5190115	-14563.675703469946	17835.336992519722	201.39078182429452	3188.8569779805216
599930421.2273525	148464560673.28506	159292653686.31622	2186704461.3557262	-14767.298337825692	17629.2038749574	204.32740106224543	3185.128688345262
600045621.2273525	146751773505.09134	161311600309.24585	2210415773.0884824	-14968.126435843555	17421.732878750707	207.34007008014754	3181.386591217543
600160821.2273525	145016010640.1454	163306570971.24298	2234478569.822363	-15166.18637761097	17212.960529195916	210.42972516531202	3177.630762522297
600276021.2273525	143257589440.13705	165277417796.10092	2258901773.060392	-15361.504756744083	17002.92201592564	213.5972770372527	3173.8612290058454
600391221.2273525	141476824192.54388	167223996884.99567	2283694407.695898	-15554.108345617795	16791.65120278085	216.8436097662342	3170.0779673252614
600506421.2273525	139674026092.01273	169146168164.34683	2308865598.879882	-15744.024061195598	16579.18063815929	220.16957968444876	3166.2809031945567
600621621.2273525	137849503225.64212	171043795234.89636	2334424568.762528	-15931.278931453005	16365.541565820102	223.57601429011288	3162.4699105935492
600736821.2273525	136003560562.09996	172916745222.05765	2360380633.1080823	-16115.900062387702	16150.763936125328	227.06371114477614	3158.644811045443
600852021.2273525	134136499944.50769	174764888627.5837	2386743197.782316	-16297.914605609529	15934.876417699772	230.63343676414456	3154.805372969256
600967221.2273525	132248620087.02466	176588099182.60236	2413521755.111864	-16477.349726502885	15717.906409491443	234.2859255027217	3150.951311113302
601082421.2273525	130340216575.06854	178386253702.062	2440725880.1147175	-16654.232572953646	15499.880053215573	238.02187843257562	3147.082286075921
601197621.2273525	128411581869.10541	180159231940.6335	2468365226.601246	-16828.590244632753	15280.822246166006	241.84196221654747	3143.197903919599
601312821.2273525	126463005311.94707	181906916450.1077	2496449523.1450925	-17000.449762828106	15060.756654378521	245.7468079762191	3139.297715884465
601428021.2273525	124494773139.4926	183629192438.32828	2524988568.923376	-17169.838040816172	14839.705726131433	249.73701015496042	3135.3812182069423
601543221.2273525	122507168494.8523	185325947629.70004	2553992229.4256573	-17336.78185476471	14617.690705769459	253.8131253763878	3131.447852049017
601658421.2273525	120500471445.79335	186997072127.30682	2583470432.031138	-17501.30781515767	14394.731647837794	257.9756712985616	3127.4970035432093
601773621.2273525	118474959005.44803	188642458276.6747	2613433161.4536433	-17663.442338733108	14170.84743151389	262.22512546425986	3123.528003957837
601888821.2273525	116430905156.22537	190262000531.21515	2643890455.053945	-17823.21162092512	13946.055775325305	266.5619241476691	3119.5401299866053
602004021.2273525	114368580876.86885	191855595319.37866	2674852398.019027	-17980.641608800364	13720.373252142654	270.98646119783524	3115.532604165888
602119221.2273525	112288254172.60384	193423140913.5521	2706329118.4079604	-18135.75797448	13493.815304437356	275.4990868792245	3111.504595422331
602234421.2273525	110190190108.31927	194964537300.72717	2738330782.064041	-18288.586089037475	13266.396259794843	280.1001067097459	3107.455219752584
602349621.2273525	108074650844.72978	196479686054.97144	2770867587.3929605	-18439.15099686289	13038.129346674197	284.7897802965913	3103.3835410360803
602464821.2273525	105941895677.46373	197968490211.72794	2803949760.0067396	-18587.47739048453	12809.02671040625	289.56832017025664	3099.288571980828
602580021.2273525	103792181079.02654	199430854143.9718	2837587547.233266	-18733.589585838152	12579.099429422638	294.43589061710395	3095.1692752011804
602695221.2273525	101625760743.5879	200866683440.24832	2871791212.4912634	-18877.511497974632	12348.357531709134	299.39260651083646	3091.0245644255197
602810421.2273525	99442885634.54192	202275884784.62073	2906571029.5306225	-19019.266617196943	12116.810011477017	304.4385321432573	3086.8533058307294
602925621.2273525	97243804034.79248	203658365838.54913	2941937276.537988	-19158.87798561704	11884.464846047213	309.5736800546851	3082.6543194992864
603040821.2273525	95028761599.71562	205014035124.7277	2977900230.1076274	-19296.368174123727	11651.329012942304	314.7980098644098	3078.426380993756
603156021.2273525	92798001412.75142	206342801912.90192	3014470159.077576	-19431.759259752722	11417.408507182214	320.11142710156764	3074.1682230424694
603271221.2273525	90551764043.58063	207644576107.69034	3051657318.231148	-19565.07280344986	11182.70835878015	325.51378203682293	3069.878537329218
603386421.2273525	88290287608.84055	208919268138.43286	3089471941.8639216	-19696.329828219154	10947.232650435715	331.00486851524596	3065.5559763789033
603501621.2273525	86013807835.33644	210166788851.0889	3127924237.2163615	-19825.55079764717	10710.984535422964	336.5844227907795	3061.1991555302916
603616821.2273525	83722558125.70592	211387049402.20718	3167024377.7722735	-19952.75559479555	10473.966255671523	342.2521223626871	3056.8066549863242
603732021.2273525	81416769626.49323	212579961154.98938	3206782496.423363	-20077.963501453887	10236.17916003968	348.0075848143886	3052.377021931844
603847221.2273525	79096671298.59485	213745435577.4699	3247208678.5001717	-20201.19317774498	9997.623722778826	353.8503666550761	3047.908772708143
603962421.2273525	76762489990.03279	214883384142.83453	3288312954.6697636	-20322.462642075465	9758.299562188939	359.77996216452186	3043.4003950334036
604077621.2273525	74414450511.01932	215993718231.8976	3330105293.7005186	-20441.789251424314	9518.205459465855	365.7958022414835	3038.8503502579115
604192821.2273525	72052775711.27274	217076349037.76337	3372595595.0945067	-20559.189681962584	9277.339377741006	371.89725325611465	3034.2570756428527
604308021.2273525	69677686559.54718	218131187472.69046	3415793681.587894	-20674.679909997896	9035.69848131524	378.0836159067977	3029.6189866515965
604423221.2273525	67289402225.339325	219158144077.18417	3459709291.5199466	-20788.275193237438	8793.27915508854	384.3541240818116	3024.934479242563
604538421.2273525	64888140162.73493	220157128931.3376	3504352071.071179	-20899.9900523638	8550.077024188144	390.7079437262543	3020.2019321531093
604653621.2273525	62474116196.36097	221128051568.44662	3549731566.3713126	-21009.838252918034	8306.08697379785	397.1441717146389	3015.419709164312
604768821.2273525	60047544609.40677	222070820890.92014	3595857215.4776936	-21117.83278748509	8061.303169191826	403.66183472958664	3010.5861613370803
604884021.2273525	57608638233.68019	222985345088.51056	3642738340.224912	-21223.98585817691	7815.719075976636	410.2598881470434	3005.699629210661
604999221.2273525	55157608541.6655	223871531558.88773	3690384137.94639	-21328.308859408877	7569.327480545671	416.93721492844173	3000.758444955315
605114421.2273525	52694665740.54749	224729286830.5828	3738803673.0687737	-21430.8123609661	7322.120510750382	423.6926245202452	2995.760934471725
605229621.2273525	50220018868.17096	225558516488.32523	3788005868.5799947	-21531.506091355914	7074.089656793321	430.5248517612972	2990.7054194305
