573319221.2273525	585162266.5067643	148771950837.92908	207055437776.99594	0.0002449500569230677
573319222.2273525	585162118.9996196	148771951404.39798	207055420647.07855	0.00024495008732894986
573319226.2273525	585161528.9745615	148771953670.27533	207055352127.40845	0.0002449502089525367
573319242.2273525	585159168.9334854	148771962733.8171	207055078048.717	0.00024495069544791954
573319306.2273525	585149729.7114083	148771998988.4976	207053981733.77588	0.0002449526414458926
573319562.2273525	585111987.9040247	148772144015.4339	207049596471.2081	0.00024496042570089187
573320586.2273525	584961262.2202666	148772724254.6059	207032055376.13083	0.0002449915669289071
573324682.2273525	584362240.4792423	148775047314.33575	206961890282.01288	0.00024511619906215194
573341066.2273525	582029290.4475118	148784373214.84515	206681218684.09808	0.00024561579628780384
573406602.2273525	573774304.9364401	148822216225.13568	205558365555.2312	0.00024763084770397606
573668746.2273525	562041986.7324911	148982270269.96518	201065106408.95132	0.0002559301539568748
574243604.8447089	688946676.1839035	149382596199.15085	191213592674.55444	0.0002750845549478416
574856686.1156784	1027250529.3136226	149885765446.008	180739588326.9057	0.0002961088444478081
575232246.6881621	1303349797.2484753	150233578189.46872	174356518876.53467	0.00030888335660774293
575621132.3533119	1627198363.5779674	150625837717.1626	167785123856.80734	0.00032178043905557724
575999606.8350347	1969094129.9215574	151039228028.1578	161436353711.4607	0.0003338357390034735
576365700.3081106	2318874424.1309533	151468976338.3094	155347822174.79745	0.00034488811592480297
576715748.2636501	2668847775.1686125	151907492399.5555	149582157034.99567	0.0003547845657399673
577043751.4449837	3010682206.5964985	152342945778.87784	144235715947.798	0.00036337820330722634
577266881.2710105	3251513126.0497556	152652760990.0398	140632771507.61264	0.0003688126515299141
577517946.732336	3530995025.6569266	153014521176.2955	136614300667.86406	0.00037450135379722883
577746528.0443207	3793102918.056697	153355989805.5449	132990505589.81406	0.0003792679091281518
578042245.7290914	4141779096.9552865	153814840539.36334	128354748435.02507	0.00038482224996645525
578382951.3257598	4554453559.182317	154367326469.46777	123091856747.24072	0.000390325882377649
578760984.6627387	5024044085.504953	155010059691.26788	117357235182.20607	0.0003952599647696899
579173170.4256538	5551257614.259798	155746231357.63715	111239378189.22618	0.0003991788438782163
579618681.6858534	6145084943.316128	156583013714.9617	104796441133.12169	0.00040164553166306265
580098395.0063089	6823503375.576813	157531141440.9403	98069632441.74855	0.0004021982642733919
580614887.2088225	7606307246.36294	158605640109.89816	91088029401.74774	0.000400321320437744
581173003.5690169	8515922826.583028	159827940035.53076	83867963656.99866	0.0003954040009174926
581781478.4996641	9600703752.365532	161230957942.43884	76404641266.03297	0.0003866596014699344
582403431.9413854	10849810346.104492	162738370037.59598	69242838524.42181	0.00037416767555957704
583020814.9388031	12268636719.140726	164304989015.82788	62626708642.12391	0.0003583636494394897
583636746.3503287	13881954112.227983	165934385266.99777	56540401030.81278	0.0003394151992039689
584253911.4708558	15728477495.80766	167630023504.3119	50980162904.52187	0.000317483043799369
584875531.7557441	17868204491.695557	169397701571.22708	45945343755.705635	0.0002926961183546086
585506092.9229755	20361489067.881416	171247804560.38864	41435463051.40598	0.00026511669280686263
586152730.795666	23271406093.959908	173199863621.26978	37446590963.20659	0.00023466743952563733
586828707.7772733	26726738644.232944	175294163892.28436	33964323639.445305	0.00020094700076407396
587542562.7929002	30881925798.97526	177558599583.07623	31025712689.319344	0.00016380358962746831
588256087.9897985	35572099718.584076	179868753737.48257	28789072710.85404	0.00012575569288707702
588976604.9184525	40858710032.988014	182241113407.10016	27145774134.877792	8.722518113352268e-05
589643690.4492948	46271200555.47406	184465979652.07947	26067035802.157726	5.27489445476475e-05
590058065.4204798	49892132668.51499	185858834054.53638	25561416425.690533	3.368121227435768e-05
590510342.6277573	54066095214.29191	187386372522.59406	25116245490.398296	2.203200941648976e-05
590933065.5760913	58172562191.628876	188819231323.86746	24773098815.52916	3.0273342440599317e-05
591500643.4440578	63997771240.34688	190747967384.02606	24380661330.909004	5.439677534686854e-05
591972917.8698739	69121477817.67654	192354536657.8145	24081217569.279293	7.623548767194946e-05
592536269.7469343	75561882614.57407	194269642965.32764	23721248731.148033	0.00010194806537846888
593103307.3112705	82388276473.71109	196192316319.34436	23325944136.26903	0.0001267518201014721
593676380.1530215	89619430549.78397	198126651386.09967	22868723638.600246	0.00015037732495372142
594257761.1512023	97288262976.16959	200076230602.73853	22328445390.28008	0.0001726609595535867
594849200.3675413	105427467272.72607	202042534629.34433	21688811663.43684	0.00019345887809740623
595451995.7694772	114046407032.41989	204025158137.86774	20937926735.637665	0.00021263940819942737
596067007.1638904	123140007590.17459	206021882905.092	20068224910.306026	0.00023009161320231133
596694615.7716808	132706221648.54904	208028630179.2054	19076691041.69064	0.00024574195566809707
597334626.6292305	142738812147.58035	210039306716.14517	17965326221.56076	0.00025957704783257204
597986102.674864	153192724850.06866	212045542367.12564	16741821369.30694	0.00027167127887590774
598647102.2364117	163991955228.29486	214036276344.1481	15420414335.333189	0.0002822164082191379
599314242.7734983	175047707572.8626	215997023104.93576	14022960392.333094	0.00029154581809155597
599981862.544426	186231894012.1659	217908259547.89258	12580499739.286062	0.00030013743643511067
600640032.8413463	197315020074.31808	219741066091.68112	11136608802.197876	0.000308560809895306
601268357.157484	207894582223.60645	221442348162.19507	9758442152.221617	0.0003172749247057712
601802561.2849177	216864338328.7356	222851403757.52426	8602309091.762506	0.0003257629556581204
602367065.6404142	226295857795.60983	224303244143.84647	7411419418.020962	0.0003363663765107792
603162733.6604036	239438492588.05246	226285968345.8416	5817348408.308112	0.0003552122547305947
604058636.2982239	253924710841.46344	228432769732.0134	4195919033.5482607	0.00038348311774928455
604973761.9011883	268309765452.5398	230538436642.26328	2809042686.793724	0.00042168573025669516
605903044.0366237	282381003932.079	232596311203.69858	1788101693.9084735	0.0004713173913967568
