573319221.2273525	-141584065527.568	45684190946.16826	-21033367.71882826	-9932.994316409311	-28939.53050481743	0.9006915533942343	4000.0
573319222.2273525	-141584075460.55948	45684162006.63673	-21033366.81813618	-9932.988590230792	-28939.532590224637	0.9006926105033117	3999.9999666960584
573319226.2273525	-141584115192.468	45684046248.48964	-21033363.215357278	-9932.96568551235	-28939.540931841806	0.9006968389473547	3999.999833480255
573319242.2273525	-141584274119.18597	45683583215.56781	-21033348.804072548	-9932.874066568866	-28939.574298124022	0.9007137528472763	3999.9993006164245
573319306.2273525	-141584909811.39893	45681731078.54193	-21033291.15622734	-9932.507589679359	-28939.707760270376	0.9007814104270149	3999.99716915123
573319562.2273525	-141587452345.7042	45674322445.027176	-21033060.52154262	-9931.041664273404	-28940.24156113462	0.9010520724278559	3999.9886431324744
573320586.2273525	-141597618730.0459	45644686544.73113	-21032137.289714336	-9925.177677157155	-28942.376001022258	0.9021352274117639	3999.9545365295826
573324682.2273525	-141638224213.1746	45526121105.65006	-21028433.25842921	-9901.717165592634	-28950.90154161847	0.9064759635375735	3999.8180696576237
573341066.2273525	-141799684756.02618	45051511344.91853	-21013438.53750779	-9807.802415762737	-28984.808082873034	0.9239690547886064	3999.27155388163
573406602.2273525	-142430111721.66565	43147594118.2085	-20950542.05956537	-9430.999788139392	-29117.296868898215	0.996042081055849	3997.0750605238813
573668746.2273525	-144703176168.4231	35450066787.098145	-20648330.31783407	-7906.75812620238	-29596.604081581478	1.3190908707481714	3988.118856979488
574243604.8447089	-148269997389.3284	18198009111.516956	-19640372.946411084	-4487.80927774452	-30358.416512044634	2.2379913132596116	3967.488751931706
574856686.1156784	-149884755497.53738	-549939184.881265	-17879376.26027585	-773.1039310991439	-30723.81235314757	3.570588955990192	3943.94707439699
575232246.6881621	-149746084204.3479	-12092891037.599922	-16353234.856229015	1510.935424206858	-30717.582482090664	4.582275331299241	3928.745899142331
575621132.3533119	-148700294139.28494	-24007609319.182056	-14341013.57241416	3864.1424745619656	-30527.653882494335	5.794847814369015	3912.402349974937
575999606.8350347	-146808388426.14758	-35498526018.563446	-11898260.53960568	6127.796651500434	-30165.77862432806	7.141245112279129	3895.9357024047727
576365700.3081106	-144169943173.13647	-46452967580.647064	-9021157.270604555	8278.851398505867	-29652.92453272107	8.602912202917647	3879.5154898019127
576715748.2636501	-140918714524.3366	-56725674177.94677	-5743427.758159036	10288.442361100573	-29016.854359044046	10.14858913928844	3863.3980005489334
577043751.4449837	-137242202687.74217	-66128291414.04941	-2159019.1925661527	12120.07056031149	-28295.84410075855	11.728537109172247	3847.9597079000537
577266881.2710105	-134401976812.97401	-72380757569.29414	584871.0195134364	13333.283859646821	-27738.6205276024	12.875759906183914	3837.289523617751
577517946.732336	-130886702202.724	-79259793473.18622	3986765.473402273	14663.069311083993	-27049.310808416136	14.236099291723784	3825.136945438866
577746528.0443207	-127399993676.78423	-85365690800.24872	7388508.883378302	15838.486633062666	-26366.35902808183	15.537836756352757	3813.9514010783896
578042245.7290914	-122497857067.56544	-93023008090.01797	12242897.027686171	17305.177654867395	-25407.903048593776	17.30974726378225	3799.3310369557444
578382951.3257598	-116325317865.32498	-101477542157.99055	18505015.381389346	18913.61560825714	-24204.53819899216	19.47099751246198	3782.3127359845844
578760984.6627387	-108855019819.88426	-110357159131.71379	26341614.136792213	20588.326412873033	-22754.054536265405	22.013616217252263	3763.2656148330534
579173170.4256538	-100016369015.33305	-119388496992.06932	36014858.32298565	22273.069741131352	-21046.976784523915	24.950444972449123	3742.373650598368
579618681.6858534	-89720089086.2446	-128329823138.58122	47871042.16061627	23917.934293889644	-19071.65480781203	28.304460570936236	3719.741651388404
580098395.0063089	-77864001043.28674	-136942520705.85028	62353382.79285718	25473.993488696953	-16815.767393034756	32.105647431621094	3695.4325242312248
580614887.2088225	-64329401837.67606	-144974034669.51114	80034497.0330654	26890.25630543238	-14266.157720880141	36.39133505380415	3669.477878979583
581173003.5690169	-48965775125.82822	-152142410074.0761	101681756.99943475	28111.00139310381	-11406.754075376775	41.21029834419466	3641.8686975380588
581781478.4996641	-31549044190.533436	-158114082621.19724	128399990.14946619	29071.856575474598	-8212.240471250647	46.634973773345465	3612.5122041343375
582403431.9413854	-13264819047.912857	-162196782722.33295	159162319.52738693	29658.24601124319	-4915.420892428749	52.30166524782015	3583.5540902884554
583020814.9388031	5125813903.827734	-164224901032.70767	193204844.70740604	29855.116204427348	-1661.819180219588	57.98198224623679	3556.0954085238272
583636746.3503287	23480659094.809975	-164264499078.8334	230661634.65317914	29686.04971832019	1518.7174515798106	63.63703366179402	3530.196399641751
584253911.4708558	41660576996.617584	-162370401556.66284	271666510.84295285	29173.03165646434	4598.192425870198	69.2261559868331	3505.939230397715
584875531.7557441	59550859822.58363	-158584918180.8299	316413629.5856855	28336.065069585995	7553.993939956301	74.71452415860453	3483.395922855578
585506092.9229755	77072157984.85338	-152923378324.58005	365228843.64913344	27190.698451504533	10370.163851481459	80.07755493737243	3462.620793652318
586152730.795666	94200446554.16054	-145341987406.55295	418717251.36971664	25742.837096121955	13039.569369158335	85.30828543160776	3443.6418559080844
586828707.7772733	111018180041.12885	-135656842731.105	478137301.2023388	23976.02000349426	15569.663381238446	90.43489463340157	3426.440071404676
587542562.7929002	127397682825.62766	-123679384751.04068	544503597.8050727	21878.970588007232	17933.52227024507	95.42825857686258	3411.302100260728
588256087.9897985	142204402804.1082	-110137637090.12183	614239698.0952345	19597.432716220203	19968.668802177228	99.96441268507688	3399.340961056576
588976604.9184525	155452193220.7893	-95110283361.66454	687777267.5905203	17156.821219231828	21687.90081364375	104.08443317888265	3390.489777240854
589643690.4492948	166119987372.3648	-80195213789.47517	758373039.5536845	14816.777703108013	22982.085900409016	107.51100307987842	3385.1282444405106
590058065.4204798	171954205734.79578	-70530929258.12593	803333188.9418205	13340.36826412919	23645.348130772334	109.47137385601485	3383.082258410219
590510342.6277573	177621483951.86844	-59695334133.197975	853304540.2377466	11719.895733431484	24249.92254137699	111.48520986779366	3381.7070051649916
590933065.5760913	182255396667.78198	-49344311129.59151	900812051.2561011	10204.748728704752	24705.915897564766	113.27012648488193	3380.503939548621
591500643.4440578	187472375598.7069	-35184695005.796036	965756627.699326	8181.80909902299	25159.307942477997	115.56273707275949	3377.773034285739
591972917.8698739	190942721213.16177	-23240116354.28642	1020774409.2200639	6518.226711698862	25404.49548326885	117.42534757752821	3374.2341131581356
592536269.7469343	194063524173.43674	-8880314748.51437	1087553782.174259	4568.289544232009	25549.45010983816	119.66256551003185	3368.4782486344234
593103307.3112705	196108611918.36508	5612559331.247273	1156067452.6066923	2653.8328753725523	25544.093013890728	122.01767472819249	3361.055440614739
593676380.1530215	197088816596.37677	20215427664.019238	1226721838.7364502	777.5332832879103	25396.490987440546	124.60766447412773	3351.9873043142716
594257761.1512023	197003796762.2868	34904327699.71333	1300008182.5987635	-1058.049576187117	25113.203928667608	127.57052264359979	3341.2955644826598
594849200.3675413	195844496804.79312	49640953001.81373	1376464964.6455941	-2848.932783488344	24699.95195205926	131.0675498316962	3329.01102598689
595451995.7694772	193598030575.60812	64373486135.24186	1456706292.8622496	-4590.103025698565	24162.246589499067	135.2869246031294	3315.178332175201
596067007.1638904	190251942826.83932	79036943437.81647	1541446846.2794158	-6275.821250836108	23505.86587943605	140.44575028590643	3299.8603814897383
596694615.7716808	185798451753.90268	93553110270.83022	1631520377.8042054	-7899.855064027004	22737.25081516645	146.78965686472645	3283.142161823848
597334626.6292305	180239209755.20908	107830200052.69568	1727885763.6651628	-9455.65213945355	21863.881658258382	154.5884589616848	3265.1339058119925
597986102.674864	173591145515.81375	121762356428.67914	1831609459.2865016	-10936.455487214731	20894.689305985354	164.12560090270964	3245.9736125742465
598647102.2364117	165894165989.63028	135228972144.52394	1943804159.1395724	-12335.334030548383	19840.57971817722	175.67797709559727	3225.8295967137706
599314242.7734983	157222298098.03912	148093202900.87027	2065484332.3401358	-13645.029407663986	18715.242621019515	189.4804610033854	3204.905843975254
599981862.544426	147702592289.95963	160197146991.43912	2197249603.6908317	-14857.319872060147	17536.72288625854	205.66322613061755	3183.4593862361867
600640032.8413463	137555907971.84387	171344797153.78006	2338546018.3949056	-15960.961903734593	16331.290669533704	224.12795716344706	3161.859514672173
601268357.157484	127217446335.12723	181235363318.17416	2485556373.379382	-16934.41109048662	15145.81379386371	244.22956600213186	3140.8049770507723
601802561.2849177	117963192244.80179	189051748455.60703	2621037579.455808	-17703.800450889266	14114.46073512589	263.3063721236594	3122.527982580437
602367065.6404142	107752792056.40364	196706827130.47748	2775841811.7517266	-18461.754964362615	13003.4902232225	285.50767304620734	3102.7649634427466
603162733.6604036	92667539622.1041	206419394861.63547	3016619889.414697	-19439.583999850343	11403.754303286285	320.423778662657	3073.919141144489
604058636.2982239	74802350623.07399	215812639040.0224	3323170065.2771745	-20422.257316880732	9557.825924698216	364.79849419847466	3039.6031183875066
604973761.9011883	55700322094.3612	223678125995.5671	3679787922.484642	-21305.41040089839	7623.850255872654	415.45476841626294	3001.8552298175177
605903044.0366237	35530657548.99897	229830098259.24216	4091734821.6436834	-22084.326506802616	5607.180612679926	471.9258647701138	2959.903981951362
