573319221.2273525	585162266.5067282	148771950837.92905	207055437776.9959	0.0002449500569230677
573376821.2273525	577303978.2437339	148804912445.04065	206068646248.3715	0.00024671191156401496
573434421.2273525	570832005.7404246	148838541422.80585	205081659329.04355	0.00024849399746592287
573492021.2273525	565908916.8406056	148872839783.8514	204094508846.34903	0.00025029524158250106
573549621.2273525	562690329.3198794	148907809510.29434	203107226690.3212	0.00025211458245809625
573607221.2273525	561320172.1322863	148943452553.6943	202119844810.33804	0.00025395097083091606
573664821.2273525	561925978.5049087	148979770835.00558	201132395213.98587	0.0002558033701611998
573722421.2273525	564614615.3053275	149016766244.53137	200144909963.27545	0.00025767075708896795
573780021.2273525	569468871.7359729	149054440641.87833	199157421173.87973	0.0002595521218259519
573837621.2273525	576545273.3236504	149092795855.91318	198169961010.89493	0.0002614464684862143
573895221.2273525	585873355.0537735	149131833684.72034	197182561688.44025	0.0002633528153598674
573952821.2273525	597456444.5792929	149171555895.56015	196195255465.37204	0.0002652701951341639
574010421.2273525	611273813.8553541	149211964224.829	195208074644.58368	0.00026719765506608785
574068021.2273525	627283899.0571285	149253060378.02063	194221051569.0828	0.0002691342571104256
574125621.2273525	645428195.4844612	149294846029.6883	193234218620.9221	0.00027107907800708085
574183221.2273525	665635416.2207731	149337322823.40814	192247608217.72894	0.000273031209331262
574240821.2273525	687825549.7574451	149380492371.74463	191261252811.1212	0.0002749897575099688
574298421.2273525	711913538.9580841	149424356256.21545	190275184883.69522	0.0002769538438080034
574356021.2273525	737812405.3595783	149468916027.25983	189289436946.95898	0.00027892260428653625
574413621.2273525	765435737.7971956	149514173204.20654	188304041538.9041	0.00028089518973711927
574471221.2273525	794699540.3321424	149560129275.24335	187319031221.16293	0.0002828707655937974
574528821.2273525	825523487.307794	149606785697.38852	186334438577.376	0.00028484851182580443
574586421.2273525	857831664.6957784	149654143896.46207	185350296209.70096	0.0002868276228131876
574644021.2273525	891552891.1809125	149702205267.0602	184366636737.73404	0.0002888073072074827
574701621.2273525	926620714.658001	149750971172.52902	183383492794.58115	0.00029078678777943675
574759221.2273525	962973174.2785581	149800442944.941	182400897025.9344	0.0002927653012556175
574816821.2273525	1000552408.0368717	149850621885.0714	181418882086.2346	0.0002947420981455847
574874421.2273525	1039304173.3322673	149901509262.37717	180437480637.69287	0.00029671644256117286
574932021.2273525	1079177334.5625105	149953106314.97647	179456725346.31424	0.00029868761202927606
574989621.2273525	1120123358.869326	150005414249.6289	178476648881.1435	0.00030065489729946636
575047221.2273525	1162095849.7093992	150058434241.71777	177497283910.12057	0.00030261760214756107
575104821.2273525	1205050138.7361772	150112167435.2338	176518663099.27585	0.0003045750431762427
575162421.2273525	1248942949.8732564	150166614942.75916	175540819108.93008	0.0003065265496136478
575220021.2273525	1293732145.2226152	150221777845.45303	174563784592.2488	0.0003084714631108458
575277621.2273525	1339376559.814028	150277657193.0391	173587592192.27676	0.0003104091375388943
575335221.2273525	1385835929.9856567	150334254003.79355	172612274539.826	0.0003123389387862503
575392821.2273525	1433070917.138171	150391569264.53418	171637864251.03226	0.00031426024455709193
575450421.2273525	1481043223.695673	150449603930.61188	170664393924.84277	0.0003161724441711127
575508021.2273525	1529715791.0395875	150508358925.9016	169691896140.87152	0.00031807493836526196
575565621.2273525	1579053060.6023867	150567835142.79678	168720403456.6519	0.0003199671390978909
575623221.2273525	1629021270.8894134	150628033442.20224	167749948405.95157	0.00032184846935557704
575680821.2273525	1679588757.2266347	150688954653.531	166780563495.3701	0.0003237183629630559
575738421.2273525	1730726219.6379678	150750599574.7014	165812281203.37878	0.000325576264396428
575796021.2273525	1782406928.5564353	150812968972.134	164845133976.37622	0.0003274216285999607
575853621.2273525	1834606847.5778582	150876063580.7521	163879154228.0308	0.00032925392080656457
575911221.2273525	1887304665.1102834	150939884103.98224	162914374335.424	0.0003310726163622422
575968821.2273525	1940481739.6959887	151004431213.7556	161950826638.1738	0.0003328772005544785
576026421.2273525	1994121974.2719867	151069705550.5114	160988543434.93015	0.0003346671684447952
576084021.2273525	2048211641.0060174	151135707723.20203	160027556982.36	0.0003364420247054808
576141621.2273525	2102739180.2338212	151202438309.2974	159067899491.57516	0.00033820128346054697
576199221.2273525	2157694995.199508	151269897854.7927	158109603127.29236	0.00033994446813094493
576256821.2273525	2213071260.0511756	151338086874.21634	157152700004.38693	0.0003416711112840772
576314421.2273525	2268861753.272442	151407005850.63947	156197222186.72443	0.0003433807544875447
576372021.2273525	2325061723.4505644	151476655235.6861	155243201684.29578	0.00034507294816717334
576429621.2273525	2381667789.621866	151547035449.54593	154290670451.38965	0.0003467472514692233
576487221.2273525	2438677874.5569134	151618146880.98618	153339660384.51675	0.0003484032321267933
576544821.2273525	2496091166.2067795	151689989887.36728	152390203320.00024	0.00035004046633033327
576602421.2273525	2553908099.8594275	151762564794.65756	151442331032.36172	0.0003516585386021899
576660021.2273525	2612130351.1712	151835871897.45053	150496075231.73785	0.0003532570416751774
576717621.2273525	2670760827.961154	151909911458.9828	149551467562.5158	0.000354835576375012
576775221.2273525	2729803646.555542	151984683711.1536	148608539600.59518	0.00035639375150660894
576832821.2273525	2789264076.7912397	152060188854.54532	147667322852.2759	0.00035793118374409917
576890421.2273525	2849148439.070546	152136427058.44516	146727848751.2182	0.00035944749752450433
576948021.2273525	2909463937.8412037	152213398460.86844	145790148657.85114	0.000360942324944971
577005621.2273525	2970218419.3815026	152291103168.58264	144854253855.99728	0.0003624153056634845
577063221.2273525	3031420048.403963	152369541257.1335	143920195552.4648	0.0003638660868029152
577120821.2273525	3093076907.798322	152448712770.8714	142988004873.85657	0.0003652943228583721
577178421.2273525	3155196537.877801	152528617722.97922	142057712865.96152	0.00036669967560772727
577236021.2273525	3217785443.7686048	152609256095.5017	141129350490.89575	0.00036808181402517206
577293621.2273525	3280848609.2857475	152690627839.37692	140202948626.35895	0.00036944041419781376
577351221.2273525	3344389059.9670467	152772732874.4665	139278538062.9732	0.0003707751592450874
577408821.2273525	3408407515.188019	152855571089.58948	138356149503.5592	0.00037208573924098735
577466421.2273525	3472902159.629468	152939142342.5564	137435813560.62335	0.0003733718511389629
577524021.2273525	3537868550.05821	153023446460.20508	136517560755.33815	0.00037463319869939177
577581621.2273525	3603299657.9144673	153108483238.43652	135601421515.69077	0.0003758694924195632
577639221.2273525	3669186035.080152	153194252442.25333	134687426174.80775	0.0003770804494660305
577696821.2273525	3735516081.739101	153280753805.79935	133775604969.9524	0.00037826579360929425
577754421.2273525	3802276391.9854174	153367987032.39877	132865988040.16983	0.0003794252551606775
577812021.2273525	3869452153.785846	153455951794.59888	131958605425.93082	0.0003805585709113358
577869621.2273525	3937027583.148474	153544647734.21255	131053487066.59567	0.00038166548407329404
577927221.2273525	4004986375.9819264	153634074462.362	130150662800.12263	0.0003827457442224456
577984821.2273525	4073312163.738506	153724231559.52454	129250162360.649	0.000383799107243401
578042421.2273525	4141988959.989812	153815118575.57858	128352015378.45795	0.0003848253352761506
578100021.2273525	4211001584.868388	153906735029.8519	127456251377.22629	0.0003858241966644028
578157621.2273525	4280336053.674111	153999080411.17017	126562899774.57306	0.0003867954659055748
578215221.2273525	4349979915.9550705	154092154177.90717	125671989878.98622	0.0003877389236023181
578272821.2273525	4419922532.891012	154185955758.03668	124783550890.45253	0.0003886543564155412
578330421.2273525	4490155284.21317	154280484549.18414	123897611897.8187	0.00038954155701881814
578388021.2273525	4560671700.939037	154375739918.6815	123014201879.02345	0.00039040032405416295
578445621.2273525	4631467526.099661	154471721203.62128	122133349699.02391	0.0003912304620890649
578503221.2273525	4702540711.368709	154568427710.91336	121255084109.66887	0.0003920317815747063
578560821.2273525	4773891362.062501	154665858717.34253	120379433748.13892	0.000392804098805363
578618421.2273525	4845521645.749223	154764013469.62677	119506427136.51122	0.0003935472358788544
578676021.2273525	4917435680.461849	154862891184.47687	118636092680.65236	0.0003942610206580403
578733621.2273525	4989639417.47595	154962491048.6587	117768458669.43103	0.0003949452867332406
578791221.2273525	5062140531.233249	155062812219.05368	116903553274.40138	0.00039559987338561373
578848821.2273525	5134948325.818486	155163853822.72394	116041404548.14168	0.00039622462555136454
578906421.2273525	5208073663.850487	155265614956.97552	115182040424.90002	0.0003968193937867284
578964021.2273525	5281528920.05458	155368094689.42545	114325488718.42531	0.0003973840342337594
579021621.2273525	5355327958.214443	155471292058.06747	113471777122.94717	0.0003979184085867743
579079221.2273525	5429486126.651013	155575206071.34204	112620933211.16652	0.00039842238405947986
579136821.2273525	5504020263.709089	155679835708.20367	111772984435.16986	0.0003988958333526956
579194421.2273525	5578948700.889898	155785179918.19315	110927958124.5551	0.00039933863462264334
579252021.2273525	5654291247.277318	155891237621.50867	110085881487.58557	0.0003997506714497755
579309621.2273525	5730069135.148085	155998007709.07874	109246781609.19666	0.00040013183280806553
579367221.2273525	5806304903.858993	156105489042.63626	108410685452.3016	0.0004004820130347517
579424821.2273525	5883022198.530384	156213680454.79428	107577619856.03937	0.00040080111180049687
579482421.2273525	5960245463.31974	156322580749.12222	106747611536.82469	0.0004010890340798969
579540021.2273525	6037999517.826738	156432188700.22333	105920687087.25461	0.0004013456901223467
579597621.2273525	6116309020.264827	156542503053.81387	105096872976.42606	0.0004015709954231874
579655221.2273525	6195197841.604112	156653522526.80292	104276195549.77061	0.00040176487069515176
579712821.2273525	6274688397.549859	156765245807.3737	103458681028.76668	0.00040192724184000386
579770421.2273525	6354801004.17482	156877671555.0655	102644355511.44005	0.000402058039920435
579828021.2273525	6435553331.628522	156990798400.85782	101833244971.6973	0.0004021572011321156
579885621.2273525	6516960023.824507	157104624947.2541	101025375260.31769	0.00040222466677589076
579943221.2273525	6599032530.15142	157219149768.36868	100220772103.99553	0.00040226038323013533
580000821.2273525	6681779163.275801	157334371410.0129	99419461106.85887	0.0004022643019231753
580058421.2273525	6765205363.850628	157450288389.78314	98621467749.0244	0.0004022363793058248
580116021.2273525	6849314127.192934	157566899197.1506	97826817388.70659	0.00040217657682393537
580173621.2273525	6934106534.036329	157684202293.55127	97035535260.64723	0.0004020848608910256
580231221.2273525	7019582327.719591	157802196112.47766	96247646478.16261	0.00040196120286088537
580288821.2273525	7105740490.124753	157920879059.5714	95463176031.9251	0.00040180557900019705
580346421.2273525	7192579783.198827	158040249512.71695	94682148791.7353	0.0004016179704611284
580404021.2273525	7280099237.343287	158160305822.1367	93904589505.77458	0.0004013983632538639
580461621.2273525	7368298579.381904	158281046310.48676	93130522802.14417	0.000401146748219113
580519221.2273525	7457178600.129385	158402469272.9545	92359973188.38153	0.000400863121000502
580576821.2273525	7546741465.0509	158524572977.35632	91592965052.8831	0.0004005474820168877
580634421.2273525	7636990972.187891	158647355664.23767	90829522664.80109	0.0004001998364345976
580692021.2273525	7727932760.676383	158770815546.97305	90069670175.00604	0.00039982019413949463
580749621.2273525	7819574471.9464	158894950811.86816	89313431616.63087	0.00039940856970894465
580807221.2273525	7911925864.869102	159019759618.26218	88560830905.35765	0.0003989649823836484
580864821.2273525	8004998886.143225	159145240098.632	87811891840.81723	0.0003984894560392827
580922421.2273525	8098807698.136532	159271390358.69687	87066638106.24785	0.00039798201915799904
580980021.2273525	8193368667.999539	159398208477.5247	86325093270.24815	0.00039744270479975113
581037621.2273525	8288700323.735864	159525692507.6392	85587280786.3571	0.00039687155057342244
581095221.2273525	8384823284.610859	159653840475.1278	84853223994.90192	0.000396268598607767
581152821.2273525	8481760174.423825	159782650379.7515	84122946122.47876	0.0003956338955221382
581210421.2273525	8579535526.532747	159912120195.05508	83396470284.05104	0.00039496749239702287
581268021.2273525	8678175689.017803	160042247868.47845	82673819482.11028	0.00039426944474435635
581325621.2273525	8777708737.056082	160173031321.46936	81955016609.03635	0.00039353981247761333
581383221.2273525	8878164397.560019	160304468449.5972	81240084446.1506	0.00039277865988165603
581440821.2273525	8979573988.532206	160436557122.66757	80529045665.77644	0.00039198605558238633
581498421.2273525	9081970372.490921	160569295184.83792	79821922830.82701	0.0003911620725161209
581556021.2273525	9185387919.733679	160702680454.73508	79118738396.285	0.0003903067878987527
581613621.2273525	9289862473.131529	160836710725.5723	78419514709.17523	0.0003894202831946659
581671221.2273525	9395431301.59685	160971383765.26883	77724274009.61954	0.0003885026440853848
581728821.2273525	9502133024.530243	161106697316.56995	77033038431.03639	0.00038755396043799726
581786421.2273525	9610007484.935358	161242649097.16782	76345830000.93222	0.00038657432627332464
581844021.2273525	9719095545.525562	161379236799.8237	75662670641.39777	0.0003855638397338127
581901621.2273525	9829438781.722042	161516458092.4911	74983582169.22269	0.0003845226030512111
581959221.2273525	9941079050.209251	161654310618.4402	74308586296.95305	0.00038345072251396096
582016821.2273525	10054057923.986979	161792791996.383	73637704632.2592	0.00038234830843436547
582074421.2273525	10168416005.896042	161931899820.59937	72970958679.37115	0.000381215475115476
582132021.2273525	10284192161.016068	162071631661.0648	72308369837.966	0.00038005234081774694
582189621.2273525	10401422738.778358	162211985063.57837	71649959404.5027	0.00037885902772542916
582247221.2273525	10520140878.869747	162352957549.8923	70995748571.04941	0.00037763566191271905
582304821.2273525	10640376000.611578	162494546617.84238	70345758426.42877	0.00037638237330967633
582362421.2273525	10762153556.822186	162636749741.4791	69700009954.69022	0.0003750992956678658
582420021.2273525	10885495091.951763	162779564371.20013	69058524036.12105	0.00037378656652579
582477621.2273525	11010418591.675013	162922987933.88412	68421321445.460625	0.0003724443271740627
582535221.2273525	11136939063.278168	163067017833.02438	67788422852.622574	0.00037107272262037425
582592821.2273525	11265069256.856533	163211651448.8649	67159848820.75094	0.0003696719015541944
582650421.2273525	11394820432.0435	163356886138.53635	66535619806.25597	0.00036824201631128253
582708021.2273525	11526203090.107094	163502719236.1937	65915756157.00808	0.0003667832228379708
582765621.2273525	11659227617.614132	163649148053.1542	65300278111.543564	0.0003652956806552164
582823221.2273525	11793904815.793234	163796169878.03732	64689205797.227066	0.00036377955282246164
582880821.2273525	11930246312.48591	163943781976.9045	64082559228.66438	0.00036223500590130985
582938421.2273525	12068264868.363781	164091981593.40063	63480358305.88734	0.0003606622099189623
582996021.2273525	12207974596.14667	164240765948.8961	62882622811.88082	0.00035906133833151323
583053621.2273525	12349391112.760101	164390132242.63058	62289372410.66497	0.00035743256798702924
583111221.2273525	12492531641.962141	164540077651.85648	61700626643.72441	0.00035577607908849663
583168821.2273525	12637415080.904678	164690599331.98444	61116404928.25873	0.0003540920551565612
583226421.2273525	12784062039.753529	164841694416.7292	60536726552.4264	0.000352380682992135
583284021.2273525	12932494859.751085	164993360018.2569	59961610673.2696	0.00035064215263887503
583341621.2273525	13082737612.385435	165145593227.33255	59391076311.22713	0.00034887665734550005
583399221.2273525	13234816080.76708	165298391113.4694	58825142347.26778	0.0003470843935279829
583456821.2273525	13388757723.81835	165451750725.07846	58263827516.82951	0.0003452655607316441
583514421.2273525	13544591624.224737	165605669089.61917	57707150406.06977	0.00034342036159315173
583572021.2273525	13702348421.958149	165760143213.75134	57155129444.982124	0.0003415490018023838
583629621.2273525	13862060236.219402	165915170083.48734	56607782902.89317	0.00033965169006426924
583687221.2273525	14023760579.521347	166070746664.34586	56065128880.84179	0.00033772863806052686
583744821.2273525	14187484268.073896	166226869901.5063	55527185305.808525	0.00033578006041135445
583802421.2273525	14353267332.445414	166383536719.96375	54993969922.62271	0.00033380617463710835
583860021.2273525	14521146931.547792	166540744024.68552	54465500286.494286	0.00033180720111992436
583917621.2273525	14691161271.282639	166698488700.76804	53941793754.71461	0.00032978336306535317
583975221.2273525	14863349526.701984	166856767613.59488	53422867477.410095	0.00032773488646400484
584032821.2273525	15037751763.297514	167015577608.9953	52908738388.558014	0.0003256620000532027
584090421.2273525	15214408849.139288	167174915513.4047	52399423195.26582	0.00032356493527871324
584148021.2273525	15393362345.170042	167334778134.0244	51894938367.88156	0.0003214439262565201
584205621.2273525	15574654356.44384	167495162258.98358	51395300127.646	0.0003192992097346831
584263221.2273525	15758327323.154366	167656064657.5013	50900524436.01147	0.0003171310250553034
584320821.2273525	15944423728.23277	167817482080.05017	50410626980.465775	0.00031493961411663545
584378421.2273525	16132985699.954033	167979411258.51974	49925623162.98885	0.0003127252213353179
584436021.2273525	16324054495.735819	168141848906.38187	49445528084.17272	0.00031048809360881887
584493621.2273525	16517669869.248209	168304791718.85632	48970356530.15642	0.00030822848027806484
584551221.2273525	16713869347.691717	168468236373.0773	48500122955.621445	0.00030594663309030287
584608821.2273525	16912687476.955969	168632179528.2607	48034841468.8485	0.0003036428061622188
584666421.2273525	17114155122.108828	168796617825.8727	47574525813.500114	0.000301317255943374
584724021.2273525	17318298928.20608	168961547889.79837	47119189351.834335	0.00029897024117994696
584781621.2273525	17525141040.635715	169126966326.512	46668845045.105804	0.00029660202287884924
584839221.2273525	17734699150.14928	169292869725.24722	46223505434.94907	0.0002942128642722225
584896821.2273525	17946986871.5034	169459254658.169	45783182622.59516	0.0002918030307824187
584954421.2273525	18162014402.92401	169626117680.54578	45347888247.9286	0.00028937278998742317
585012021.2273525	18379789366.49259	169793455330.92224	44917633467.91443	0.0002869224115868488
585069621.2273525	18600317710.761425	169961264131.29364	44492428933.191284	0.00028445216736846385
585127221.2273525	18823604567.962444	170129540587.28015	44072284765.63715	0.0002819623311754209
585184821.2273525	19049654989.750305	170298281188.3024	43657210532.59218	0.00027945317887411776
585242421.2273525	19278474523.801723	170467482407.7577	43247215223.25263	0.00027692498832285515
585300021.2273525	19510069627.236378	170637140703.19708	42842307221.13206	0.00027437803934131036
585357621.2273525	19744447935.712456	170807252516.50275	42442494278.92592	0.00027181261368087767
585415221.2273525	19981618418.421455	170977814274.067	42047783489.33013	0.00026922899499602583
585472821.2273525	20221591451.45304	171148822386.97104	41658181258.58937	0.00026662746881668146
585530421.2273525	20464378838.542145	171320273251.16553	41273693275.72903	0.00026400832252178086
585588021.2273525	20709993802.026955	171492163247.65063	40894324484.73827	0.000261371845314045
585645621.2273525	20958450960.06319	171664488742.65808	40520079052.729385	0.00025871832819614264
585703221.2273525	21209766299.937416	171837246087.83307	40150960340.39894	0.00025604806394830155
585760821.2273525	21463957152.27	172010431620.4174	39786970869.786575	0.0002533613471075373
585818421.2273525	21721042167.151363	172184041663.43283	39428112292.942856	0.0002506584739486092
585876021.2273525	21981041290.774353	172358072525.8658	39074385359.32304	0.0002479397424668796
585933621.2273525	22243975739.785667	172532520502.85214	38725789883.20715	0.00024520545236323
585991221.2273525	22509867970.202766	172707381875.86307	38382324710.87196	0.00024245590503121805
586048821.2273525	22778741638.114414	172882652912.89157	38043987687.090836	0.00023969140354667957
586106421.2273525	23050621550.266647	173058329868.63974	37710775622.32182	0.0002369122526599955
586164021.2273525	23325533603.744152	173234408984.7063	37382684258.58378	0.00023411875879126204
586221621.2273525	23603504714.998405	173410886489.7753	37059708237.29925	0.00023131123002863494
586279221.2273525	23884562739.161114	173587758599.80527	36741841064.5258	0.0002284899761301443
586336821.2273525	24168736380.670437	173765021518.21927	36429075079.91484	0.0002256553085292954
586394421.2273525	24456055095.545643	173942671436.09494	36121401422.215904	0.00022280754034484861
586452021.2273525	24746548984.09349	174120704532.35617	35818809998.92204	0.00021994698639511242
586509621.2273525	25040248670.42137	174299116973.96472	35521289453.28244	0.0002170739632172788
586567221.2273525	25337185162.020027	174477904916.11234	35228827134.69482	0.00021418878909222277
586624821.2273525	25637389679.170803	174657064502.41467	34941409067.56628	0.00021129178407535947
586682421.2273525	25940893440.562748	174836591865.10422	34659019923.390015	0.0002083832700341545
586740021.2273525	26247727389.173756	175016483125.22473	34381642991.759	0.00020546357069296803
586797621.2273525	26557921842.44265	175196734392.8268	34109260154.55847	0.00020253301168602112
586855221.2273525	26871506054.72852	175377341767.16284	33841851859.990234	0.00019959192061932537
586912821.2273525	27188507689.799442	175558301336.88345	33579397098.953487	0.00019664062714253372
586970421.2273525	27508952217.784412	175739609180.2343	33321873382.99608	0.00019367946303184435
587028021.2273525	27832862274.07779	175921261365.25333	33069256723.25908	0.0001907087622851104
587085621.2273525	28160257043.411118	176103253949.96875	32821521612.758324	0.00018772886123061576
587143221.2273525	28491151753.34979	176285582982.5978	32578641008.856026	0.00018474009865099872
587200821.2273525	28825557368.116974	176468244501.74533	32340586319.81146	0.00018174281592418893
587258421.2273525	29163480557.73936	176651234536.60413	32107327391.544224	0.00017873735718327538
587316021.2273525	29504923977.63895	176834549107.15472	31878832499.06706	0.00017572406949765472
587373621.2273525	29849886838.634727	177018184224.36642	31655068337.744553	0.0001727033030780649
587431221.2273525	30198365693.598053	177202135890.39825	31436000020.264328	0.00016967541150846816
587488821.2273525	30550355332.196686	177386400098.80136	31221591072.80026	0.00016664075200820066
587546421.2273525	30905849669.00503	177570972834.72122	31011803437.534843	0.0001635996857283386
587604021.2273525	31264842530.805325	177755850075.10037	30806597474.730427	0.00016055257808676005
587661621.2273525	31627328285.15837	177941027788.88217	30605931970.358913	0.00015749979914713206
587719221.2273525	31993302290.815556	178126501937.21466	30409764144.69187	0.0001544417240478141
587776821.2273525	32362761181.22798	178312268473.65503	30218049665.338013	0.00015137873348769268
587834421.2273525	32735703011.002495	178498323344.37463	30030742662.224983	0.00014831121427701487
587892021.2273525	33112127302.284218	178684662488.36444	29847795746.47066	0.00014523955996268917
587949621.2273525	33492035026.89901	178871281837.6411	29669160031.57695	0.0001421641715391013
588007221.2273525	33875428554.30537	179058177317.45343	29494785158.079998	0.00013908545825738516
588064821.2273525	34262311587.88975	179245344846.4891	29324619321.26818	0.00013600383854837157
588122421.2273525	34652689104.71268	179432780337.08224	29158609301.228603	0.00013291974107716787
588180021.2273525	35046567307.36842	179620479695.42126	28996700496.97798	0.00012983360595062528
588237621.2273525	35443953591.44391	179808438821.7572	28838836961.73905	0.0001267458861029103
588295221.2273525	35844856528.10899	179996653610.61243	28684961443.171738	0.00012365704888922925
588352821.2273525	36249285858.50199	180185119950.98984	28535015423.687813	0.00012056757792365969
588410421.2273525	36657252494.63879	180373833726.58246	28388939165.9549	0.00011747797520424775
588468021.2273525	37068768520.47173	180562790815.98367	28246671758.321777	0.00011438876357726857
588525621.2273525	37483847186.38204	180751987092.89755	28108151165.065357	0.00011130048960364092
588583221.2273525	37902502890.751076	180941418426.34985	27973314276.124245	0.0001082137269038188
588640821.2273525	38324751143.19739	181131080680.89926	27842096961.68545	0.0001051290800743717
588698421.2273525	38750608505.43049	181320969716.849	27714434125.832893	0.00010204718929053012
588756021.2273525	39180092507.18746	181511081390.45914	27590259764.44747	9.896873573530449e-05
588813621.2273525	39613221536.083954	181701411554.15894	27469507022.60207	9.589444802922444e-05
588871221.2273525	40050014701.09728	181891956056.75977	27352108254.663452	9.282510987704756e-05
588928821.2273525	40490491669.562035	182082710743.66824	27237995084.881252	8.976156920184219e-05
588986421.2273525	40934672476.863815	182273671457.09998	27127098469.160793	8.670474910609541e-05
589044021.2273525	41382577306.55369	182464834036.29333	27019348757.76222	8.365566108893185e-05
589101621.2273525	41834226236.69336	182656194317.7239	26914675758.108288	8.061542106430129e-05
589159221.2273525	42289638946.48137	182847748135.319	26813008798.896736	7.758526887605452e-05
589216821.2273525	42748834376.481766	183039491320.67285	26714276793.351532	7.456659220370909e-05
589274421.2273525	43211830337.17856	183231419703.26172	26618408303.939243	7.156095601321572e-05
589332021.2273525	43678643065.29303	183423529110.65955	26525331605.06518	6.857013905184522e-05
589389621.2273525	44149286736.25685	183615815368.7539	26434974748.02014	6.559617934414309e-05
589447221.2273525	44623772954.54537	183808274301.9624	26347265622.448246	6.264143125586998e-05
589504821.2273525	45102110259.845695	184000901733.44894	26262132020.43639	5.970863750674939e-05
589562421.2273525	45584303702.765755	184193693485.3409	26179501696.647663	5.680102059781529e-05
589620021.2273525	46070354553.50656	184386645378.946	26099302430.457253	5.3922399559609794e-05
589677621.2273525	46560260204.54297	184579753234.96988	26021462084.39925	5.107733982143264e-05
589735221.2273525	47054014309.902954	184773012873.73343	25945908663.76504	4.8271346445355516e-05
589792821.2273525	47551607170.18921	184966420115.39136	25872570372.61551	4.551111401342959e-05
589850421.2273525	48053026331.4888	185159970780.1496	25801375670.506676	4.280485000397779e-05
589908021.2273525	48558257329.58438	185353660688.48456	25732253325.885384	4.016269206216764e-05
589965621.2273525	49067284489.66468	185547485661.3611	25665132469.02578	3.7597241813179356e-05
590023221.2273525	49580091691.624916	185741441520.45197	25599942642.748955	3.512423561858466e-05
590080821.2273525	50096663029.80296	185935524088.35654	25536613851.12383	3.276335926418737e-05
590138421.2273525	50616983325.47892	186129729188.82053	25475076607.123096	3.053917624278911e-05
590196021.2273525	51141038480.97145	186324052646.95526	25415261977.152073	2.848205674456456e-05
590253621.2273525	51668815688.397385	186518490289.4576	25357101625.013058	2.6628838945470335e-05
590311221.2273525	52200303520.890625	186713037944.83	25300527852.143513	2.5022711087636604e-05
590368821.2273525	52735491939.70983	186907691443.60043	25245473637.995495	2.3711529843963213e-05
590426421.2273525	53274372249.57971	187102446618.5429	25191872675.68102	2.274371921410032e-05
590484021.2273525	53816937029.659706	187297299304.89792	25139659408.580276	2.216146145203745e-05
590541621.2273525	54363180061.06045	187492245340.5932	25088769061.50874	2.1992396689331823e-05
590599221.2273525	54913096265.33157	187687280566.4644	25039137673.522335	2.2242850258975953e-05
590656821.2273525	55466681662.570305	187882400826.47626	24990702124.937965	2.2895927131779833e-05
590714421.2273525	56023933352.95243	188077601967.94366	24943400165.706776	2.3915552150408546e-05
590772021.2273525	56584849521.49332	188272879841.7527	24897170438.909016	2.525430994200881e-05
590829621.2273525	57149429462.52861	188468230302.5826	24851952504.562927	2.6861551980078187e-05
590887221.2273525	57717673617.61949	188663649209.12665	24807686859.71773	2.8689311759774015e-05
590944821.2273525	58289583618.2971	188859132424.3142	24764314957.941887	3.069544618131335e-05
591002421.2273525	58865162323.327934	189054675815.5323	24721779226.028107	3.2844613334744286e-05
591060021.2273525	59444413839.19142	189250275254.8474	24680023079.337914	3.510798286330391e-05
591117621.2273525	60027343512.41357	189445926619.2276	24638990935.589622	3.746238452045582e-05
591175221.2273525	60613957883.46576	189641625790.76434	24598628225.89861	3.988931627805143e-05
591232821.2273525	61204264594.133545	189837368656.89462	24558881405.912144	4.237401606136887e-05
591290421.2273525	61798272243.39324	190033151110.62305	24519697963.144707	4.490467269714019e-05
591348021.2273525	62395990190.47266	190228969050.74435	24481026425.364944	4.747178758490721e-05
591405621.2273525	62997428307.348404	190424818382.06525	24442816364.554016	5.0067671797270116e-05
591463221.2273525	63602596685.83593	190620695015.62698	24405018402.58211	5.268605524082158e-05
591520821.2273525	64211505306.24629	190816594868.92764	24367584212.41527	5.532178471149916e-05
591578421.2273525	64824163675.22856	191012513866.1446	24330466521.08077	5.797059090568631e-05
591636021.2273525	65440580440.20586	191208447938.3565	24293619108.249783	6.062890831599555e-05
591693621.2273525	66060762987.45948	191404393023.76636	24256996807.030357	6.329373549283504e-05
591751221.2273525	66684717031.319016	191600345067.92346	24220555500.180916	6.59625260952363e-05
591808821.2273525	67312446203.96111	191796300023.9458	24184252118.525356	6.863310347169194e-05
591866421.2273525	67943951659.49919	191992253852.74298	24148044635.757965	7.130359328786471e-05
591924021.2273525	68579231712.16399	192188202523.23782	24111892064.00527	7.397237006032748e-05
591981621.2273525	69218281535.2619	192384142012.58936	24075754447.908146	7.663801446242578e-05
592039221.2273525	69861092953.06905	192580068306.41473	24039592857.700077	7.929927902227977e-05
592096821.2273525	70507654359.04404	192775977399.0122	24003369382.258022	8.195506039709855e-05
592154421.2273525	71157950788.08519	192971865293.5824	23967047120.303146	8.460437683167019e-05
592212021.2273525	71811964156.8499	193167728002.45126	23930590172.462566	8.724634972769477e-05
592269621.2273525	72469673665.75264	193363561547.2917	23893963630.83601	8.988018849194513e-05
592327221.2273525	73131056333.348	193559361959.3461	23857133570.379196	9.250517801453857e-05
592384821.2273525	73796087614.25372	193755125279.64816	23820067036.834095	9.512066826868553e-05
592442421.2273525	74464742041.0344	193950847559.24423	23782732037.74284	9.77260656308902e-05
592500021.2273525	75136993831.3012	194146524859.41614	23745097529.14359	0.00010032082560362564
592557621.2273525	75812817412.7697	194342153251.90204	23707133405.83133	0.00010290444668704151
592615221.2273525	76492187837.17874	194537728819.1183	23668810487.583805	0.00010547646519664794
592672821.2273525	77175081073.63904	194733247654.381	23630100508.41635	0.00010803645086338606
592730421.2273525	77861474188.74985	194928705862.12735	23590976102.709343	0.00011058400308377557
592788021.2273525	78551345432.25111	195124099558.13687	23551410793.575047	0.00011311874771242763
592845621.2273525	79244674252.60913	195319424869.7521	23511378978.779873	0.00011564033430906463
592903221.2273525	79941441267.78227	195514677936.10025	23470855918.573566	0.00011814843376784319
592960821.2273525	80641628214.04698	195709854908.31348	23429817721.63684	0.00012064273626952945
593018421.2273525	81345217891.72366	195904951949.74933	23388241331.99516	0.0001231229495073358
593076021.2273525	82052194122.06982	196099965236.21185	23346104515.78905	0.00012558879714553414
593133621.2273525	82762541725.12715	196294890956.17126	23303385846.95686	0.00012804001747673948
593191221.2273525	83476246524.19725	196489725310.9844	23260064694.80358	0.00013047636224934877
593248821.2273525	84193295378.80113	196684464515.1144	23216121209.15375	0.00013289759564113793
593306421.2273525	84913676244.30681	196879104796.3505	23171536307.988773	0.0001353034933588449
593364021.2273525	85637378252.69289	197073642396.0273	23126291662.68414	0.00013769384184659445
593421621.2273525	86364391805.07953	197268073569.24448	23080369685.793533	0.00014006843758870318
593479221.2273525	87094708662.82547	197462394585.0855	23033753516.179832	0.00014242708649451664
593536821.2273525	87828322020.53145	197656601726.83655	22986427007.056545	0.0001447696033547168
593594421.2273525	88565226541.85951	197850691292.2049	22938374711.178234	0.00014709581136011473
593652021.2273525	89305418338.47932	198044659593.5376	22889581869.140575	0.0001494055416751513
593709621.2273525	90048894874.48582	198238502958.03934	22840034394.731876	0.00015169863305947395
593767221.2273525	90795654783.7365	198432217727.99023	22789718863.309563	0.00015397493153179663
593824821.2273525	91545697595.54433	198625800260.96368	22738622497.909397	0.00015623429007111827
593882421.2273525	92299023374.00954	198819246930.04303	22686733157.169895	0.00015847656835092105
593940021.2273525	93055632286.26828	199012554124.03937	22634039322.393265	0.00016070163250266083
593997621.2273525	93815524123.07309	199205718247.70755	22580530085.262188	0.00016290935490521845
594055221.2273525	94578697799.7765	199398735721.96292	22526195135.538845	0.00016509961399751606
594112821.2273525	95345150866.26057	199591602984.0974	22471024748.831573	0.00016727229411174545
594170421.2273525	96114879051.10692	199784316487.9953	22415009774.99338	0.00016942728532507578
594228021.2273525	96887875859.76892	199976872704.3486	22358141625.599995	0.0001715644833278517
594285621.2273525	97664132240.5099	200169268120.8724	22300412263.4344	0.00017368378930666156
594343221.2273525	98443636326.98573	200361499242.51938	22241814189.679157	0.000175785109840705
594400821.2273525	99226373263.40198	200553562591.69458	22182340434.16132	0.000177868356810207
594458421.2273525	100012325117.04344	200745454708.46933	22121984542.728703	0.00017993344731568543
594516021.2273525	100801470882.7248	200937172150.7949	22060740567.945766	0.0001819803036070129
594573621.2273525	101593786582.97252	201128711494.71634	21998603056.981213	0.00018400885302140283
594631221.2273525	102389245465.20946	201320069334.58505	21935567042.26819	0.0001860190279294503
594688821.2273525	103187818292.16446	201511242283.27155	21871628030.154667	0.00018801076568855969
594746421.2273525	103989473714.40865	201702226972.37805	21806781991.82348	0.00018998400860304916
594804021.2273525	104794178705.59677	201893020052.44986	21741025352.159508	0.00019193870389039807
594861621.2273525	105601899033.65091	202083618193.18692	21674354981.21739	0.0001938748036530849
594919221.2273525	106412599736.79391	202274018083.6553	21606768183.505276	0.00019579226485558654
594976821.2273525	107226245573.3848	202464216432.49738	21538262689.436657	0.00019769104930609805
595034421.2273525	108042801419.1186	202654209968.14233	21468836645.648876	0.00019957112364258345
595092021.2273525	108862232593.29039	202843995439.01566	21398488606.088913	0.00020143245932287832
595149621.2273525	109684505105.6731	203033569613.74884	21327217523.317924	0.00020327503261847066
595207221.2273525	110509585825.14185	203222929281.3882	21255022739.566757	0.0002050988246117434
595264821.2273525	111337442578.95831	203412071251.6031	21181903978.702328	0.00020690382119639784
595322421.2273525	112168044196.81355	203600992354.89444	21107861337.331223	0.00020869001308084094
595380021.2273525	113001360516.24007	203789689442.8016	21032895277.409588	0.00021045739579436234
595437621.2273525	113837362366.30159	203978159388.11008	20957006617.30008	0.000212205969695858
595495221.2273525	114676021545.2016	204166399085.05768	20880196525.24679	0.00021393573998500836
595552821.2273525	115517310805.26703	204354405449.54095	20802466510.245094	0.00021564671671568957
595610421.2273525	116361203856.11855	204542175419.32043	20723818416.160164	0.0002173389148115362
595668021.2273525	117207675393.95767	204729705954.22614	20644254412.920227	0.00021901235408348447
595725621.2273525	118056701161.7807	204916994036.36194	20563776990.75861	0.0002206670592492205
595783221.2273525	118908258041.79625	205104036670.3098	20482388952.002163	0.00022230305995438334
595840821.2273525	119762324177.10533	205290830883.33328	20400093405.34715	0.00022392039079547268
595898421.2273525	120618879114.5778	205477373725.58044	20316893758.23418	0.00022551909134432572
595956021.2273525	121477903954.78865	205663662270.2868	20232793711.319866	0.00022709920617413663
596013621.2273525	122339381488.22012	205849693613.97678	20147797251.064297	0.00022866078488684093
596071221.2273525	123203296290.65735	206035464876.66562	20061908644.383247	0.00023020388214194665
596128821.2273525	124069634746.39403	206220973202.05984	19975132431.972775	0.00023172855768657918
596186421.2273525	124938384967.64517	206406215757.75787	19887473422.501923	0.0002332348763867948
596244021.2273525	125809536584.42966	206591189735.44965	19798936687.089485	0.00023472290826004563
596301621.2273525	126683080392.15312	206775892351.11572	19709527552.927505	0.00023619272850876452
596359221.2273525	127559007863.19427	206960320845.22604	19619251598.632153	0.0002376444175549957
596416821.2273525	128437310550.54195	207144472482.93793	19528114647.783215	0.00023907806107602644
596474421.2273525	129317979430.66943	207328344554.29327	19436122764.77838	0.00024049375004099604
596532021.2273525	130201004244.02318	207511934374.41556	19343282248.280766	0.0002418915807483697
596589621.2273525	131086372891.48279	207695239283.70605	19249599627.675186	0.00024327165486429765
596647221.2273525	131974070934.21136	207878256648.03934	19155081656.56978	0.00024463407946176755
596704821.2273525	132864081226.12407	208060983858.95813	19059735309.523865	0.0002459789670605207
596762421.2273525	133756383688.16608	208243418333.86786	18963567775.6281	0.00024730643566767856
596820021.2273525	134650955216.66278	208425557516.23035	18866586455.61228	0.0002486166088190466
596877621.2273525	135547769707.13304	208607398875.7568	18768798955.764996	0.0002499096156210226
596935221.2273525	136446798170.64287	208788939908.60007	18670213084.84606	0.00025118559079307263
596992821.2273525	137348008920.6434	208970178137.5468	18570836848.778526	0.0002524446747107513
597050421.2273525	138251367812.04242	209151111112.20816	18470678447.29538	0.00025368701344917303
597108021.2273525	139156838518.7832	209331736409.21045	18369746269.231514	0.00025491275882689774
597165621.2273525	140064382839.82803	209512051632.38495	18268048889.04464	0.00025612206845021144
597223221.2273525	140973961025.3643	209692054412.95676	18165595062.651745	0.00025731510575767783
597280821.2273525	141885532115.22614	209871742409.7334	18062393723.66788	0.0002584920400649926
597338421.2273525	142799054280.5015	210051113309.2925	17958453980.19213	0.00025965304660998393
597396021.2273525	143714485157.92352	210230164826.16858	17853785110.29094	0.0002607983065977777
597453621.2273525	144631782165.81183	210408894703.0398	17748396559.727024	0.0002619280072460331
597511221.2273525	145550902790.675	210587300710.91302	17642297937.063408	0.00026304234183016916
597568821.2273525	146471804835.39227	210765380649.30902	17535499012.046436	0.00026414150972852487
597626421.2273525	147394446622.98532	210943132346.44666	17428009710.562084	0.0002652257164673968
597684021.2273525	148318787153.90448	211120553659.42612	17319840113.252087	0.00026629517376584855
597741621.2273525	149244786218.8386	211297642474.41144	17211000450.750717	0.0002673500995802226
597799221.2273525	150172404472.74402	211474396706.81314	17101501102.34303	0.0002683907181482991
597856821.2273525	151101603478.6333	211650814301.4686	16991352591.378448	0.00026941726003295956
597914421.2273525	152032345731.51117	211826893232.82288	16880565584.001398	0.0002704299621653249
597972021.2273525	152964594673.69046	212002631505.10852	16769150884.88545	0.0002714290678872276
598029621.2273525	153898314712.7048	212178027152.52405	16657119435.78973	0.00027241482699294137
598087221.2273525	154833471252.33115	212353078239.41263	16544482311.94324	0.000273387495770076
598144821.2273525	155770030745.9161	212527782860.43875	16431250719.948656	0.00027434733703948853
598202421.2273525	156707960779.2528	212702139140.7656	16317435995.1328	0.00027529462019414787
598260021.2273525	157647230187.46277	212876145236.22992	16203049598.943762	0.00027622962123680295
598317621.2273525	158587809206.3738	213049799333.51785	16088103116.900208	0.0002771526228163574
598375221.2273525	159529669653.32425	213223099650.3386	15972608255.708282	0.0002780639142627971
598432821.2273525	160472785124.86093	213396044435.59778	15856576841.786274	0.00027896379162056057
598490421.2273525	161417131189.50696	213568631969.57028	15740020817.899796	0.00027985255768022115
598548021.2273525	162362685543.52017	213740860564.0715	15622952242.536503	0.00028073052200831556
598605621.2273525	163309428088.39282	213912728562.6289	15505383285.930698	0.00028159800097520357
598663221.2273525	164257340884.10645	214084234340.65134	15387326229.950924	0.00028245531778077655
598720821.2273525	165206407935.96982	214255376305.59885	15268793464.256643	0.0002833028024778929
598778421.2273525	166156614788.60764	214426152897.15054	15149797486.049192	0.00028414079199335756
598836021.2273525	167107947928.73306	214596562587.3726	15030350896.56009	0.00028496963014628345
598893621.2273525	168060394034.18912	214766603880.8845	14910466400.606543	0.00028578966766367185
598951221.2273525	169013939140.9648	214936275315.025	14790156803.634212	0.0002866012621930435
599008821.2273525	169968567821.17505	215105575460.01715	14669435011.0085	0.0002874047783119149
599066421.2273525	170924262465.28833	215274502919.13205	14548314025.388395	0.0002882005875339711
599124021.2273525	171881002740.64035	215443056328.85223	14426806945.873856	0.00028898906831172896
599181621.2273525	172838765262.9089	215611234359.03375	14304926965.846819	0.00028977060603549936
599239221.2273525	173797523479.42224	215779035713.06784	14182687371.635113	0.0002905455930284539
599296821.2273525	174757247733.41913	215946459128.04105	14060101541.161444	0.0002913144285376136
599354421.2273525	175717905462.17145	216113503374.89493	13937182941.895792	0.0002920775187205486
599412021.2273525	176679461479.09692	216280167258.58463	13813945130.321077	0.00029283527662756983
599469621.2273525	177641878296.82666	216446449618.23694	13690401749.52248	0.0002935881221792487
599527221.2273525	178605116459.7156	216612349327.3066	13566566528.960915	0.0002943364821390013
599584821.2273525	179569134866.36603	216777865293.7323	13442453281.91438	0.0002950807900806014
599642421.2273525	180533891072.80228	216942996460.0918	13318075905.71675	0.00029582148635032783
599700021.2273525	181499341573.91592	217107741803.75598	13193448378.96514	0.0002965590180236325
599757621.2273525	182465442064.6718	217272100337.04123	13068584762.031836	0.00029729383885603467
599815221.2273525	183432147683.88074	217436071107.36258	12943499194.232994	0.00029802640922809863
599872821.2273525	184399413242.8987	217599653197.3837	12818205894.474092	0.00029875719608425633
599930421.2273525	185367193440.2266	217762845725.16782	12692719158.614193	0.00029948667286528884
599988021.2273525	186335443061.36743	217925647844.3266	12567053359.756193	0.00030021531943426896
600045621.2273525	187304117162.0316	218088058744.16824	12441222946.38308	0.00030094362199575907
600103221.2273525	188273171232.20566	218250077649.8452	12315242442.071075	0.0003016720730081037
600160821.2273525	189242561338.8808	218411703822.49942	12189126444.20842	0.00030240117108861115
600218421.2273525	190212244246.31732	218572936559.40863	12062889623.500416	0.0003031314209114604
600276021.2273525	191182177514.3934	218733775194.1298	11936546722.88608	0.00030386333309818296
600333621.2273525	192152319577.5833	218894219096.64255	11810112557.060293	0.00030459742410053625
600391221.2273525	193122629809.11533	219054267673.49164	11683602011.806845	0.0003053342160756598
600448821.2273525	194093068576.6326	219213920367.9273	11557030042.990726	0.000306074236753351
600506421.2273525	195063597297.03345	219373176660.04648	11430411676.708454	0.00030681801929536954
600564021.2273525	196034178498.95868	219532036066.9309	11303762007.678846	0.0003075661021466392
600621621.2273525	197004775901.5283	219690498142.78592	11177096199.991621	0.0003083190288782831
600679221.2273525	197975354517.2345	219848562479.07678	11050429485.322935	0.00030907734802240917
600736821.2273525	198945880785.137	220006228704.66507	10923777163.798399	0.0003098416128985839
600794421.2273525	199916322737.28247	220163496485.9435	10797154602.458921	0.000310612381431975
600852021.2273525	200886650196.09302	220320365526.96967	10670577236.17652	0.0003113902159631415
600909621.2273525	201856834992.84604	220476835569.5987	10544060566.135027	0.00031217568304947255
600967221.2273525	202826851187.1016	220632906393.61496	10417620160.991291	0.00031296935325830023
601024821.2273525	203796675254.59805	220788577816.8627	10291271655.388163	0.00031377180095177253
601082421.2273525	204766286198.67642	220943849695.37558	10165030751.193981	0.00031458360406350083
601140021.2273525	205735665531.49207	221098721923.50488	10038913216.419336	0.00031540534386714694
601197621.2273525	206704797071.5346	221253194434.04678	9912934886.000153	0.0003162376047370439
601255221.2273525	207673666518.7928	221407267198.36865	9787111661.564117	0.00031708097390100587
601312821.2273525	208642260800.8172	221560940226.53403	9661459511.675217	0.0003179360411855268
601370421.2273525	209610567228.09534	221714213567.42642	9535994472.143185	0.0003188033987535701
601428021.2273525	210578572543.90045	221867087308.8725	9410732646.341661	0.0003196836408351825
601485621.2273525	211546261985.79584	222019561577.76297	9285690205.690182	0.00032057736345122333
601543221.2273525	212513618479.7877	222171636540.17395	9160883389.942	0.00032148516413048903
601600821.2273525	213480622060.7121	222323312401.48563	9036328508.383818	0.0003224076416205644
601658421.2273525	214447249563.60974	222474589406.50082	8912041939.452456	0.00032334539559277284
601716021.2273525	215413474577.99115	222625467839.56195	8788040132.957033	0.00032429902634160084
601773621.2273525	216379267616.20233	222775948024.66666	8664339609.370514	0.00032526913447901586
601831221.2273525	217344596426.81964	222926030325.58273	8540956962.465087	0.00032625632062412846
601888821.2273525	218309426383.3701	223075715145.96158	8417908858.762872	0.00032726118508866745
601946421.2273525	219273720891.2531	223225002929.4503	8295212040.344207	0.0003282843275587657
602004021.2273525	220237441773.85367	223373894159.8031	8172883324.726685	0.0003293263467735938
602061621.2273525	221200549616.5294	223522389360.99072	8050939607.646404	0.00033038784020137204
602119221.2273525	222163004061.22687	223670489097.30966	7929397863.47044	0.00033146940371336345
602176821.2273525	223124764053.9443	223818193973.48904	7808275148.191074	0.0003325716312564143
602234421.2273525	224085788052.53784	223965504634.7973	7687588600.204236	0.00033369511452466396
602292021.2273525	225046034204.41092	224112421767.14703	7567355443.402226	0.00033484044263108195
602349621.2273525	226005460503.4628	224258946097.19846	7447592988.753379	0.00033600820177944157
602407221.2273525	226964024934.17325	224405078392.46228	7328318637.07224	0.0003371989749374208
602464821.2273525	227921685608.5334	224550819461.40094	7209549881.778831	0.0003384133415114836
602522421.2273525	228878400899.2099	224696170153.528	7091304311.366086	0.0003396518770242511
602580021.2273525	229834129570.21393	224841131359.5078	6973599613.061011	0.00034091515279501905
602637621.2273525	230788830904.72092	224985704011.2518	6856453575.480352	0.0003422037356241213
602695221.2273525	231742464828.73407	225129889082.0157	6739884093.05199	0.00034351818748185254
602752821.2273525	232694992029.0757	225273687586.49353	6623909168.799056	0.00034485906520260106
602810421.2273525	233646374064.71375	225417100580.91156	6508546919.820973	0.000346226920184917
602868021.2273525	234596573471.55502	225560129163.1205	6393815580.222304	0.00034762229809814297
602925621.2273525	235545553862.35843	225702774472.68622	6279733507.664333	0.00034904573859631625
602983221.2273525	236493280025.0823	225845037690.9795	6166319186.509416	0.0003504977750399679
603040821.2273525	237439718024.49478	225986920041.26437	6053591235.274131	0.00035197893422644455
603098421.2273525	238384835312.94736	226128422788.7847	5941568410.727946	0.00035348973612938555
603156021.2273525	239328600856.51013	226269547240.85004	5830269615.560488	0.00035503069364792674
603213621.2273525	240270985281.84552	226410294746.9196	5719713904.026304	0.00035660231236621327
603271221.2273525	241211961046.80853	226550666698.68533	5609920489.846267	0.00035820509032372127
603328821.2273525	242151502633.34027	226690664530.15335	5500908753.290415	0.0003598395177969402
603386421.2273525	243089586754.29834	226830289717.72385	5392698249.715111	0.00036150607709284984
603444021.2273525	244026192556.27356	226969543780.26965	5285308717.9937315	0.00036320524235465096
603501621.2273525	244961301788.65085	227108428279.21402	5178760089.680527	0.0003649374793801336
603559221.2273525	245894898896.94305	227246944818.60638	5073072499.294441	0.00036670324545306463
603616821.2273525	246826970989.22934	227385095045.19614	4968266293.870151	0.0003685029891878915
603674421.2273525	247757507623.5507	227522880648.50708	4864362045.222438	0.0003703371503880709
603732021.2273525	248686500376.94226	227660303360.90747	4761380560.130727	0.0003722061599182261
603789621.2273525	249613942186.67273	227797364957.68155	4659342894.314265	0.00037411043959036615
603847221.2273525	250539826498.48956	227934067257.09723	4558270363.865409	0.00037605040206428606
603904821.2273525	251464146304.59	228070412120.4739	4458184560.556136	0.0003780264507622735
603962421.2273525	252386893189.2315	228206401452.24863	4359107364.729429	0.00038003897979817377
604020021.2273525	253308056507.36508	228342037200.0395	4261060962.088385	0.0003820883739208483
604077621.2273525	254227622796.26828	228477321354.70935	4164067857.817054	0.00038417500847197844
604135221.2273525	255145575470.28714	228612255950.42682	4068150894.7332773	0.0003862992493581769
604192821.2273525	256061894792.36502	228746843064.72592	3973333268.8810835	0.00038846145303726373
604250421.2273525	256976558071.0232	228881084818.5651	3879638548.4615564	0.0003906619665185912
604308021.2273525	257889540008.03552	229014983376.38336	3787090691.1116085	0.00039290112737720863
604365621.2273525	258800813120.37198	229148540946.156	3695714062.685047	0.00039517926378163657
604423221.2273525	259710348173.4068	229281759779.44824	3605533455.9236026	0.00039749669453500037
604480821.2273525	260618114582.36746	229414642171.4675	3516574108.8272166	0.00039985372912922096
604538421.2273525	261524080758.75232	229547190461.1141	3428861723.4560113	0.00040225066781191795
604596021.2273525	262428214394.24106	229679407031.03024	3342422483.1955404	0.0004046878016656863
604653621.2273525	263330482685.3519	229811294307.64752	3257283070.383876	0.0004071654126993407
604711221.2273525	264230852508.25113	229942854761.2332	3173470680.746909	0.0004096837739507122
604768821.2273525	265129290555.8162	230074090905.93433	3091013038.2656374	0.0004122431496005679
604826421.2273525	266025763449.42047	230205005299.82037	3009938404.3402653	0.0004148437950971807
604884021.2273525	266920237836.8705	230335600544.92456	2930275586.8275948	0.00041748595729108125
604941621.2273525	267812680486.08893	230465879287.28333	2852053941.182588	0.0004201698745794773
604999221.2273525	268703058381.90665	230595844216.97446	2775303369.424168	0.0004228957770598613
605056821.2273525	269591338830.95554	230725498068.15277	2700054308.773892	0.0004256638866922399
605114421.2273525	270477489577.3268	230854843619.08548	2626337714.8465896	0.0004284744174695058
605172021.2273525	271361478929.56512	230983883692.18414	2554185031.9405394	0.00043132757559536256
605229621.2273525	272243275897.86526	231112621154.03705	2483628153.1820493	0.0004342235596693073
