573319221.2273525	-141584065527.568	45684190946.16821	-21033367.71882826	-9932.9943164093	-28939.53050481743	0.9006915533942349	4000.0
573376821.2273525	-142146693194.52008	44013851700.24296	-20979709.524525225	-9602.451652562799	-29057.71419864342	0.962871677399244	3998.0752709636495
573434421.2273525	-142690241134.40823	42336816839.79229	-20922394.75962406	-9270.511939613527	-29172.014096660092	1.0276633342164072	3996.1376037007803
573492021.2273525	-143214630287.5351	40653310587.45734	-20861271.706061244	-8937.224193180093	-29282.412394786345	1.095111335676391	3994.1868639175677
573549621.2273525	-143719784425.31683	38963558171.876564	-20796186.083847314	-8602.637698475433	-29388.891967462932	1.1652598243518404	3992.222926090149
573607221.2273525	-144205630165.51138	37267785788.460754	-20726981.0898491	-8266.801999829488	-29491.43637258961	1.238152265499999	3990.2456733557283
573664821.2273525	-144672096986.83878	35566220559.88708	-20653497.437030938	-7929.766890107342	-29590.029856279667	1.3138314391749113	3988.2549973991627
573722421.2273525	-145119117242.98996	33859090496.326332	-20575573.394145623	-7591.582400027107	-29684.657357429885	1.3923394325096352	3986.250798335615
573780021.2273525	-145546626176.01666	32146624455.41064	-20493044.825864695	-7252.298787380405	-29775.304512103125	1.47371763216888	3984.232984589815
573837621.2273525	-145954561929.09842	30429052101.955715	-20405745.23333876	-6911.966526159917	-29861.957657721825	1.558006716972463	3982.2014727724363
573895221.2273525	-146342865558.68076	28706603867.44598	-20313505.795177683	-6570.63629559706	-29944.603837069775	1.645246650689959	3980.1561875540624
573952821.2273525	-146711481045.97852	26979510909.29515	-20216155.408840872	-6228.35896911397	-30023.23080210011	1.7354766750068504	3978.097061537175
574010421.2273525	-147060355307.84146	25248005069.893326	-20113520.732427757	-5885.185603193592	-30097.82701754796	1.8287353026625985	3976.02403512657
574068021.2273525	-147389438206.9763	23512318835.45128	-20005426.226858612	-5541.167426171589	-30168.381664345092	1.925060310760855	3973.9370563985763
574125621.2273525	-147698682561.52048	21772685294.65392	-19891694.198435664	-5196.355826954198	-30234.884642835386	2.0244887342521922	3971.8360809694054
574183221.2273525	-147988044153.96463	20029338097.134556	-19772144.841774683	-4850.802343665984	-30297.32657578887	2.1270568595895725	3969.7210718629563
574240821.2273525	-148257481739.41916	18282511411.781147	-19646596.283097032	-4504.558652231448	-30355.698811213042	2.232800218556864	3967.5919993783486
574298421.2273525	-148506957053.2205	16532439884.886389	-19514864.623872124	-4157.676554894626	-30409.993424959463	2.34175358227061	3965.448840957445
574356021.2273525	-148736434817.8759	14779358598.153893	-19376763.984800532	-3810.2079686808115	-30460.203223124678	2.4539509553552867	3963.2915810525915
574413621.2273525	-148945882749.34094	13023503026.572094	-19232106.550127454	-3462.204913804585	-30506.32174424356	2.569425570292285	3961.120210994784
574471221.2273525	-149135271562.62787	11265108996.167253	-19080702.61227673	-3113.719502028146	-30548.343261273894	2.6882098819427394	3958.9347288624485
574528821.2273525	-149304574976.74298	9504412641.648996	-18922360.61679541	-2764.8039249745143	-30586.26278337142	2.810335562244448	3956.735139350999
574586421.2273525	-149453769718.94812	7741650363.958808	-18756887.207598552	-2415.510442399459	-30620.07605745335	2.9358334950829814	3954.5214536433195
574644021.2273525	-149582835528.3476	5977058787.735453	-18584087.272504725	-2065.8913704268375	-30649.779569550345	3.0647337713371305	3952.2936892813022
574701621.2273525	-149691755158.79437	4210874718.707883	-18403763.989051543	-1715.9990697513103	-30675.37054594516	3.1970656840988174	3950.051870038548
574759221.2273525	-149780514381.11765	2443335101.0292215	-18215718.87058178	-1365.8859338130192	-30696.846954097735	3.3328577240675514	3947.796025794334
574816821.2273525	-149849101984.66714	674676974.5635862	-18019751.812589575	-1015.60437694848	-30714.20750335554	3.4721375751195183	3945.5261924089295
574874421.2273525	-149897509778.17563	-1094862567.8625615	-17815661.139316857	-665.2068225219356	-30727.451645448993	3.614932110051347	3943.2424116003285
574932021.2273525	-149925732589.93665	-2865046423.229503	-17603243.650601063	-314.7456910420723	-30736.57957477105	3.761267386482137	3940.9447308224626
574989621.2273525	-149933768267.297	-4635637521.105961	-17382294.668908797	35.72661173238782	-30741.592228440648	3.911168642996099	3938.6332031449415
575047221.2273525	-149921617675.46478	-6406398866.425727	-17152608.08665502	386.1577066927798	-30742.491286149692	4.064660295361284	3936.307887134361
575104821.2273525	-149889284695.63187	-8177093582.250731	-16913976.413688876	736.4952532826143	-30739.279169793484	4.221765932988735	3933.96884673721
575162421.2273525	-149836776222.41025	-9947484952.506065	-16666190.824990114	1086.6869613968988	-30731.959042884177	4.38250831554999	3931.6161511643963
575220021.2273525	-149764102160.58325	-11717336464.674637	-16409041.208555313	1436.6806032742618	-30720.534809747336	4.546909369769217	3929.249874777413
575277621.2273525	-149671275421.1728	-13486411852.44021	-16142316.21346383	1786.4240253776388	-30705.011114501835	4.714990186389966	3926.8700969761485
575335221.2273525	-149558311916.82217	-15254475138.26453	-15865803.29811347	2135.8651602587784	-30685.393339823113	4.886771017316431	3924.476902088348
575392821.2273525	-149425230556.49567	-17021290675.88768	-15579288.77861577	2484.9520384023804	-30661.68760548988	5.062271272929129	3922.0703792607273
575450421.2273525	-149272053239.49786	-18786623192.737957	-15282557.877340902	2833.6328000452345	-30633.900766715127	5.24150951957485	3919.6506223517263
575508021.2273525	-149098804848.8115	-20550237832.23955	-14975394.77160209	3181.855706966039	-30602.04041226135	5.424503477230764	3917.2177298259003
575565621.2273525	-148905513243.75858	-22311900196.006058	-14657582.642469656	3529.5691542415666	-30566.1148623411	5.611270017342554	3914.7718046499313
575623221.2273525	-148692209251.98392	-24071376385.905853	-14328903.723704446	3876.721681964478	-30526.133166302916	5.8018251608363	3912.3129541902463
575680821.2273525	-148458926660.7663	-25828433045.988575	-13989139.350800928	4223.261986918682	-30482.105100104112	5.9961840763040355	3909.841290112221
575738421.2273525	-148205702207.65842	-27582837404.260544	-13638070.010129679	4569.138934207863	-30434.041163570822	6.19436107836273	3907.356928280953
575796021.2273525	-147932575570.45673	-29334357314.2948	-13275475.388169453	4914.301568832498	-30381.95257744617	6.396369626186388	3904.859988663575
575853621.2273525	-147639589356.50815	-31082761296.666245	-12901134.42081885	5258.699127211437	-30325.851280228137	6.6022223222111505	3902.3505952330916
575911221.2273525	-147326789091.35403	-32827818580.198437	-12514825.342777532	5602.281048643577	-30265.74992479797	6.811930911013042	3899.8288758737067
575968821.2273525	-146994223206.71527	-34569299143.009384	-12116325.73698717	5944.996986705173	-30201.661874840276	7.025506278358099	3897.2949622876235
576026421.2273525	-146641943027.8233	-36306973753.3461	-11705412.58412213	6286.796820578884	-30133.601201056386	7.242958450424608	3894.7489899032803
576084021.2273525	-146270002760.1014	-38040614010.19516	-11281862.31211997	6627.63066631018	-30061.582677172617	7.4642965931971075	3892.1910977850007
576141621.2273525	-145878459475.1981	-39769992383.65621	-10845450.845741974	6967.448887986689	-29985.621775744326	7.689529012031823	3889.62142854403
576199221.2273525	-145467373096.3802	-41494882255.069565	-10395953.656153731	7306.202108836848	-29905.73466375816	7.918663151393178	3887.040128250925
576256821.2273525	-145036806383.289	-43215057956.88357	-9933145.810516002	7643.841222243291	-29821.93819803384	8.151705594761061	3884.447346349271
576314421.2273525	-144586824916.06412	-44930294812.25214	-9456802.021576006	7980.317402667195	-29734.249920427264	8.388662064708347	3881.843235570698
576372021.2273525	-144117497078.84067	-46640369174.349464	-8966696.697249353	8315.58211647939	-29642.68805283708	8.629537423148408	3879.2279518511673
576429621.2273525	-143628894042.62653	-48345058465.39262	-8462603.990182836	8649.587132694447	-29547.27149201667	8.874335671752089	3876.6016542484977
576487221.2273525	-143121089747.562	-50044141215.358376	-7944297.847288346	8982.284533603563	-29448.019804193347	9.123059952533715	3873.964504861107
576544821.2273525	-142594160884.57278	-51737397100.38623	-7411552.059238121	9313.626725302733	-29344.953219497602	9.375712548605796	3871.316668747938
576602421.2273525	-142048186876.4172	-53424606980.853546	-6864140.309911786	9643.566448111958	-29238.092626203907	9.632294885101699	3868.6583138495444
576660021.2273525	-141483249858.13794	-55105552939.114784	-6301836.225785277	9972.056786882134	-29127.459564786084	9.892807530266134	3865.989610910308
576717621.2273525	-140899434656.9228	-56780018316.89235	-5724413.425252264	10299.051181185587	-29013.076221789193	10.15725019671261	3863.3107334017614
576775221.2273525	-140296828771.38245	-58447787752.30937	-5131645.567868306	10624.50343538681	-28894.965423520884	10.425621742847593	3860.621857446993
576832821.2273525	-139675522350.25107	-60108647216.55443	-4523306.4035081025	10948.367728589794	-28773.150629564447	10.697920174460679	3857.9231617461064
576890421.2273525	-139035608170.5178	-61762384050.16699	-3899169.821426486	11270.598624458291	-28647.6559261164	10.974142646480251	3855.2148275027102
576948021.2273525	-138377181614.99677	-63408786998.93384	-3259009.89921361	11591.151080905584	-28518.506019151515	11.25428546489408	3852.4970383514183
577005621.2273525	-137700340649.34186	-65047646249.38833	-2602600.9516344685	11909.980459650715	-28385.726227417814	11.538344088834258	3849.769980286334
577063221.2273525	-137005185798.51643	-66678753463.89956	-1929717.579343981	12227.042535637132	-28249.34247526469	11.8263131328258	3847.033841590497
577120821.2273525	-136291820122.72305	-68301901815.344894	-1240134.71746759	12542.293506311285	-28109.38128530715	12.118186369198405	3844.288812766273
577178421.2273525	-135560349192.80362	-69916886021.35478	-533627.6840384041	12855.690000757364	-27965.869770928763	12.41395673066056	3841.5350864666625
577236021.2273525	-134810881065.1173	-71523502378.12126	190027.7717186644	13167.189088685449	-27818.83562862715	12.71361631303554	3838.7728574275125
577293621.2273525	-134043526255.9061	-73121548793.76154	931055.4212649942	13476.748289269915	-27668.30713020484	13.01715637815846	3836.002322400611
577351221.2273525	-133258397715.15372	-74710824821.22653	1689678.508797788	13784.325579835	-27514.31311480837	13.324567356933692	3833.2236800876412
577408821.2273525	-132455610799.95009	-76291131690.74725	2466119.7034803615	14089.879404384868	-27356.88298081959	13.635838852552059	3830.4371310749852
577466421.2273525	-131635283247.36899	-77862272341.80971	3260601.051862306	14393.36868197523	-27196.046677602324	13.950959643866994	3827.642877769354
577524021.2273525	-130797535146.86786	-79424051454.6506	4073343.930498741	14694.752814923886	-27031.834697107537	14.269917688928919	3824.8411243342293
577581621.2273525	-129942488912.21877	-80976275481.26488	4904568.998777553	14993.991696857342	-26864.278065340648	14.59270012867703	3822.0320766271025
577639221.2273525	-129070269252.98178	-82518752675.91846	5754496.151963921	15291.04572059126	-26693.408333694864	14.919293290787932	3819.2159421374954
577696821.2273525	-128181003145.52907	-84051293125.15808	6623344.474470989	15585.875785841998	-26519.25757015359	15.249682693680066	3816.3929299257456
577754421.2273525	-127274819803.62842	-85573708777.30988	7511332.193365577	15878.443306766907	-26341.85835036578	15.583853050673246	3813.5632505625467
577812021.2273525	-126351850648.5993	-87085813471.46152	8418676.632118091	16168.710219331224	-26161.243748598026	15.921788274302534	3810.7271160692267
577869621.2273525	-125412229279.04866	-88587422965.91893	9345594.164605211	16456.63898849918	-25977.447328567076	16.2634714807855	3807.8847398587536
577927221.2273525	-124456091440.19728	-90078354966.13159	10292300.169374289	16742.19261524714	-25790.503134156166	16.60888499464211	3805.036336677457
577984821.2273525	-123483574992.8084	-91558429152.08026	11259008.984178293	17025.334643397036	-25600.445680019726	16.95801035346629	3802.1821225474514
578042421.2273525	-122494819881.7268	-93027467205.12018	12245933.860789923	17306.02916626779	-25407.309942079522	17.310828312848344	3799.322314709754
578100021.2273525	-121489968104.0412	-94485292834.27386	13253286.920103522	17584.24083314304	-25211.131347916682	17.667318851447302	3796.457131568082
578157621.2273525	-120469163676.87836	-95931731801.96744	14281279.107533576	17859.934855553474	-25011.945767063226	18.027461176212288	3793.586792633323
578215221.2273525	-119432552604.84143	-97366611949.20525	15330120.14871806	18133.07701337186	-24809.78950119725	18.39123372775194	3790.71151846867
578272821.2273525	-118380282847.10266	-98789763220.17686	16400018.50553552	18403.633660719428	-24604.699274245504	18.758614185850984	3787.8315306354048
578330421.2273525	-117312504284.16063	-100201017686.29108	17491181.33244381	18671.571731681874	-24396.712222397608	19.12957947513299	3784.947051639333
578388021.2273525	-116229368684.27481	-101600209569.63327	18603814.433149643	18936.858745833928	-24185.865884035804	19.50410577086829	3782.05830487785
578445621.2273525	-115131029669.5865	-102987175265.83891	19738122.21761629	19199.462813570677	-23972.198189584324	19.882168504926124	3779.1655145876393
578503221.2273525	-114017642681.93877	-104361753366.38176	20894307.659418788	19459.352641245023	-23755.74745128249	20.26374237186998	3776.268905792993
578560821.2273525	-112889364948.40631	-105723784680.26978	22072572.253454	19716.49753610961	-23536.55235288551	20.648801335195134	3773.368704254744
578618421.2273525	-111746355446.54579	-107073112255.14616	23273115.97401402	19970.86741106253	-23314.651939297317	21.0373186337072	3770.46513641981
578676021.2273525	-110588774869.3783	-108409581397.79137	24496137.23323122	20222.432789195773	-23090.085606139157	21.42926678804092	3767.5584293713378
578733621.2273525	-109416785590.11703	-109733039694.023	25741832.839902744	20471.164808145662	-22862.89308925868	21.82461760731795	3764.648810779444
578791221.2273525	-108230551626.64777	-111043337027.98848	27010397.958702173	20717.03522424427	-22633.11445418289	22.22334219594244	3761.736508852546
578848821.2273525	-107030238605.7782	-112340325600.85065	28302026.069787145	20960.01641647161	-22400.790085519853	22.625410960533646	3758.821752289279
578906421.2273525	-105816013727.26361	-113623859948.85954	29616908.928809587	21200.081390207608	-22165.960676312683	23.030793616994153	3755.904770230992
578964021.2273525	-104588045727.6237	-114893796960.81113	30955236.527337275	21437.20378078363	-21928.667217350445	23.439459197712733	3752.9857922148194
579021621.2273525	-103346504843.7591	-116149995894.88829	32317197.053694166	21671.357856833154	-21688.9509864397	23.851376058900694	3750.0650481273246
579079221.2273525	-102091562776.38269	-117392318394.88393	33702976.854227126	21902.51852344147	-21446.853537641335	24.266511888060624	3747.1427681587093
579136821.2273525	-100823392653.27278	-118620628505.8013	35112760.39500617	22130.661325093704	-21202.416690476042	24.684833711586045	3744.219182757585
579194421.2273525	-99542168992.36444	-119834792688.83424	36546730.22396717	22355.76244842185	-20955.682519103517	25.10630790249141	3741.2945225863027
579252021.2273525	-98248067664.68745	-121034679835.72133	38005066.93350238	22577.79872475008	-20706.693341478724	25.53090018827055	3738.3690184768407
579309621.2273525	-96941265857.16333	-122220161282.47597	39487949.12350814	22796.74763243899	-20455.491708489728	25.958575658882893	3735.4429013872386
579367221.2273525	-95621942035.27322	-123391110822.49028	40995553.364895865	23012.587299028542	-20202.12039308099	26.389298774866006	3732.5164023585844
579424821.2273525	-94290275905.60887	-124547404719.01187	42528054.16357403	23225.29650318032	-19946.62237936644	26.823033375573218	3729.5897524725433
579482421.2273525	-92946448378.31647	-125688921716.99364	44085623.92490805	23434.854676419156	-19689.040851736085	27.259742687535184	3726.6631828094305
579540021.2273525	-91590641529.44626	-126815543054.31566	45668432.91866562	23641.241904674887	-19429.41918396038	27.699389332944023	3723.7369244068223
579597621.2273525	-90223038563.21948	-127927152472.38005	47276649.24445391	23844.43892962454	-19167.800928296267	28.141935338258826	3720.811208218703
579655221.2273525	-88843823774.22339	-129023636226.07787	48910438.79765622	24044.42714983563	-18904.229804599017	28.587342142931266	3717.886265075147
579712821.2273525	-87453182509.5461	-130104883093.12964	50569965.23587443	24241.188621711397	-18638.749689443604	29.03557060824988	3714.9623256425307
579770421.2273525	-86051301130.86264	-131170784382.79929	52255389.945884325	24434.706060238717	-18371.404605259704	29.48658102630192	3712.039620384273
579828021.2273525	-84638366976.48436	-132221233943.98293	53966872.011110485	24624.962839539425	-18102.238709484274	29.940333129051243	3709.118379522104
579885621.2273525	-83214568323.38039	-133256128172.67323	55704568.1796274	24811.942993226236	-17831.2962837352	30.396786097531056	3706.1988329978567
579943221.2273525	-81780094349.18663	-134275366018.80151	57468632.832693495	24995.63121456428	-17558.62172301047	30.85589857115009	3703.2812104357804
580000821.2273525	-80335135094.20924	-135278848992.45752	59259217.953823954	25176.012856439163	-17284.259524916084	31.317628657110866	3700.365741105374
580058421.2273525	-78879881423.4357	-136266481169.49025	61076473.098409764	25353.07393113301	-17008.254278926583	31.78193393993864	3697.452653884738
580116021.2273525	-77414524988.56505	-137238169196.4915	62920545.36388854	25526.80110990972	-16730.6506556823	32.248771491119754	3694.5421772244413
580173621.2273525	-75939258190.0669	-138193822295.1634	64791579.36047364	25697.181722410645	-16451.493396326485	32.71809787884789	3691.6345391119007
580231221.2273525	-74454274139.28099	-139133352266.07343	66689717.182447724	25864.203755862312	-16170.827301886186	33.18986917787679	3688.729967036276
580288821.2273525	-72959766620.56705	-140056673491.7992	68615098.38002703	26027.855854097656	-15888.697222700468	33.66404097947816	3685.828687953869
580346421.2273525	-71455930053.5175	-140963702939.4652	70567859.93180189	26188.127316392212	-15605.148047899485	34.140568401503266	3682.930928254037
580404021.2273525	-69942959455.2417	-141854360162.67584	72548136.21776007	26345.00809611714	-15320.22469493783	34.619406098546655	3680.0369137256066
580461621.2273525	-68421050402.73294	-142728567302.84656	74556058.99289834	26498.488799210663	-15033.972099185663	35.100508272210746	3677.1468695237954
580519221.2273525	-66890398995.329216	-143586249089.93777	76591757.36142817	26648.56068246969	-14746.435203580984	35.58382868146975	3674.2610201376337
580576821.2273525	-65351201817.277084	-144427332842.59384	78655357.75158085	26795.21565166364	-14457.658948346441	36.0693206531313	3671.379589357888
580634421.2273525	-63803655900.409454	-145251748467.69266	80746983.89101876	26938.446259472203	-14167.688260773773	36.55693709239458	3668.5028002454824
580692021.2273525	-62247958686.94713	-146059428459.3079	82866756.78285685	27078.24570324919	-13876.568045079344	37.04663049350324	3665.6308751004153
580749621.2273525	-60684307992.43421	-146850307897.0898	85014794.6823006	27214.607822614376	-13584.34317233381	37.53835295049166	3662.7640354311743
580807221.2273525	-59112901968.81664	-147624324444.06757	87191213.07390583	27347.527096875616	-13291.05847046895	38.03205616802296	3659.902501924639
580864821.2273525	-57533939067.67498	-148381418343.87885	89396124.64946511	27476.99864228319	-12996.758714364945	38.527691472317464	3657.0464944164796
580922421.2273525	-55947618003.619255	-149121532417.43024	91629639.28652625	27603.018209118836	-12701.48861602082	39.02520982216978	3654.196231862038
580980021.2273525	-54354137717.8564	-149844612058.9946	93891864.02754818	27725.582178621586	-12405.292814811164	39.52456182005316	3651.3519323077026
581037621.2273525	-52753697341.93984	-150550605231.74927	96182903.05969861	27844.687559752772	-12108.215867831954	40.025697723309406	3648.5138128627627
581095221.2273525	-51146496161.70935	-151239462462.7608	98502857.6952986	27960.331985802713	-11810.302240338231	40.52856745542305	3645.682089671748
581152821.2273525	-49532733581.43134	-151911136837.42203	100851826.35291922	28072.513710841286	-11511.596296276424	41.033120617377705	3642.856977887248
581210421.2273525	-47912609088.147964	-152565583993.34653	103229904.53913459	28181.231606015146	-11212.142288913998	41.53930649909366	3640.038691643207
581268021.2273525	-46286322216.24362	-153202762113.72546	105637184.83093579	28286.485155693845	-10911.984351568948	42.0470740909446	3637.2274440287024
581325621.2273525	-44654072512.237686	-153822631920.1544	108073756.85881044	28388.274453467693	-10611.16648844173	42.5563720953519	3634.4234470621873
581383221.2273525	-43016059499.81273	-154425156664.93457	110539707.29049265	28486.600197999807	-10309.732565552311	43.06714893845537	3631.626911666213
581440821.2273525	-41372482645.08469	-155010302122.85513	113035119.81538695	28581.463688734995	-10007.726301784236	43.57935278185801	3628.8380476426155
581498421.2273525	-39723541322.124825	-155578036582.46268	115560075.12967095	28672.866821468375	-9705.191260038577	44.09293153444386	3626.0570636481707
581556021.2273525	-38069434778.7415	-156128330836.82498	118114650.92208089	28760.812083776265	-9402.170838499822	44.60783286426705	3623.284167170714
581613621.2273525	-36410362102.52746	-156661158173.79404	120698921.86038382	28845.30255031211	-9098.708262015682	45.12400421051002	3620.5195645057224
581671221.2273525	-34746522187.18353	-157176494365.77664	123312959.57854077	28926.341877970503	-8794.84657359344	45.64139279551005	3617.7634607333525
581728821.2273525	-33078113699.123875	-157674317659.01834	125956832.6645642	29003.934300921832	-8490.628626014402	46.15994563685164	3615.0160596959404
581786421.2273525	-31405335044.37079	-158154608762.40768	128630606.64907417	29078.084625520623	-8186.097073568762	46.679609559523556	3612.27756397595
581844021.2273525	-29728384335.74623	-158617350835.80804	131334343.9945566	29148.798225090362	-7881.2943639125515	47.200331208138564	3609.5481748743778
581901621.2273525	-28047459360.367985	-159062529477.9239	134068104.08532672	29216.08103458787	-7576.262730048838	47.722057059214414	3606.8280923896014
581959221.2273525	-26362757547.45585	-159490132713.70905	136831943.21820217	29279.939545150013	-7271.044182434606	48.2447334335142	3604.1175151966772
582016821.2273525	-24674475936.455624	-159900150981.32364	139625914.59388822	29340.3807985258	-6965.680501215231	48.76830650844439	3601.4166406270783
582074421.2273525	-22982811145.48659	-160292577118.64752	142450068.30907866	29397.41238139687	-6660.213228588051	49.29272233050878	3598.725664648873
582132021.2273525	-21287959340.119946	-160667406349.35785	145304451.34927633	29451.04241958939	-6354.6836612967545	49.81792682781698	3596.0447818473413
582189621.2273525	-19590116202.49309	-161024636268.57782	148189107.58233458	29501.27957218036	-6049.13284325785	50.34386582264512	3593.3741854060204
582247221.2273525	-17889476900.76644	-161364266828.10468	151104077.75272417	29548.13302550133	-5743.601558320764	50.87048504404738	3590.714067088186
582304821.2273525	-16186236058.92921	-161686300321.22476	154049399.47652885	29591.612487042774	-5438.130323163034	51.39773014051688	3588.0646172187567
582362421.2273525	-14480587726.957823	-161990741367.12283	157025107.23716992	29631.728179261907	-5132.759380321424	51.925546692693366	3585.4260246666254
582420021.2273525	-12772725351.334871	-162277596894.89404	160031232.38186535	29668.490833297343	-4827.528691360716	52.453880226116866	3582.7984768274064
582477621.2273525	-11062841745.932312	-162546876127.16705	163067803.11882457	29701.91168259342	-4522.47793018094	52.98267622402489	3580.182159606604
582535221.2273525	-9351129063.263906	-162798590563.3446	166134844.51518115	29732.002456437418	-4217.646476464055	53.51188014019148	3577.577257403192
582592821.2273525	-7637778766.113358	-163032753962.4714	169232378.4956663	29758.77537341283	-3913.073409261434	54.04143741180679	3574.9839530936056
582650421.2273525	-5922981599.541066	-163249382325.7366	172360423.84202597	29782.243134771663	-3608.7975007225778	54.571293472394856	3572.4024280161343
582708021.2273525	-4206927563.275055	-163448493878.61887	175518996.19318214	29802.41891772887	-3304.8572099663156	55.10139376476796	3569.8328619557237
582765621.2273525	-2489805884.4907155	-163630109052.68277	178708108.0461421	29819.316368682277	-3001.2906770949558	55.631683754016024	3567.2754331291717
582823221.2273525	-771804990.9827715	-163794250467.03473	181927768.75765646	29832.949596360766	-2698.1357173523543	56.162108940528874	3564.730318170721
582880821.2273525	946887515.2660772	-163940942909.4461	185177984.54662764	29843.33316490404	-2395.4298154261915	56.6926148730496	3562.1976921180435
582938421.2273525	2666084884.115991	-164070213317.15262	188458758.49727276	29850.482086877033	-2093.2101198953933	57.22314716175762	3559.677728398609
582996021.2273525	4385601242.896563	-164182090757.3379	191770090.56303892	29854.411816221967	-1791.5134378228843	57.753651491379024	3557.1705988164404
583053621.2273525	6105251621.625351	-164276606407.31055	195111977.57127565	29855.138241151388	-1490.376229494379	58.28407363432289	3554.6764735392458
583111221.2273525	7824851977.8166485	-164353793534.38095	198484413.22866416	29852.677676984847	-1189.834603303154	58.81435946384124	3552.195521085926
583168821.2273525	9544219220.874289	-164413687475.44907	201887388.1274058	29847.04685893282	-889.9243107816767	59.3444549672115	3549.7279083144517
583226421.2273525	11263171236.069122	-164456325616.3093	205320889.75216994	29838.26293483038	-590.680741779671	59.87430625893871	3547.273800410108
583284021.2273525	12981526908.09542	-164481747370.6825	208784902.48780236	29826.3434578241	-292.13891978934	60.40385959397646	3544.8333608741
583341621.2273525	14699106144.205149	-164489994158.98245	212279407.62779722	29811.306379015023	5.666502582535941	60.93306138096435	3542.406751512517
583399221.2273525	16415729896.917332	-164481109386.82614	215804383.38353026	29793.170040060628	302.7012479953878	61.46185819547992	3539.994132425648
583456821.2273525	18131220186.300175	-164455138423.29584	219359804.89425674	29771.953165739073	598.9314186086845	61.990196793303696	3537.595661997646
583514421.2273525	19845400121.82364	-164412128578.96124	222945644.2378733	29747.6748564783	894.3235001687799	62.518024123695035	3535.211496886538
583572021.2273525	21558093923.78118	-164352129083.67096	226561870.44244498	29720.354580853375	1188.8443659490758	63.04528734267716	3532.841792014571
583629621.2273525	23269126944.278088	-164275191064.12076	230208449.49849734	29690.012168054596	1482.461280543544	63.571933826329314	3530.4867005588944
583687221.2273525	24978325687.785397	-164181367521.20792	233885344.37207496	29656.667800329655	1775.1419035140261	64.09791118408441	3528.14637394257
583744821.2273525	26685517831.257732	-164070713307.17963	237592515.0185659	29620.34200540242	2066.854292891539	64.62316727203023	3525.8209618259084
583802421.2273525	28390532243.813873	-163943285102.5835	241329918.39729124	29581.055648871472	2357.5669085320665	65.14765020621198	3523.510612098123
583860021.2273525	30093199005.979263	-163799141393.02954	245097508.48686272	29538.829926591	2647.2486153272466	65.67130837593481	3521.2154708693
583917621.2273525	31793349428.488457	-163638342445.77115	248895236.3013049	29493.686357037	2935.868686270364	66.19409045706419	3518.935682462675
583975221.2273525	33490816070.648575	-163460950286.1134	252723049.9069445	29445.64677366161	3223.3968053784106	66.71594542532193	3516.671389407215
584032821.2273525	35185432758.26087	-163267028673.65735	256580894.44006434	29394.73331723814	3509.8030704705448	67.23682256957677	3514.4227324305007
584090421.2273525	36877034601.10233	-163056643078.3889	260468712.12532377	29340.968428199725	3795.0579958039484	67.75667150512666	3512.1898504518977
584148021.2273525	38565458009.96516	-162829860656.61887	264386442.29494306	29284.37483897415	4079.1325145674687	68.27544218697174	3509.972880576018
584205621.2273525	40250540713.25459	-162586750226.78455	268334021.40865186	29224.97556631764	4361.997981233977	68.79308492307534	3507.7719580864623
584263221.2273525	41932121773.14609	-162327382245.11893	272311383.0744024	29162.79390365001	4643.62617377236	69.30955038761171	3505.5872164398384
584320821.2273525	43610041601.29987	-162051828781.1976	276318458.0698433	29097.853413394136	4923.989295719682	69.82478963419827	3503.4187872600505
584378421.2273525	45284141974.13528	-161760163493.36902	280355174.36455697	29030.1779193219	5203.059978114766	70.33875410911061	3501.2668003328513
584436021.2273525	46954266047.664566	-161452461604.07837	284421457.1430565	28959.791498909395	5480.811281294007	70.85139566447803	3499.1313836006525
584493621.2273525	48620258371.8857	-161128799875.09174	288517228.82854253	28886.718475703856	5757.216696550293	71.36266657145829	3497.0126631575886
584551221.2273525	50281964904.737045	-160789256582.62814	292642409.10741824	28810.983411704652	6032.250147656343	71.87251953338924	3494.9107632448226
584608821.2273525	51939233025.61322	-160433911492.40823	296796914.9545605	28732.611099760772	6305.885992253359	72.3809076989152	3492.8258062460955
584666421.2273525	53591911548.44305	-160062845834.62677	300980660.6593479	28651.626555987383	6578.0990231061	72.88778467508709	3490.7579126835035
584724021.2273525	55239850734.33239	-159676142278.8563	305193557.8524408	28568.055012203407	6848.864469225731	73.39310454043321	3488.707201213502
584781621.2273525	56882902303.77109	-159273884908.89044	309435515.53331447	28481.921908392836	7118.15799686145	73.8968218579998	3486.673788623128
584839221.2273525	58520919448.40669	-158856159197.53336	313706440.09854186	28393.252885191745	7385.955710362228	74.39889168835884	3484.657789826436
584896821.2273525	60153756842.3865	-158423051981.34354	318006235.37082505	28302.07377640332	7652.234152909981	74.89926960258147	3482.65931786113
584954421.2273525	61781270653.26929	-157974651435.33902	322334802.62877333	28208.410601543044	7916.970307125456	75.3979116951748	3480.678483885401
585012021.2273525	63403318552.50795	-157511047047.67114	326692040.63742334	28112.28955841632	8180.141595548092	75.89477459698081	3478.7153971749444
585069621.2273525	65019759725.506584	-157032329594.27448	331077845.679504	28013.737015730305	8441.725880991446	76.38981548803476	3476.7701651201614
585127221.2273525	66630454881.25216	-156538591113.49982	335492111.5874388	27912.77950574233	8701.701466775376	76.88299211038154	3474.8428932235306
585184821.2273525	68235266261.524055	-156029924880.73727	339934729.7760846	27809.443716946807	8960.047096836544	77.37426278084821	3472.9336850971417
585242421.2273525	69834057649.68436	-155506425383.03622	344405589.2762081	27703.756486802347	9216.741955718871	77.8635864037702	3471.0426424603825
585300021.2273525	71426694379.04889	-154968188293.72992	348904576.7686894	27595.744794501486	9471.76566844498	78.35092248367025	3469.16986513777
585357621.2273525	73013043340.84474	-154415310447.06967	353431576.61945826	27485.435753784346	9725.098300270814	78.83623113788705	3467.315451056916
585415221.2273525	74592972991.75348	-153847889812.87823	357986470.91515374	27372.856605798584	9976.720356324311	79.31947310915274	3465.479496246615
585472821.2273525	76166353361.04602	-153266025471.2254	362569139.4995086	27258.034712006975	10226.612781130321	79.80060977811658	3463.6620948350446
585530421.2273525	77733056057.30959	-152669817587.13583	367179460.01045257	27140.997547144594	10474.756958022974	80.27960317581315	3461.8633390480704
585588021.2273525	79292954274.77011	-152059367385.33276	371817307.91793185	27021.772692227412	10721.134708447225	80.7564159960736	3460.083319207637
585645621.2273525	80845922799.21465	-151434777125.0257	376482556.5624421	26900.38782761353	10965.728291151423	81.23101160787704	3458.322123730238
585703221.2273525	82391838013.51427	-150796150074.74777	381175077.1942722	26776.87072611917	11208.52040127219	81.70335406764163	3456.57983912545
585760821.2273525	83930577902.75336	-150143590487.24838	385894739.01345235	26651.249246190648	11449.494169313795	82.17340813145182	3454.856549994514
585818421.2273525	85462022058.96599	-149477203574.4481	390641409.21040547	26523.551325133933	11688.633160023242	82.64113926722133	3453.1523390289576
585876021.2273525	86986051685.48524	-148797095482.4611	395414953.0072979	26393.80497240331	11925.921371163173	83.10651366678898	3451.467287009231
585933621.2273525	88502549600.90685	-148103373266.6911	400215233.700083	26262.038262950515	12161.343232184145	83.56949825794595	3449.8014728033495
585991221.2273525	90011400242.67163	-147396144867.00696	405042112.70123816	26128.279330635785	12394.883602798054	84.03006071639258	3448.1549733655215
586048821.2273525	91512489670.27069	-146675519083.00293	409895449.58318603	25992.556361702074	12626.52777145456	84.48816947762263	3446.52786373474
586106421.2273525	93005705568.07611	-145941605549.34952	414775102.1223996	25854.89758831381	12856.2614537222	84.94379374873321	3444.920217033325
586164021.2273525	94490937247.80154	-145194514711.24033	419680926.3441843	25715.331282161394	13084.070790576074	85.3969035201586	3443.3321044653867
586221621.2273525	95968075650.59627	-144434357799.9402	424612776.56813455	25573.885748132703	13309.942346593814	85.84746957732608	3441.763595315191
586279221.2273525	97437013348.77672	-143661246808.43967	429570505.45425963	25430.58931805266	13533.863108061778	86.29546351223176	3440.214756945405
586336821.2273525	98897644547.19966	-142875294467.22162	434553964.04977274	25285.47034449202	13755.820480993158	86.7408577349346	3438.685654795185
586394421.2273525	100349865084.28014	-142076614220.14346	439563001.8365407	25138.557194646568	13975.80228905996	87.18362548496688	3437.1763523780915
586452021.2273525	101793572432.65958	-141265320200.44232	444597466.7791884	24989.878244287516	14193.796771440593	87.6237408426593	3435.686911279787
586509621.2273525	103228665699.52737	-140441527206.8654	449657205.3738528	24839.461871784268	14409.792580584995	88.06117874037847	3434.2173911554946
586567221.2273525	104655045626.59956	-139605350679.9317	454742062.69758093	24687.336452200525	14623.77877989907	88.49591497367551	3432.7678497271645
586624821.2273525	106072614589.76091	-138756906678.33035	459851882.45837	24533.530351464356	14835.744841350357	88.92792621234342	3431.338342780325
586682421.2273525	107481276598.37212	-137896311855.4572	464986507.04583794	24378.071920613456	15045.680642996764	89.35719001138187	3429.9289241605597
586740021.2273525	108880937294.24817	-137023683436.0976	470145777.5825257	24220.989490116117	15253.576466440198	89.78368482186707	3428.5396457695683
586797621.2273525	110271503950.31221	-136139139193.2574	475329533.97582275	24062.311364268793	15459.422994206956	90.20739000172517	3427.170557560759
586855221.2273525	111652885468.92819	-135242797425.1466	480537614.97050804	23902.065815671012	15663.211307056816	90.62828582640759	3425.8217075343073
586912821.2273525	113024992379.91803	-134334776932.32051	485769858.2019056	23740.281079778273	15864.932881222516	91.04635349946598	3424.493141731624
586970421.2273525	114387736838.2672	-133415196994.98141	491026100.24964535	23576.98534953355	16064.579585581712	91.4615751630252	3423.184904229155
587028021.2273525	115741032621.52306	-132484177350.44547	496306176.6920227	23412.20677007812	16262.14367876299	91.87393390815288	3421.8970371314385
587085621.2273525	117084795126.89127	-131541838170.77771	501609922.1609557	23245.973433542134	16457.61780618808	92.28341378512314	3420.629580563327
587143221.2273525	118418941368.0342	-130588300040.59981	506937170.39752704	23078.313373915546	16650.99499705179	92.68999981357318	3419.3825726612827
587200821.2273525	119743389971.5761	-129623683935.07263	512287754.30810887	22909.254561999893	16842.2686612419	93.09367799255061	3418.1560495636327
587258421.2273525	121058061173.32034	-128648111198.05891	517661506.0210649	22738.824900441305	17031.43258620039	93.49443531045007	3416.950045399667
587316021.2273525	122362876814.18233	-127661703520.46773	523058256.9440198	22567.052218845183	17218.480933728242	93.892259754837	3415.764592277444
587373621.2273525	123657760335.84369	-126664582918.78477	528477837.82169133	22393.964268972995	17403.408236735377	94.2871403221573	3414.599720270151
587431221.2273525	124942636776.13205	-125656871713.79115	533920078.7942776	22219.588720021347	17586.209395937647	94.67906702733033	3413.4554574008507
587488821.2273525	126217432764.13144	-124638692509.47447	539384809.4563979	22043.953153983817	17766.879676502664	95.06803091322466	3412.331829625427
587546421.2273525	127482076515.02776	-123610168172.1341	544871858.916569	21867.085061095677	17945.41470464624	95.45402406001344	3411.228860813508
587604021.2273525	128736497824.69423	-122571421809.68373	550381055.8572224	21689.011835361754	18121.810464181275	95.83703959440896	3410.1465727271348
587661621.2273525	129980628064.02187	-121522576751.15454	555912228.5952475	21509.760770167715	18296.06329302081	96.2170716987737	3409.084984996888
587719221.2273525	131214400172.99925	-120463756526.4008	561465205.1430568	21329.35905397473	18468.169879637015	96.59411562010673	3408.044115095174
587776821.2273525	132437748654.54704	-119395084846.01039	567039813.2701637	21147.833766097865	18638.12725947794	96.96816767890344	3407.0239783063075
587834421.2273525	133650609568.11151	-118316685581.42351	572635880.5652694	20965.2118725681	18805.9328113436	97.33922527788714	3406.0245876929885
587892021.2273525	134852920523.02217	-117228682745.26064	578253234.4988463	20781.52022207813	18971.584253723344	97.70728691061053	3405.0459540587162
587949621.2273525	136044620671.61848	-116131200471.86307	583891702.4862151	20596.785542011938	19135.079641095977	98.07235216992571	3404.088085905603
588007221.2273525	137225650702.15009	-115024362998.04701	589551111.9511052	20411.034434558103	19296.41736019456	98.43442175632063	3403.1509893869843
588064821.2273525	138395952831.45544	-113908294644.07451	595231290.3896917	20224.29337290689	19455.59612623737	98.79349748612084	3402.2346682541233
588122421.2273525	139555470797.42426	-112783119794.84166	600932065.4350988	20036.58869753085	19612.614979126858	99.1495822995542	3401.3391237961937
588180021.2273525	140704149851.2477	-111648962881.28712	606653264.9223675	19847.94661254914	19767.473279618134	99.50268026867775	3400.464354772606
588237621.2273525	141841936749.4618	-110505948362.02226	612394716.9538729	19658.393182175052	19920.170705458608	99.85279660516412	3399.61035733658
588295221.2273525	142968779745.78848	-109354200705.18391	618156249.9651881	19467.95432724692	20070.70724750058	100.19993766794671	3398.7771249486873
588352821.2273525	144084628582.77933	-108193844370.51233	623937692.791381	19276.65582184202	20219.083205788127	100.54411097072152	3397.964648278869
588410421.2273525	145189434483.2665	-107025003791.65479	629738874.7337432	19084.523289973276	20365.29918562008	100.88532518930407	3397.1729150951737
588468021.2273525	146283150141.62607	-105847803358.6972	635559625.6269358	18891.58220236858	20509.356093590508	101.22359016884006	3396.401910137148
588525621.2273525	147365729714.85782	-104662367400.92372	641399775.9065461	18697.857873332414	20651.255133608374	101.55891693086782	3395.6516149714284
588583221.2273525	148437128813.487	-103468820169.80666	647259156.6770495	18503.37545768943	20790.997802897848	101.89131768023113	3394.9220078266253
588640821.2273525	149497304492.29208	-102267285822.2271	653137599.7801615	18308.159947809818	20928.58588798069	102.22080581184109	3394.213063404041
588698421.2273525	150546215240.8638	-101057888403.92747	659034937.8635776	18112.236170715863	21064.021460642398	102.54739591728482	3393.524752660057
588756021.2273525	151583820973.99957	-99840751833.1969	664951004.4500878	17915.628785269586	21197.306873883404	102.87110379128006	3392.8570425552093
588813621.2273525	152610083021.9386	-98615999884.79016	670885634.0070604	17718.36227944088	21328.44475785688	103.19194643797405	3392.2098957639178
588871221.2273525	153624964120.44156	-97383756174.08105	676838662.0162815	17520.46096765582	21457.438015794465	103.50994207708467	3391.58327033755
588928821.2273525	154628428400.72012	-96144144141.4504	682809925.0441451	17321.948988224638	21584.289819921567	103.82511014988276	3390.9771193119077
588986421.2273525	155620441379.22046	-94897287036.91026	688799260.8121837	17122.85030084897	21709.003607363284	104.1374713250141	3390.3913902481945
589044021.2273525	156600969947.26547	-93643307904.96342	694806508.2679284	16923.188684207857	21831.583076042658	104.44704750415946	3389.8260246940094
589101621.2273525	157569982360.5604	-92382329569.70007	700831507.6560906	16722.98773362196	21952.03218057232	104.75386182753081	3389.2809575476913
589159221.2273525	158527448228.56558	-91114474620.13063	706874100.5900556	16522.270858795542	22070.35512814111	105.05793867920336	3388.7561163052574
589216821.2273525	159473338503.7424	-89839865395.75609	712934130.1236796	16321.061281635582	22186.556374396725	105.3593036922802	3388.2514201639465
589274421.2273525	160407625470.6746	-88558623972.37546	719011440.8233783	16119.382034147584	22300.640619325903	105.65798375389016	3387.7667789496354
589332021.2273525	161330282735.07153	-87270872148.13037	725105878.840497	15917.255956407316	22412.61280313327	105.95400701001549	3387.3020918266675
589389621.2273525	162241285212.65616	-85976731429.78737	731217291.9839576	15714.705694608136	22522.478102120138	106.24740287014954	3386.8572457372593
589447221.2273525	163140609117.94324	-84676323019.25726	737345529.793166	15511.753699182964	22630.241924564456	106.53820201178148	3386.4321135027767
589504821.2273525	164028231952.911	-83369767800.35204	743490443.6111734	15308.422223000643	22735.9099066031	106.8264363847084	3386.026551499608
589562421.2273525	164904132495.57153	-82057186325.77856	749651886.658082	15104.733319635714	22839.487908117775	107.11213921517167	3385.6403967965566
589620021.2273525	165768290788.44302	-80738698804.36934	755829714.1046811	14900.708841711134	22940.982008625484	107.39534500981732	3385.2734636065684
589677621.2273525	166620688126.92926	-79414425088.5497	762023783.1463122	14696.370439313225	23040.39850317489	107.67608955947883	3384.9255388605093
589735221.2273525	167461307047.60925	-78084484662.04114	768233953.0769374	14491.739558478144	23137.74389824958	107.9544099427804	3384.5963766513096
589792821.2273525	168290131316.44257	-76748996627.80058	774460085.3634212	14286.837439749144	23233.024907679355	108.23034452956037	3384.285691219233
589850421.2273525	169107145916.8924	-75408079696.1947	780702043.7199936	14081.68511680402	23326.248448560516	108.50393298411245	3383.9931480495134
589908021.2273525	169912337037.9729	-74061852173.40909	786959694.1829042	13876.303415151862	23417.42163718634	108.77521626824411	3383.718352530126
589965621.2273525	170705692062.22235	-72710431950.0913	793232905.1852388	13670.71295089853	23506.55178498866	109.04423664415053	3383.4608354736256
590023221.2273525	171487199553.60782	-71353936490.22765	799521547.6319034	13464.934129579995	23593.646394491523	109.31103767710293	3383.22003466072
590080821.2273525	172256849245.3642	-69992482820.25243	805825494.9747511	13258.987145062792	23678.713155277994	109.5756642379498	3382.9952714638152
590138421.2273525	173014632027.77222	-68626187518.38914	812144623.2878535	13052.891978510928	23761.759939970983	109.83816250543022	3382.785721668122
590196021.2273525	173760539935.87827	-67255166704.222755	818478811.3428959	12846.668397418285	23842.794800229025	110.09857996829744	3382.5903800499677
590253621.2273525	174494566137.16092	-65879536028.502304	824827940.6846908	12640.335954705919	23921.825962757972	110.35696542725191	3382.4080194869184
590311221.2273525	175216704919.1471	-64499410663.17253	831191895.706798	12433.913987883303	23998.861825339434	110.61336899668221	3382.237147911878
590368821.2273525	175926951676.98157	-63114905291.633896	837570563.7272373	12227.42161827282	24073.910952876806	110.86784210621325	3382.0759707374546
590426421.2273525	176625302900.95386	-61726134099.229836	843963835.0642874	12020.877750296622	24146.982073459803	111.12043750205963	3381.9223720221826
590484021.2273525	177311756163.98566	-60333210763.9601	850371603.112354	11814.30107082511	24218.08407444826	111.37120924818386	3381.7739319207276
590541621.2273525	177986310109.08267	-58936248447.4191	856793764.4179026	11607.71004858612	24287.225998575963	111.6202127272577	3381.627995366325
590599221.2273525	178648964436.75378	-57535359785.958	863230218.7554379	11401.122933634066	24354.417040075397	111.86750464142597	3381.4817926538176
590656821.2273525	179299719892.40195	-56130656882.069664	869680869.2035229	11194.557756878166	24419.666540824026	112.11314301287086	3381.332590202615
590714421.2273525	179938578253.68893	-54722251295.99454	876145622.2208252	10988.03232966893	24482.983986512936	112.3571871841769	3381.177833879921
590772021.2273525	180565542317.8782	-53310254037.5469	882624387.7221757	10781.564243442022	24544.3790028385	112.59969781849394	3381.0152511244182
590829621.2273525	181180615889.15936	-51894775558.15974	889117079.1546363	10575.170869418724	24603.86135171776	112.84073689949848	3380.8428984294796
590887221.2273525	181783803765.95584	-50475925743.14666	895623613.5735538	10368.86935836207	24661.440927528212	113.08036773115148	3380.659161591863
590944821.2273525	182375111728.22147	-49053813904.18009	902143911.7185972	10162.67664038784	24717.1277533726	113.31865493725141	3380.462726100016
591002421.2273525	182954546524.72656	-47628548771.98344	908677898.0897622	9956.609424829561	24770.93197736942	113.55566446078231	3380.252534383606
591060021.2273525	183522115860.33835	-46200238489.236534	915225501.023333	9750.684200156635	24822.86386896961	113.79146356305532	3380.027741256627
591117621.2273525	184077828383.29843	-44768990603.692276	921786652.7677885	9544.917233944707	24872.933815300137	114.02612082264213	3379.7876734496867
591175221.2273525	184621693672.4992	-43334912061.50317	928361289.5596393	9339.324572897498	24921.15231753498	114.25970613410074	3379.531795409588
591232821.2273525	185153722224.76382	-41898109200.755974	934949351.699189	9133.922042919112	24967.529987294045	114.49229070649127	3379.2596815257075
591290421.2273525	185673925442.13116	-40458687745.213165	941550783.626199	8928.72524923609	25012.077543070594	114.7239470616813	3378.97099406103
591348021.2273525	186182315619.14984	-39016752798.25918	948165533.9954565	8723.749576568218	25054.805806687586	114.95474903244012	3378.6654658049583
591405621.2273525	186678905930.18268	-37572408837.04994	954793555.752217	8519.010189347307	25095.72569978353	115.18477176032019	3378.3428864921857
591463221.2273525	187163710416.72586	-36125759706.86399	961434806.2075287	8314.522031983057	25134.848240328232	115.41409169332601	3378.0030921667785
591520821.2273525	187636743974.7442	-34676908615.65346	968089247.1134093	8110.299829175119	25172.18453916895	115.6427865833682	3377.645956827457
591578421.2273525	188098022342.02625	-33225958128.793045	974756844.7378743	7906.3580862705185	25207.74579660726	115.87093548350283	3377.271385833594
591636021.2273525	188547562085.5604	-31773010164.025215	981437569.9397957	7702.7110896655795	25241.543299007233	116.09861874495506	3376.879310670682
591693621.2273525	188985380588.93655	-30318165986.600044	988131398.2435889	7499.372907251456	25273.588415435097	116.32591801392579	3376.4696847683763
591751221.2273525	189411496039.77374	-28861526204.6075	994838309.9137028	7296.357388902451	25303.89259433095	116.5529162281805	3376.042480137012
591808821.2273525	189825927417.1774	-27403190764.500626	1001558290.0289136	7093.678167006254	25332.467360212722	116.77969761342055	3375.597684643907
591866421.2273525	190228694479.22873	-25943258946.807602	1008291328.5563979	6891.348657035214	25359.324310412805	117.00634767943423	3375.1352997926806
591924021.2273525	190619817750.5073	-24481829362.030792	1015037420.4255807	6689.382058157869	25384.4751118477	117.23295321602875	3374.655338900452
591981621.2273525	190999318509.6509	-23018999946.73097	1021796565.6017423	6487.791353889796	25407.931497820828	117.45960228874092	3374.1578255917266
592039221.2273525	191367218776.95328	-21554867959.794678	1028568769.1593698	6286.589312783009	25429.70526485902	117.68638423432675	3373.6427925458897
592096821.2273525	191723541302.0036	-20089529978.882915	1035354041.3552482	6085.78848915303	25449.808269582685	117.91338965602846	3373.110280449039
592154421.2273525	192068309551.36743	-18623081897.058994	1042152397.7012637	5885.401223842811	25468.252425610186	118.140710418619	3372.5603371114335
592212021.2273525	192401547696.31427	-17155618919.593843	1048963859.0369225	5685.4396450226595	25485.049700496416	118.36843964322267	3371.993016719953
592269621.2273525	192723280600.5909	-15687235560.946558	1055788451.6015598	5485.915669025365	25500.212112705933	118.5966717019117	3371.408379201227
592327221.2273525	193033533808.24506	-14218025641.918407	1062626207.1062374	5286.841001215687	25513.75172862082	118.8255022120778	3370.806489675965
592384821.2273525	193332333531.49915	-12748082286.978064	1069477162.8053026	5088.227136893381	25525.680659583446	119.05502803057786	3370.187417988844
592442421.2273525	193619706638.67703	-11277497921.756231	1076341361.567608	4890.085362228979	25536.011058974313	119.28534724765422	3369.5512383012788
592500021.2273525	193895680642.18674	-9806364270.707605	1083218851.947378	4692.426755231486	25544.755119325124	119.51655918062731	3368.898028736798
592557621.2273525	194160283686.55807	-8334772354.937985	1090109688.254695	4495.262186747221	25551.92506946726	119.74876436736153	3368.227871070608
592615221.2273525	194413544536.54007	-6862812490.19474	1097013930.6256132	4298.602321488967	25557.533171715728	119.98206455950287	3367.540850456441
592672821.2273525	194655492565.25784	-5390574285.018377	1103931645.0918722	4102.457619094701	25561.59171908877	120.2165627154883	3366.8370551849944
592730421.2273525	194886157742.4316	-3918146639.053263	1110862903.6501997	3906.8383352150595	25564.113032563135	120.45236299332593	3366.1165764692364
592788021.2273525	195105570622.659	-2445617741.5153937	1117807784.3311942	3711.7545226288103	25565.109458365212	120.68957074314584	3365.3795082526503
592845621.2273525	195313762333.76212	-973075069.8151741	1124766371.267771	3517.2160323855196	25564.59336529801	120.92829249952081	3364.62594703713
592903221.2273525	195510764565.20193	499394611.6668731	1131738754.7631598	3323.2325149747076	25562.577142104066	121.16863597355672	3363.8559917277703
592960821.2273525	195696609556.5601	1971705252.6535425	1138725031.358439	3129.813421520664	25559.073194864388	121.41071004475201	3363.0697434922286
593018421.2273525	195871330086.09024	3443771517.895592	1145725303.8995953	2936.968005002248	25554.093944433305	121.65462475262551	3362.2673056326944
593076021.2273525	196034959459.3412	4915508787.949678	1152739681.6040943	2744.705321496869	25547.6518239095	121.90049128811293	3361.448783468796
593133621.2273525	196187531497.85107	6386833159.81166	1159768280.1269493	2553.034231447957	25539.75927614295	122.14842198473104	3360.614284230027
593191221.2273525	196329080527.9165	7857661447.407342	1166811221.6262734	2361.963400955184	25530.428751278025	122.39853030950924	3359.763916956474
593248821.2273525	196459641369.4356	9327911181.942734	1173868634.8283029	2171.5013030866903	25519.672704332508	122.65093085368835	3358.8977924068145
593306421.2273525	196579249324.82794	10797500612.115896	1180940655.0918787	1981.6562192126473	25507.503592812747	122.90573932318622	3358.0160229726766
593364021.2273525	196687940168.0314	12266348704.192461	1188027424.4723704	1792.4362403594275	25493.933874364648	123.1630725288298	3357.1187225986014
593421621.2273525	196785750133.57825	13734375141.946898	1195129091.7850347	1603.8492685836843	25478.976004460666	123.42304837635312	3356.206006706934
593479221.2273525	196872715905.75018	15201500326.471552	1202245812.667786	1415.9030183656635	25462.642434122645	123.6857858561618	3355.2779921270667
593536821.2273525	196948874607.81458	16667645375.855555	1209377749.6433737	1228.6050180210618	25444.94560768044	123.95140503286255	3354.3347970285276
593594421.2273525	197014263791.34253	18132732124.735714	1216525072.1809497	1041.9626111307634	25425.897960566283	124.22002703455858	3353.3765408574823
593652021.2273525	197068921425.6097	19596683123.721287	1223687956.7570107	855.9829579877846	25405.511917144744	124.49177404190975	3352.40334427626
593709621.2273525	197112885887.0811	21059421638.6949	1230866586.9157066	670.6730370607802	25383.79988857825	124.76676927695834	3351.4153291055704
593767221.2273525	197146195948.98035	22520871649.991417	1238061153.3284943	486.03964647346174	25360.774270728027	125.045136991719	3350.4126182691134
593824821.2273525	197168890770.9451	23980957851.45706	1245271853.8531315	302.08940549928	25336.44744209034	125.32700245653385	3349.39533574033
593882421.2273525	197181009888.76813	25439605649.390514	1252498893.5919905	118.82875607075766	25310.831761767957	125.61249194819189	3348.3636064910565
593940021.2273525	197182593204.227	26896741161.368355	1259742484.949683	-63.736035697154875	25283.939567476624	125.90173273781294	3347.317556441883
593997621.2273525	197173680975.00055	28352291214.956535	1267002847.6899767	-245.59887797032252	25255.783173586467	126.19485307849583	3346.257312414042
594055221.2273525	197154313804.67517	29806183346.31011	1274280208.9919987	-426.7538516458553	25226.374869198193	126.49198219273114	3345.183002082663
594112821.2273525	197124532632.84045	31258345798.663147	1281574803.5057015	-607.1952087903319	25195.726916253843	126.7932502595774	3344.0947539312483
594170421.2273525	197084378725.275	32708707520.710857	1288886873.406589	-786.9173710664027	25163.851547682036	127.09878840160269	3342.9926972072594
594228021.2273525	197033893664.22318	34157198164.88572	1296216668.4496787	-965.9149281483415	25130.76096557747	127.4087286715892	3341.8769618786823
594285621.2273525	196973119338.76382	35603748085.529945	1303564446.0226946	-1144.1826361271173	25096.46733941451	127.72320403900258	3340.7476785914864
594343221.2273525	196902097935.27042	37048288336.96582	1310930471.1984723	-1321.7154159055585	25060.982804294694	128.04234837622562	3339.60497862788
594400821.2273525	196820871927.96472	38490750671.466225	1318315016.7865658	-1498.5083515841366	25024.31945922797	128.36629644455562	3338.4489938652855
594458421.2273525	196729484069.5631	39931067537.12707	1325718363.3840394	-1674.5566888379544	24986.48936544742	128.69518387996686	3337.279856735959
594516021.2273525	196627977382.01672	41369172075.643555	1333140799.425432	-1849.8558332853995	24947.504544757332	129.0291471786367	3336.0977001871934
594573621.2273525	196516395147.34625	42804998119.992355	1340582621.231885	-2024.4013488490723	24907.376977914333	129.3683236822368	3334.902657642039
594631221.2273525	196394780898.57068	44238480192.02139	1348044133.0594127	-2198.188956109447	24866.118603041472	129.71285156298873	3333.694862960499
594688821.2273525	196263178410.73135	45669553499.94928	1355525647.1463037	-2371.2145306517828	24823.741314074912	130.06286980848466	3332.4744504011455
594746421.2273525	196121631692.01187	47098153935.77623	1363027483.7596474	-2543.47410140681	24780.256959243095	130.41851820627244	3331.241554583111
594804021.2273525	195970184974.9528	48524218072.60817	1370549971.2409582	-2714.963848985638	24735.6773395781	130.77993732820704	3329.9963104484214
594861621.2273525	195808882707.7631	49947683161.89618	1378093446.0508964	-2885.680104009408	24690.014207458964	131.14726851456612	3328.738853224633
594919221.2273525	195637769545.72815	51368487130.59294	1385658252.8130677	-3055.6193454341155	24643.27926518676	131.52065385793205	3327.4693183877407
594976821.2273525	195456890342.71344	52786568578.22793	1393244744.3568847	-3224.7781988711436	24595.484163591125	131.90023618683975	3326.1878416253244
595034421.2273525	195266290142.76624	54201866773.90318	1400853281.7594814	-3393.1534349038293	24546.640500668036	132.28615904919062	3324.894558799915
595092021.2273525	195066014171.81314	55614321653.21166	1408484234.3866649	-3560.74196740066	24496.759820248564	132.67856669543286	3323.589605912546
595149621.2273525	194856107829.45612	57023873815.0799	1416137979.932894	-3727.540851825453	24445.85361069833	133.07760406150913	3322.273119066475
595207221.2273525	194636616680.86514	58430464518.536224	1423814904.4602654	-3893.5472835449054	24393.93330364745	133.48341675157073	3320.9452344310494
595264821.2273525	194407586448.76822	59834035679.407005	1431515402.4364982	-4058.7585961340583	24341.010272750627	133.8961510204599	3319.6060882057022
595322421.2273525	194169063005.54016	61234529866.94246	1439239876.771908	-4223.172259679964	24287.0958324772	134.3159537559599	3318.2558165840555
595380021.2273525	193921092365.38754	62631890300.37318	1446988738.85534	-4386.7858790840455	24232.201236930847	134.74297246081318	3316.8945557181187
595437621.2273525	193663720676.63303	64026060845.39995	1454762408.589075	-4549.597192363466	24176.3376786986	135.17735523450884	3315.5224416825654
595495221.2273525	193396994214.09634	65416986010.6179	1462561314.4226677	-4711.6040689519705	24119.516287729042	135.619250754839	3314.139610439075
595552821.2273525	193120959371.574	66804610943.876915	1470385893.385721	-4872.804508000527	24061.748130239266	136.06880825922485	3312.746197800727
595610421.2273525	192835662654.41617	68188881428.57989	1478236591.1195767	-5033.196636678124	24003.04420765037	136.5261775258134	3311.342339396433
595668021.2273525	192541150672.20203	69569743879.9205	1486113861.9079137	-5192.778708473163	23943.4154555512	136.9915088543442	3309.9281706354045
595725621.2273525	192237470131.51254	70947145341.0621	1494018168.706232	-5351.549101495682	23882.872742690088	137.46495304678848	3308.5038266716306
595783221.2273525	191924667828.8012	72321033479.25943	1501949983.1702216	-5509.5063167808785	23821.426869994186	137.94666138775875	3307.069442368372
595840821.2273525	191602790643.36234	73691356581.92426	1509909785.6829896	-5666.648976594142	23759.08856961626	138.4367856246921	3305.6251522626535
595898421.2273525	191271885530.39673	75058063552.63754	1517898065.3811443	-5822.975822738061	23695.86850400852	138.935477947806	3304.171090529746
595956021.2273525	190931999514.17566	76421103907.1084	1525915320.179718	-5978.4857148615665	23631.777265023207	139.44289096982743	3302.707390947636
596013621.2273525	190583179681.30084	77780427769.08228	1533962056.795912	-6133.177628771689	23566.82537303979	139.95917770549727	3301.2341868614717
596071221.2273525	190225473174.06284	79135985866.19975	1542038790.771658	-6287.050654748099	23501.023276118216	140.48449155084887	3299.7516111479745
596128821.2273525	189858927183.89554	80487729525.80711	1550146046.494979	-6440.103995860813	23434.381349178173	141.01898626226264	3298.25979617982
596186421.2273525	189483588944.92795	81835610670.72035	1558284357.2201343	-6592.336966291297	23366.909893203883	141.56281593529727	3296.758873789973
596244021.2273525	189099505727.6325	83179581814.94437	1566454265.0865445	-6743.748989657286	23298.61913447423	142.11613498329768	3295.2489752359743
596301621.2273525	188706724832.56952	84519596059.34819	1574656321.1364727	-6894.339597341597	23229.519223817842	142.67909811578113	3293.7302311641733
596359221.2273525	188305293584.2281	85855607087.29832	1582891085.3314552	-7044.108426825143	23159.620235892955	143.2518603166022	3292.2027715739036
596416821.2273525	187895259324.96274	87187569160.25111	1591159126.567473	-7193.055220024493	23088.932168491567	143.83457682189706	3290.6667257815943
596474421.2273525	187476669409.02554	88515437113.30577	1599461022.688836	-7341.179821634163	23017.46494186775	144.42740309780794	3289.1222223848113
596532021.2273525	187049571196.69394	89839166350.71947	1607797360.5007942	-7488.482177473901	22945.22839808973	145.0304948179891	3287.5693892262298
596589621.2273525	186614012048.49323	91158712841.3857	1616168735.7808268	-7634.962332841214	22872.232300415482	145.64400784089503	3286.008353357528
596647221.2273525	186170039319.51416	92474033114.27744	1624575753.2886353	-7780.620430869361	22798.48633269147	146.26809818685075	3284.4392410032037
596704821.2273525	185717700353.82446	93785084253.85612	1633019026.7747974	-7925.456710891029	22724.000098774275	146.902922014907	3282.8621775243046
596762421.2273525	185257042478.97488	95091823895.44838	1641499178.9880888	-8069.471506807913	22648.783121974848	147.5486355994796	3281.277287382077
596820021.2273525	184788113000.59903	96394210220.5908	1650016841.681447	-8212.66524546639	22572.844844524996	148.20539530677496	3279.6846941015206
596877621.2273525	184310959197.1061	97692201952.34534	1658572655.6165786	-8355.038445039556	22496.19462706586	148.87335757100178	3278.0845202348582
596935221.2273525	183825628314.46695	98985758350.58499	1667167270.56718	-8496.591713415703	22418.841748158087	149.5526788703711	3276.4768873249063
596992821.2273525	183332167561.09293	100274839207.2529	1675801345.3207834	-8637.325746593553	22340.795403813358	150.24351570288488	3274.8619158683528
597050421.2273525	182830624102.80643	101559404841.5941	1684475547.6791863	-8777.241327084355	22262.064707047022	150.94602456191424	3273.239725278938
597108021.2273525	182321045057.9041	102839416095.36278	1693190554.4574835	-8916.339322321019	22182.658687451465	151.6603619115691	3271.6104338505343
597165621.2273525	181803477492.3106	104114834328.00534	1701947051.4816628	-9054.620683074505	22102.586290790012	152.38668416185897	3269.974158720131
597223221.2273525	181277968414.8239	105385621411.82043	1710745733.5847695	-9192.08644187759	22021.856378611028	153.12514764364772	3268.3310158307145
597280821.2273525	180744564772.45096	106651739727.09785	1719587304.601623	-9328.737711456197	21940.477727881826	153.875908583402	3266.6811198940477
597338421.2273525	180203313445.8338	107913152157.23624	1728472477.3620698	-9464.575683168388	21858.45903064228	154.6391230777351	3265.0245843533517
597396021.2273525	179654261244.76465	109169822083.84196	1737401973.6827633	-9599.601625451254	21775.8088936777	155.4149470677478	3263.3615213458834
597453621.2273525	179097454903.79132	110421713381.80954	1746376524.3574705	-9733.816882275722	21692.535838210664	156.2035363131663	3261.6920416654143
597511221.2273525	178532941077.91013	111668790414.38464	1755396869.145866	-9867.222871609574	21608.648299611745	157.00504636627994	3260.01625472461
597568821.2273525	177960766338.3482	112911018028.21123	1764463756.760834	-9999.821083888617	21524.154627128457	157.8196325456783	3258.3342685173106
597626421.2273525	177380977168.43298	114148361548.36342	1773577944.8542435	-10131.613080496269	21439.063083632544	158.64744990979037	3256.6461895807165
597684021.2273525	176793619959.5493	115380786773.36351	1782740200.0011976	-10262.600492251648	21353.381845385033	159.4886532302263	3254.9521229574793
597741621.2273525	176198741007.18286	116608259970.18666	1791951297.6827383	-10392.785017906215	21267.119001818908	160.34339696492353	3253.252172157701
597799221.2273525	175596386507.05115	117830747869.25406	1801212022.2670057	-10522.168422649147	21180.282555339087	161.2118352310977	3251.5464391208457
597856821.2273525	174986602551.31885	119048217659.41444	1810523166.9888225	-10650.752536621494	21092.88042113941	162.09412177800078	3249.835024177567
597914421.2273525	174369435124.89917	120260636982.91606	1819885533.9277124	-10778.539253439285	21004.920427036406	162.99040995948758	3248.1180260114534
597972021.2273525	173744930101.8406	121467973930.36932	1829299933.9843347	-10905.530528725534	20916.41031331952	163.9008527063912	3246.3955416206986
598029621.2273525	173113133241.7966	122670197035.70116	1838767186.8553102	-11031.728378651447	20827.357732617533	164.82560249871003	3244.6676662797026
598087221.2273525	172474090186.58054	123867275271.10269	1848288121.0064578	-11157.134878486639	20737.770249780897	165.76481133760646	3242.9344935006056
598144821.2273525	171827846456.8025	125059178041.96951	1857863573.6443892	-11281.752161158722	20647.655341779817	166.71863071722024	3241.196114994766
598202421.2273525	171174447448.59006	126245875181.83807	1867494390.6865032	-11405.582415822095	20557.0203976176	167.68721159629666	3239.452620634185
598260021.2273525	170513938430.38995	127427336947.31589	1877181426.7293122	-11528.62788643617	20465.872718259245	168.67070436963164	3237.7040984128903
598317621.2273525	169846364539.85272	128603534013.00934	1886925545.015141	-11650.890870352989	20374.21951657486	169.66925883933524	3235.950634408282
598375221.2273525	169171770780.7973	129774437466.44792	1896727617.3971536	-11772.373716914337	20282.067917297663	170.68302418591531	3234.1923127424566
598432821.2273525	168490202020.2566	130940018803.00664	1906588524.3027093	-11893.078826058425	20189.424956996412	171.71214893918213	3232.4292155435114
598490421.2273525	167801702985.60327	132100249920.82755	1916509154.6950433	-12013.008646936141	20096.29758406185	172.7567809489767	3230.6614229068464
598548021.2273525	167106318261.75446	133255103115.74017	1926490406.033252	-12132.165676536924	20002.692658707063	173.81706735572322	3228.8890128564717
598605621.2273525	166404092288.45587	134404551076.1834	1936533184.2305782	-12250.552458324337	19908.6169529814	174.89315456080797	3227.1120613063363
598663221.2273525	165695069357.6436	135548566878.1274	1946638403.6109853	-12368.171580881366	19814.077150797766	175.98518819678668	3225.330642021685
598720821.2273525	164979293610.8844	136687123979.99867	1956806986.8640137	-12485.02567656543	19719.079847972993	177.0933130974205	3223.5448265804657
598778421.2273525	164256809036.89246	137820196217.6064	1967039864.9978967	-12601.117420173161	19623.63155228113	178.21767326754463	3221.7546843347973
598836021.2273525	163527659469.1234	138947757799.07388	1977337977.290948	-12716.44952761504	19527.738683519314	179.3584118527687	3219.9602823725145
598893621.2273525	162791888583.44388	140069783299.77258	1987702271.2411914	-12831.024754599775	19431.407573586035	180.51567110901283	3218.161685478809
598951221.2273525	162049539895.87677	141186247657.2621	1998133702.5142345	-12944.845895328584	19334.644466571597	181.68959237187985	3216.358956097982
599008821.2273525	161300656760.42175	142297126166.23517	2008633234.8893728	-13057.915781199277	19237.455518860468	182.8803160258659	3214.552154295332
599066421.2273525	160545282366.94934	143402394473.469	2019201840.2039123	-13170.23727952025	19139.846799245348	184.08798147341113	3212.7413377191897
599124021.2273525	159783459739.1697	144502028572.78372	2029840498.2957115	-13281.813292234272	19041.82428905272	185.31272710379244	3210.9265615631316
599181621.2273525	159015231732.67395	145596004800.00793	2040550196.9439223	-13392.646754652244	18943.39388227964	186.55469026185983	3209.1078785283876
599239221.2273525	158240641033.04858	146684299827.953	2051331931.807926	-13502.74063419674	18844.56138574156	187.81400721661868	3207.2853387864684
599296821.2273525	157459730154.06152	147766890661.39587	2062186706.3644571	-13612.097929155476	18745.33251923099	189.09081312965907	3205.458989942036
599354421.2273525	156672541435.9202	148843754632.07123	2073115531.8429048	-13720.721667444617	18645.71291568674	190.38524202343487	3203.6288769960465
599412021.2273525	155879117043.60022	149914869393.67377	2084119427.1587772	-13828.614905381939	18545.708121373595	191.69742674939462	3201.7950423091884
599469621.2273525	155079498965.24463	150980212916.8718	2095199418.845336	-13935.780726469851	18445.32359607211	193.0274989559641	3199.9575255656473
599527221.2273525	154273729010.63278	152039763484.33066	2106356540.983372	-14042.222240188246	18344.564713278483	194.3755890563864	3198.1163637372238
599584821.2273525	153461848809.7184	153093499685.7491	2117591835.129129	-14147.942580797133	18243.436760414115	195.74182619641726	3196.2715910478387
599642421.2273525	152643899811.23694	154141400412.9078	2128906350.2403665	-14252.944906149132	18141.944939044828	197.1263382218809	3194.4232389384542
599700021.2273525	151819923281.38034	155183444854.73038	2140301142.6005442	-14357.232396511634	18040.09436510942	198.52925164608624	3192.5713360324444
599757621.2273525	150989960302.53937	156219612492.35803	2151777275.741125	-14460.808253398814	17937.890069157456	199.95069161710725	3190.715908101453
599815221.2273525	150154051772.11398	157249883094.23853	2163335820.3619957	-14563.675698413273	17835.336996596023	201.39078188492783	3188.8569780317666
599872821.2273525	149312238401.3884	158274236711.22894	2174977854.2499843	-14665.837972097477	17732.440007945366	202.84964476845482	3186.9945657912485
599930421.2273525	148464560714.4738	159292653671.7139	2186704462.1954803	-14767.29833279471	17629.203879103083	204.3274011224003	3185.128688396864
599988021.2273525	147611059047.31506	160305114576.7391	2198516735.9071345	-14868.060055519762	17525.633301616843	205.8241703040352	3183.259359882839
600045621.2273525	146751773546.76297	161311600295.16095	2210415773.924653	-14968.126430839178	17421.732882965363	207.34007013981758	3181.38659126949
600103221.2273525	145886744169.71072	162312091958.81238	2222402681.529657	-15067.50076376101	17317.50714684747	208.87521689189586	3179.510390532772
600160821.2273525	145016010682.2932	163306570957.68536	2234478570.654601	-15166.18637263413	17212.96053347914	210.429725224491	3177.6307625745753
600218421.2273525	144139612659.1507	164295018935.13156	2246644559.789776	-15264.186588056964	17108.09739989826	212.0037081701587	3175.747709193829
600276021.2273525	143257589482.75406	165277417783.07996	2258901773.888341	-15361.50475179568	17002.922020277012	213.5972770959342	3173.8612290584388
600333621.2273525	142369980342.7925	166253749637.2728	2271251344.269415	-15458.144215711734	16897.438586241722	215.21054166936185	3171.971317678119
600391221.2273525	141476824235.62308	167223996872.52075	2283694408.5192046	-15554.108340698716	16791.65120719995	216.84360982441177	3170.077967378152
600448821.2273525	140578159963.7802	168188142097.97614	2296232110.390165	-15649.400495628523	16685.56391067471	218.49658772728606	3168.1811672741314
600506421.2273525	139674026135.5468	169146168152.4269	2308865599.6981893	-15744.02405630673	16579.180642645704	220.1695797421161	3166.2809032477253
600564021.2273525	138764461164.58456	170098058099.60898	2321596032.21782	-15837.98240443708	16472.50526789733	221.86268839655474	3164.377157923519
600621621.2273525	137849503269.62384	171043795223.5402	2334424569.575477	-15931.278926595198	16365.541570373403	223.57601434726342	3162.469910646974
600679221.2273525	136929190474.21219	171983363023.87387	2347352379.140685	-16023.917013211283	16258.293253538399	225.30965634529957	3160.5591374635596
600736821.2273525	136003560606.52182	172916745211.27377	2360380633.915315	-16115.900057561805	16150.763940745092	227.06371120140352	3158.6448110991
600794421.2273525	135072651299.21416	173843925702.8108	2373510512.420823	-16207.231454770197	16042.957175608426	228.83827375118943	3156.726900941389
600852021.2273525	134136499989.36212	174764888617.38046	2386743198.583473	-16297.91460081638	15934.876422385574	230.6334368202424	3154.8053730231195
600909621.2273525	133195143918.42903	175679618271.1435	2400079881.6175575	-16387.952891555164	15826.525066361899	232.4492911891232	3152.8801900061767
600967221.2273525	132248620132.30403	176588099172.9878	2413521755.906585	-16477.34972174332	15717.90641424286	234.28592555828362	3150.951311167343
601024821.2273525	131296965481.39302	177490316020.01407	2427070020.882466	-16566.10848407546	15609.023694551595	236.14342651289562	3149.0186923854626
601082421.2273525	130340216620.76514	178386253693.04395	2440725880.902644	-16654.232568228465	15499.88005803217	238.02187848759525	3147.0822861301103
601140021.2273525	129378410010.35362	179275897252.15173	2454490545.12522	-16741.725359914555	15390.478578058282	239.92136373114553	3145.1420414518198
601197621.2273525	128411581915.21149	180159231932.2196	2468365227.3820167	-16828.59023994277	15280.82225104736	241.84196227101887	3143.1979039739044
601255221.2273525	127439768405.8207	181036243138.51715	2482351146.0496163	-16914.83058328895	15170.91399687995	243.78375187790374	3141.249815885927
601312821.2273525	126463005358.4548	181906916442.30502	2496449523.918346	-17000.449758174094	15060.756659324217	245.74680803013607	3139.2977159388533
601370421.2273525	125481328455.5941	182771237576.46317	2510661588.059203	-17085.45112515095	14950.353006465539	247.73120387805957	3137.3415394419376
601428021.2273525	124494773186.39404	183629192431.14398	2524988569.6887507	-17169.838036198908	14839.705731141039	249.737010208317	3135.3812182613774
601485621.2273525	123503374847.20407	184480767049.45056	2539431704.0319214	-17253.61383382699	14728.817451378909	251.76429540807365	3133.416680820778
601543221.2273525	122507168542.13951	185325947623.14087	2553992230.1827908	-17336.781850184965	14617.69071084256	253.8131254291784	3131.447852103462
601600821.2273525	121506189183.70319	186164720488.35663	2568671390.9632564	-17419.345406182507	14506.327979279355	255.88356375226266	3129.4746536566618
601658421.2273525	120500471493.45833	186997072121.37924	2583470432.7796683	-17501.307810616203	14394.731652973964	257.97567135078066	3127.4970035976253
601716021.2273525	119490050002.75117	187822989134.41138	2598390605.47738	-17582.672359304543	14282.904055206098	260.08950665499384	3125.514816621666
601773621.2273525	118474959053.483	188642458271.38507	2613433162.193212	-17663.442334230655	14170.847436712716	262.22512551590216	3123.5280040121847
601831221.2273525	117455232798.93172	189455466403.79675	2628599359.2058573	-17743.62100269279	14058.56397615447	264.38258116912414	3121.5364736526917
601888821.2273525	116430905204.62227	190262000526.56934	2643890455.78419	-17823.21161646242	13946.05578058638	266.56192419872957	3119.540130040844
601946421.2273525	115402010049.24443	191062047753.94104	2659307714.033489	-17902.217410949997	13833.324885932654	268.7632025010273	3117.538874304525
602004021.2273525	114368580925.61974	191855595315.38257	2674852398.7395897	-17980.641604378146	13720.373257465553	270.9864612483093	3115.5326042199767
602061621.2273525	113330651241.71451	192642630551.54065	2690525777.210921	-18058.487396962362	13607.202790288275	273.23174285255675	3113.5212142319992
602119221.2273525	112288254221.70084	193423140910.2112	2706329119.1184797	-18135.757970098988	13493.815309821686	275.4990869291079	3111.5045954762277
602176821.2273525	111241422907.06374	194197113942.33896	2722263696.333686	-18212.456485560568	13380.212572295008	277.78853026029225	3109.48263580349
602234421.2273525	110190190157.75456	194964537298.04678	2738330782.76416	-18288.586084698363	13266.396265240197	280.1001067590343	3107.4552198062474
602292021.2273525	109134588653.38983	195725398722.69278	2754531654.187393	-18364.149887652035	13152.368007990086	282.43384743242706	3105.422228847117
602349621.2273525	108074650894.4956	196479686052.95657	2770867588.0823216	-18439.15099256638	13038.129352180184	284.78978034528154	3103.383541089469
602407221.2273525	107010409203.79712	197227387212.95428	2787339863.458802	-18513.592474815072	12923.681782254094	287.16793058365266	3101.3390315300912
602464821.2273525	105941895727.55222	197968490210.38345	2803949760.6849866	-18587.477386231327	12809.026715972463	289.56832021834543	3099.288572033901
602522421.2273525	104869142436.92952	198702983132.69586	2820698561.312584	-18660.808754345413	12694.165504925471	291.9909682684046	3097.232031370693
602580021.2273525	103792181129.4301	199430854143.30206	2837587547.90004	-18733.589581628934	12579.099435048705	294.4358906645889	3095.169275253898
602637621.2273525	102711043430.35204	200152091477.80377	2854618003.833587	-18805.82284474585	12463.829727142513	296.90310021283574	3093.1001663813217
602695221.2273525	101625760794.29893	200866683440.25775	2871791213.1462107	-18877.511493810085	12348.357537394673	299.3926065577158	3091.0245644778433
602752821.2273525	100536364506.73	201574618399.46872	2889108460.3345003	-18948.658451649735	12232.683957906396	301.90441614588457	3088.942326340028
602810421.2273525	99442885685.55298	202275884785.31345	2906571030.1733904	-19019.26661307774	12116.81001722165	304.4385321895294	3086.8533058826224
602868021.2273525	98345355282.75859	202970471085.09525	2924180207.528813	-19089.338844168993	12000.736680859638	306.9949546298176	3084.757354186886
602925621.2273525	97243804086.0963	203658365839.92908	2941937277.1682253	-19158.877981543832	11884.46485185058	309.57368010034924	3082.654319550714
602983221.2273525	96138262720.79198	204339557641.15747	2959843523.569043	-19227.886831657703	11767.995371274657	312.1747018906153	3080.5440475405
603040821.2273525	95028761651.30495	205014035126.79843	2977900230.7249794	-19296.368170097197	11651.329018804041	314.798009909466	3078.4263810446846
603098421.2273525	93915331183.12675	205681786978.02322	2996108681.950248	-19364.32474088208	11534.466513248157	317.44359064859106	3076.3011603289315
603156021.2273525	92798001464.61913	206342801915.66702	3014470159.681696	-19431.75925577352	11417.408513101962	320.1114271460165	3074.1682230928695
603213621.2273525	91676802488.89175	206997068696.7704	3032985945.2788215	-19498.674393588233	11300.155617097344	322.80149894961994	3072.0274045283372
603271221.2273525	90551764095.71979	207644576111.15298	3051657318.8216863	-19565.072799518643	11182.70836475757	325.5137820806664	3069.878537379062
603328821.2273525	89422915973.49973	208285312978.01935	3070485558.906742	-19630.957084458874	11065.067236954766	328.2482489973707	3067.7214520016996
603386421.2273525	88290287661.24445	208919268142.59644	3089471942.4405375	-19696.329824336575	10947.232656470464	331.00486855848646	3065.5559764281666
603444021.2273525	87153908550.61633	209546430472.8037	3108617744.431348	-19761.193559450523	10829.204988559126	333.7836059869271	3063.3819364291835
603501621.2273525	86013807887.99844	210166788855.9563	3127924237.778707	-19825.550793813873	10710.984541514696	336.5844228334198	3061.199155578954
603559221.2273525	84870014776.60344	210780332195.50043	3147392693.06084	-19889.403994503045	10592.571567240124	339.40727694019785	3059.0074553209
603616821.2273525	83722558178.61948	211387049407.7811	3167024378.3200054	-19952.75559101219	10473.966261819915	342.252122404732	3056.8066550343683
603674421.2273525	82571466917.39381	211986929418.84473	3186820558.845764	-20015.6079746132	10355.16876609563	345.11890954350696	3054.596572102225
603732021.2273525	81416769679.65228	212579961161.27243	3206782496.956139	-20077.96349772109	10236.179166244425	348.00758485584316	3052.3770219792555
603789621.2273525	80258495017.75587	213166133571.04926	3226911451.776719	-20139.824473264805	10116.997494360492	350.91809098776906	3050.1478182612823
603847221.2273525	79096671351.99324	213745435584.46484	3247208679.017655	-20201.193174063403	9997.623729039598	353.8503666959466	3047.9087727549113
603904821.2273525	77931326972.90823	214317856135.04947	3267675430.748611	-20262.071832207475	9878.057795966488	356.8043468116519	3045.6596955478235
603962421.2273525	76762490043.66458	214883384150.5434	3288312955.171614	-20322.46263844577	9758.299568505437	359.77996220481634	3043.4003950795222
604020021.2273525	75590188602.44371	215442008549.89975	3309122496.3918524	-20382.367741577073	9638.348868293648	362.77713974813	3041.1306782124484
604077621.2273525	74414450564.87892	215993718240.32278	3330105294.1864004	-20441.789247847144	9518.205465837787	365.7958022812107	3038.850350303377
604135221.2273525	73235303726.52393	216538502114.33963	3351262583.770884	-20500.729220350706	9397.869081113527	368.8358685748419	3036.559215275008
604192821.2273525	72052775765.35487	217076349046.90704	3372595595.5640855	-20559.189678438564	9277.339384168086	371.89725329528426	3034.2570756876653
604250421.2273525	70866894244.30731	217607247892.55344	3394105554.9505005	-20617.172597129593	9156.615995725864	374.9798669686605	3031.9437328110216
604308021.2273525	69677686613.84662	218131187482.55475	3415793682.0408387	-20674.67990652768	9035.698487797177	378.08361594542106	3029.61898669576
604365621.2273525	68485180214.57147	218648156622.14658	3437661191.4304876	-20731.7134912436	8914.586384290022	381.20840236489084	3027.282636245098
604423221.2273525	67289402279.85103	219158144087.77087	3459709291.955925	-20788.275189821685	8793.279161625058	384.3541241199015	3024.9344792860848
604480821.2273525	66090379938.4946	219661138624.3588	3481939186.4491158	-20844.366794171317	8671.776249353617	387.5206748215128	3022.5743126406046
604538421.2273525	64888140217.454185	220157128942.64868	3504352071.489861	-20899.990049003165	8550.077030778979	390.707943763825	3020.201932195999
604596021.2273525	63682710044.55914	220646103716.54013	3526949137.1561303	-20955.146651270174	8428.180843580789	393.91581588888766	3017.817132975239
604653621.2273525	62474116251.2833	221128051580.48398	3549731566.7723722	-21009.838249613178	8306.086980442735	397.144171751706	3015.4197092065824
604711221.2273525	61262385575.54309	221602961126.90924	3572700536.655825	-21064.066443811273	8183.794689683409	400.39288748534995	3013.0094543926325
604768821.2273525	60047544664.52795	222070820903.68558	3595857215.8608046	-21117.83278423668	8061.303175890505	403.6618347661673	3010.586161378748
604826421.2273525	58829620077.56201	222531619411.62247	3619202765.920994	-21171.13877131426	7938.611600558381	406.950880779108	3008.149622420732
604884021.2273525	57608638288.996254	222985345102.00583	3642738340.5897512	-21223.985854985604	7815.719082728854	410.2598881831564	3005.6996292517438
604941621.2273525	56384625691.13153	223431986374.17133	3666465085.5784135	-21276.375434177557	7692.624699635473	413.5887150768819	3003.235973148374
604999221.2273525	55157608597.17262	223871531573.11472	3690384138.2926345	-21328.30885627536	7569.327487351184	416.93721496410774	3000.758444995833
605056821.2273525	53927613244.21171	224303968987.1396	3714496627.5667367	-21379.787416600153	7445.826441439462	420.3052367197003	2998.266835352203
605114421.2273525	52694665796.24223	224729286845.54346	3738803673.3961067	-21430.812357891045	7322.120517608941	423.6926245554861	2995.7609345117
605172021.2273525	51458792347.20297	225147473316.33984	3763306386.6676097	-21481.38486979145	7198.208632371649	427.09921798629495	2993.2405325669097
605229621.2273525	50220018924.05028	225558516504.0211	3788005868.8880935	-21531.50608834	7074.089663704706	430.5248517961371	2990.7054194699563
