573319221.2273525	585162266.5067643	148771950837.92908	207055437776.99594	0.0002449500569230677
573319222.2273525	585162118.9996196	148771951404.39798	207055420647.07855	0.00024495008732894986
573319226.2273525	585161528.9745227	148771953670.27524	207055352127.4085	0.0002449502089525367
573319242.2273525	585159168.9335523	148771962733.81717	207055078048.71707	0.00024495069544791954
573319306.2273525	585149729.7114818	148771998988.49765	207053981733.7759	0.0002449526414458926
573319562.2273525	585111987.9040294	148772144015.43384	207049596471.20816	0.00024496042570089187
573320586.2273525	584961262.2202177	148772724254.60587	207032055376.1308	0.0002449915669289071
573324682.2273525	584362240.479113	148775047314.3356	206961890282.01282	0.00024511619906215194
573341066.2273525	582029290.4473312	148784373214.84494	206681218684.09805	0.00024561579628780384
573406602.2273525	573774304.9353327	148822216225.13565	205558365555.22906	0.00024763084770397606
573668746.2273525	562041986.0497668	148982270269.93448	201065106406.65622	0.0002559301539568748
574253583.7294745	693002127.4925795	149390151412.3083	191042742616.51297	0.0002754244954701862
574860120.6187798	1029576505.3809531	149888809048.73746	180681078539.4661	0.00029622653172939903
575219979.5512611	1293699410.619042	150221737673.4388	174564491241.12787	0.000308470058421612
575587188.9935472	1597691015.13763	150590291203.29922	168356902647.27832	0.00032067288885979895
575953602.3622553	1926385831.8412375	150987306144.99374	162205290183.18387	0.00033240180003939044
576318057.4298404	2272397490.662984	151411381108.70428	156136952882.92923	0.0003434881008374888
576678125.0106974	2630513838.0239854	151859063724.2741	150199004279.7317	0.00035375534834282776
577029071.3725251	2995080415.8109164	152322948415.50308	144473756122.33395	0.00036300864743374085
577288396.645585	3275108823.771247	152683216810.66757	140286895853.33975	0.00036931816203921884
577581224.3226961	3602847204.7175555	153107894768.16867	135607727086.29277	0.0003758610598544604
577895007.0895796	3966932551.6334114	153583970446.42432	130655303770.81497	0.00038214488304445245
578297595.6222672	4450095267.059726	154226524543.3234	124402190700.64076	0.00038903942315148747
578791073.6099722	5061954320.769741	155062554193.77753	116905766371.81378	0.00039559823387673313
579491936.5269672	5973052847.039673	156340638799.86252	106610793470.65904	0.00040113359091060557
580091703.2441645	6813721099.563428	157517583073.81952	98161899275.80328	0.0004022057154038358
580642775.7052034	7650138340.395702	158665220709.88443	90719088259.28932	0.00040014675556148153
581191894.1406933	8547992940.811875	159870404251.59924	83629725680.89288	0.00039518529654362726
581751106.150399	9543727357.753769	161159220265.65536	76766684866.79527	0.0003871786143112166
582327207.8477197	10687521127.121414	162549741984.42783	70094278997.36713	0.0003758872282085923
582926949.942762	12040643484.672604	164062420284.51572	63599933750.03593	0.0003609776834103411
583521479.3453821	13563818619.152208	165624568025.0383	57639256893.94358	0.00034319245345276815
584107728.3195008	15267935819.576223	167222894484.2602	52247332114.37486	0.00032293014061671914
584691602.8484424	17203072252.139008	168868661793.5897	47374848085.07494	0.0003002938112504577
585278629.2760557	19423733533.409286	170574078502.37854	42992090896.38229	0.0002753261175892577
585874830.4544559	21975636661.17164	172354470516.40067	39081646081.980194	0.00024799610571811943
586488207.9977139	24930687308.434544	174232746752.4998	35631303564.71058	0.0002181434669971048
587131895.9370098	28425814361.170753	176249707121.60437	32626014039.476673	0.00018532843174087725
587835008.2780178	32739521913.383175	178500221048.1338	30028856190.396214	0.0001482799286142695
588656774.0286138	38442333800.39799	181183649497.14816	27806386577.990658	0.0001042752204905864
589422527.1862185	44419881938.03389	183725743194.3043	26384548325.63913	6.390566032427904e-05
590102556.950736	50292569526.0282	186008794431.37625	25513185655.963497	3.1906489050777484e-05
590762690.8369956	56493740293.57732	188241242528.64633	24904588768.861526	2.501790419261167e-05
591428733.8823799	63239810315.62261	190503413051.70663	24427602754.990173	5.1115936600164126e-05
592120359.3471965	70772946278.53012	192856029359.8853	23988540388.914196	8.303853117004073e-05
592865559.4538239	79485471824.3403	195387020038.31848	23497408792.229687	0.0001165100547389762
593695924.0293633	89871799574.71985	198192418794.82388	22851885884.991905	0.00015115485541338574
594537444.6931466	101095792018.81508	201008433349.74387	22037734160.25274	0.00018273693443737372
595307278.7311445	111949422562.8198	203551348353.01053	21127416034.030045	0.0002082222624129125
596024086.476017	122496163899.86108	205883465500.09802	20132258583.562004	0.00022894251988170495
596713323.2287269	132995645050.79672	208087930422.7671	19045592169.03382	0.0002461759998830043
597383868.810624	143521191204.97916	210192415321.91354	17875928425.909325	0.00026055798170746615
598038690.2438757	154045458928.0592	212205611525.10358	16639424929.311045	0.00027256883356608865
598677857.8708564	164498397901.9447	214127757478.91165	15357250770.454779	0.00028267158930305234
599299437.5725021	174800863283.13684	215954054937.12637	14054525489.338184	0.0002913492115846213
599899630.3334912	184849791490.50143	217675657352.13446	12759823187.280579	0.0002990968547101399
600472340.1406683	194489340676.03625	219278994909.9172	11505334813.579859	0.0003063774490884238
601007611.1171952	203506926103.50647	220742107104.77188	10329012474.20321	0.0003135310865412581
601345177.1543049	209186228412.05215	221647088375.19873	9590957498.616005	0.00031842171525361154
601751615.0242684	216010337203.8751	222718503713.32706	8711563173.812323	0.0003248965192920529
602155794.6525252	222773761653.37607	223764320787.53076	7852440845.935682	0.00033216683668015886
602639440.5581348	230818968431.43655	224990264078.80026	6852762882.212936	0.0003422448547974587
603170307.7656547	239562470419.73834	226304491939.27798	5802778560.307613	0.0003554176237395148
603732607.2443267	248695943788.64542	227661699595.68863	4760337786.413889	0.0003722253555806527
604315673.490785	258010703210.9717	229032746297.24033	3774883276.26104	0.0003932015298259371
604910922.144661	267337289921.6465	230396483792.32483	2893562702.4425874	0.0004187342157962756
605510993.2775962	276518321175.49384	231737242567.90582	2162973856.64997	0.0004489918918332786
