573319221.2273525	585162266.5067637	148771950837.92905	207055437776.99597	0.0002449500569230677
573376821.2273525	577303978.4027963	148804912445.05627	206068646248.6487	0.00024671191156401496
573434421.2273525	570832006.0308535	148838541422.83066	205081659329.5985	0.00024849399746592287
573492021.2273525	565908917.2311934	148872839783.87872	204094508847.1818	0.00025029524158250106
573549621.2273525	562690329.776804	148907809510.31775	203107226691.4322	0.00025211458245809625
573607221.2273525	561320172.6189966	148943452553.70724	202119844811.72733	0.00025395097083091606
573664821.2273525	561925978.9831579	148979770835.00153	201132395215.65363	0.0002558033701611998
573722421.2273525	564614615.7356004	149016766244.50357	200144909965.22153	0.00025767075708896795
573780021.2273525	569468872.078878	149054440641.82013	199157421176.1041	0.0002595521218259519
573837621.2273525	576545273.5407108	149092795855.81802	198169961013.39734	0.0002614464684862143
573895221.2273525	585873355.1080672	149131833684.58145	197182561691.22037	0.0002633528153598674
573952821.2273525	597456444.4366132	149171555895.37076	196195255468.4296	0.0002652701951341639
574010421.2273525	611273813.4846709	149211964224.58252	195208074647.91818	0.00026719765506608785
574068021.2273525	627283898.430793	149253060377.7103	194221051572.69373	0.0002691342571104256
574125621.2273525	645428194.57849	149294846029.3073	193234218624.80884	0.00027107907800708085
574183221.2273525	665635415.0148427	149337322822.9498	192247608221.89075	0.000273031209331262
574240821.2273525	687825548.2344861	149380492371.202	191261252815.55716	0.0002749897575099688
574298421.2273525	711913537.104452	149424356255.58182	190275184888.40448	0.0002769538438080034
574356021.2273525	737812403.1643616	149468916026.52844	189289436951.94058	0.00027892260428653625
574413621.2273525	765435735.251792	149514173203.3705	188304041544.15695	0.00028089518973711927
574471221.2273525	794699537.4301808	149560129274.2959	187319031226.6859	0.0002828707655937974
574528821.2273525	825523484.0444064	149606785696.32266	186334438583.1678	0.00028484851182580443
574586421.2273525	857831661.0678277	149654143895.27115	185350296215.76025	0.0002868276228131876
574644021.2273525	891552887.1861521	149702205265.7373	184366636744.05942	0.0002888073072074827
574701621.2273525	926620710.2952452	149750971171.06735	183383492801.17117	0.00029078678777943675
574759221.2273525	962973169.5471339	149800442943.33362	182400897032.78748	0.0002927653012556175
574816821.2273525	1000552402.9369177	149850621883.31158	181418882093.349	0.0002947420981455847
574874421.2273525	1039304167.8640968	149901509260.45813	180437480645.0671	0.00029671644256117286
574932021.2273525	1079177328.726782	149953106312.89124	179456725353.9463	0.00029868761202927606
574989621.2273525	1120123352.6669335	150005414247.37057	178476648889.0314	0.00030065489729946636
575047221.2273525	1162095843.141579	150058434239.2797	177497283918.26245	0.00030261760214756107
575104821.2273525	1205050131.8041666	150112167432.60916	176518663107.6695	0.0003045750431762427
575162421.2273525	1248942942.5782082	150166614939.94104	175540819117.57346	0.0003065265496136478
575220021.2273525	1293732137.565969	150221777842.43472	174563784601.13965	0.0003084714631108458
575277621.2273525	1339376551.7972035	150277657189.8138	173587592201.41275	0.0003104091375388943
575335221.2273525	1385835921.610054	150334254000.35443	172612274549.20465	0.0003123389387862503
575392821.2273525	1433070908.4053495	150391569260.87457	171637864260.65118	0.00031426024455709193
575450421.2273525	1481043214.6070635	150449603926.725	170664393934.6995	0.0003161724441711127
575508021.2273525	1529715781.5968516	150508358921.78085	169691896150.96335	0.00031807493836526196
575565621.2273525	1579053050.806931	150567835138.43524	168720403466.9762	0.0003199671390978909
575623221.2273525	1629021260.74282	150628033437.59335	167749948416.50558	0.00032184846935557704
575680821.2273525	1679588746.7307622	150688954648.6683	166780563506.15094	0.0003237183629630559
575738421.2273525	1730726208.7942243	150750599569.57797	165812281214.38367	0.000325576264396428
575796021.2273525	1782406917.3665051	150812968966.74338	164845133987.60214	0.0003274216285999607
575853621.2273525	1834606836.0435257	150876063575.08774	163879154239.4746	0.00032925392080656457
575911221.2273525	1887304653.2330828	150939884098.0374	162914374347.0829	0.0003310726163622422
575968821.2273525	1940481727.477613	151004431207.52383	161950826650.04443	0.0003328772005544785
576026421.2273525	1994121961.714377	151069705543.98642	160988543447.0093	0.0003346671684447952
576084021.2273525	2048211628.1106846	151135707716.37717	160027556994.64444	0.0003364420247054808
576141621.2273525	2102739167.0024812	151202438302.16626	159067899504.06158	0.00033820128346054697
576199221.2273525	2157694981.6338553	151269897847.34894	158109603139.97736	0.00033994446813094493
576256821.2273525	2213071246.152909	151338086866.45364	157152700017.26697	0.0003416711112840772
576314421.2273525	2268861739.0431013	151407005842.55142	156197222199.7961	0.0003433807544875447
576372021.2273525	2325061708.891856	151476655227.2666	155243201697.55554	0.00034507294816717334
576429621.2273525	2381667774.7351365	151547035440.7885	154290670464.83392	0.0003467472514692233
576487221.2273525	2438677859.343852	151618146871.88486	153339660398.1418	0.0003484032321267933
576544821.2273525	2496091150.6687775	151689989877.9158	152390203333.80246	0.00035004046633033327
576602421.2273525	2553908083.997923	151762564784.84985	151442331046.33728	0.0003516585386021899
576660021.2273525	2612130334.9875183	151835871887.2805	150496075245.88306	0.0003532570416751774
576717621.2273525	2670760811.4565983	151909911448.44446	149551467576.82678	0.000354835576375012
576775221.2273525	2729803629.731428	151984683700.241	148608539615.068	0.00035639375150660894
576832821.2273525	2789264059.648706	152060188843.25247	147667322866.90668	0.00035793118374409917
576890421.2273525	2849148421.6105843	152136427046.7662	146727848766.00308	0.00035944749752450433
576948021.2273525	2909463920.0649695	152213398448.79755	145790148672.786	0.000360942324944971
577005621.2273525	2970218401.2899823	152291103156.1142	144854253871.0782	0.0003624153056634845
577063221.2273525	3031420029.9980464	152369541244.26178	143920195567.68774	0.0003638660868029152
577120821.2273525	3093076889.078765	152448712757.59064	142988004889.21747	0.0003652943228583721
577178421.2273525	3155196518.8452997	152528617709.28378	142057712881.45633	0.00036669967560772727
577236021.2273525	3217785424.4239917	152609256081.38635	141129350506.52032	0.00036808181402517206
577293621.2273525	3280848589.629489	152690627824.83594	140202948642.10913	0.00036944041419781376
577351221.2273525	3344389039.9996047	152772732859.49442	139278538078.84488	0.0003707751592450874
577408821.2273525	3408407494.909859	152855571074.181	138356149519.54822	0.00037208573924098735
577466421.2273525	3472902139.041049	152939142326.70636	137435813576.72554	0.0003733718511389629
577524021.2273525	3537868529.1597285	153023446443.9081	136517560771.54932	0.00037463319869939177
577581621.2273525	3603299636.7061653	153108483221.6875	135601421532.00676	0.0003758694924195632
577639221.2273525	3669186013.562286	153194252425.0473	134687426191.22437	0.0003770804494660305
577696821.2273525	3735516059.9116087	153280753788.13104	133775604986.46547	0.00037826579360929425
577754421.2273525	3802276369.848456	153367987014.2634	132865988056.77513	0.0003794252551606775
577812021.2273525	3869452131.3394194	153455951775.99155	131958605442.62415	0.0003805585709113358
577869621.2273525	3937027560.3923893	153544647715.1284	131053487083.37285	0.00038166548407329404
577927221.2273525	4004986352.9160075	153634074442.7963	130150662816.97952	0.0003827457442224456
577984821.2273525	4073312140.3624716	153724231539.47253	129250162377.58139	0.000383799107243401
578042421.2273525	4141988936.303344	153815118555.03574	128352015395.46173	0.0003848253352761506
578100021.2273525	4211001560.871025	153906735008.8136	127456251394.29732	0.0003858241966644028
578157621.2273525	4280336029.3653693	153999080389.632	126562899791.70717	0.0003867954659055748
578215221.2273525	4349979891.334376	154092154155.86484	125671989896.17935	0.0003877389236023181
578272821.2273525	4419922507.957519	154185955735.48578	124783550907.70064	0.0003886543564155412
578330421.2273525	4490155258.966134	154280484526.12054	123897611915.11769	0.00038954155701881814
578388021.2273525	4560671675.377333	154375739895.1009	123014201896.36945	0.00039040032405416295
578445621.2273525	4631467500.222268	154471721179.51965	122133349716.4128	0.0003912304620890649
578503221.2273525	4702540685.174414	154568427686.2868	121255084127.09676	0.0003920317815747063
578560821.2273525	4773891335.549878	154665858692.18707	120379433765.60193	0.000392804098805363
578618421.2273525	4845521618.916687	154764013443.9385	119506427154.00551	0.0003935472358788544
578676021.2273525	4917435653.30785	154862891158.25232	118636092698.17409	0.0003942610206580403
578733621.2273525	4989639389.99846	154962491021.89395	117768458686.97652	0.0003949452867332406
578791221.2273525	5062140503.430386	155062812191.74533	116903553291.96684	0.00039559987338561373
578848821.2273525	5134948297.68792	155163853794.8683	116041404565.72351	0.00039622462555136454
578906421.2273525	5208073635.389852	155265614928.56934	115182040442.49467	0.0003968193937867284
578964021.2273525	5281528891.261244	155368094660.4652	114325488736.0293	0.0003973840342337594
579021621.2273525	5355327929.085819	155471292028.5502	113471777140.55699	0.0003979184085867743
579079221.2273525	5429486097.183962	155575206041.26434	112620933228.77892	0.00039842238405947986
579136821.2273525	5504020233.900647	155679835677.56268	111772984452.78142	0.0003988958333526956
579194421.2273525	5578948670.736687	155785179886.98584	110927958142.16267	0.00039933863462264334
579252021.2273525	5654291216.775778	155891237589.73215	110085881505.18602	0.0003997506714497755
579309621.2273525	5730069104.294519	155998007676.7301	109246781626.78687	0.00040013183280806553
579367221.2273525	5806304872.649494	156105489009.7129	108410685469.87868	0.0004004820130347517
579424821.2273525	5883022166.960867	156213680421.2936	107577619873.60043	0.00040080111180049687
579482421.2273525	5960245431.38586	156322580715.04163	106747611554.367	0.0004010890340798969
579540021.2273525	6037999485.524058	156432188665.5604	105920687104.77548	0.0004013456901223467
579597621.2273525	6116308987.588658	156542503018.56625	105096872993.92299	0.0004015709954231874
579655221.2273525	6195197808.549652	156653522490.96838	104276195567.2411	0.00040176487069515176
579712821.2273525	6274688364.112084	156765245770.94998	103458681046.20839	0.00040192724184000386
579770421.2273525	6354800970.34858	156877671518.05063	102644355528.85086	0.000402058039920435
579828021.2273525	6435553297.408492	156990798363.2497	101833244989.07501	0.0004021572011321156
579885621.2273525	6516959989.2053585	157104624909.05106	101025375277.66035	0.00040222466677589076
579943221.2273525	6599032495.127503	157219149729.56885	100220772121.30138	0.00040226038323013533
580000821.2273525	6681779127.841283	157334371370.61444	99419461124.12617	0.0004022643019231753
580058421.2273525	6765205327.999684	157450288349.78452	98621467766.25159	0.0004022363793058248
580116021.2273525	6849314090.91952	157566899156.5503	97826817405.89226	0.00040217657682393537
580173621.2273525	6934106497.334284	157684202252.34787	97035535277.79015	0.0004020848608910256
580231221.2273525	7019582290.582602	157802196070.66983	96247646495.26155	0.00040196120286088537
580288821.2273525	7105740452.546295	157920879017.15793	95463176048.97916	0.00040180557900019705
580346421.2273525	7192579745.172268	158040249469.69675	94682148808.7437	0.0004016179704611284
580404021.2273525	7280099198.861774	158160305778.50864	93904589522.7366	0.0004013983632538639
580461621.2273525	7368298540.438432	158281046266.24994	93130522819.05936	0.000401146748219113
580519221.2273525	7457178560.716633	158402469228.10794	92359973205.24965	0.000400863121000502
580576821.2273525	7546741425.161526	158524572931.89938	91592965069.70396	0.0004005474820168877
580634421.2273525	7636990931.81425	158647355618.16962	90829522681.57478	0.0004001998364345976
580692021.2273525	7727932719.810705	158770815500.29337	90069670191.73282	0.00039982019413949463
580749621.2273525	7819574430.580595	158894950764.57635	89313431633.31114	0.00039940856970894465
580807221.2273525	7911925822.994976	159019759570.3579	88560830921.99207	0.0003989649823836484
580864821.2273525	8004998843.752228	159145240050.11487	87811891857.40671	0.0003984894560392827
580922421.2273525	8098807655.220018	159271390309.56677	87066638122.79333	0.00039798201915799904
580980021.2273525	8193368624.548569	159398208427.78146	86325093286.75095	0.00039744270479975113
581037621.2273525	8288700279.741215	159525692457.28275	85587280802.81873	0.00039687155057342244
581095221.2273525	8384823240.063221	159653840424.15833	84853224011.32404	0.000396268598607767
581152821.2273525	8481760129.313704	159782650328.16925	84122946138.86328	0.0003956338955221382
581210421.2273525	8579535480.8502445	159912120142.86023	83396470300.40018	0.00039496749239702287
581268021.2273525	8678175642.752901	160042247815.67133	82673819498.4264	0.00039426944474435635
581325621.2273525	8777708690.198643	160173031268.0505	81955016625.3221	0.00039353981247761333
581383221.2273525	8878164350.09957	160304468395.5671	81240084462.4089	0.00039277865988165603
581440821.2273525	8979573940.458096	160436557068.02686	80529045682.01042	0.00039198605558238633
581498421.2273525	9081970323.79242	160569295129.5874	79821922847.0401	0.0003911620725161209
581556021.2273525	9185387870.399734	160702680398.87546	79118738412.48083	0.0003903067878987527
581613621.2273525	9289862423.150986	160836710669.10452	78419514725.35776	0.0003894202831946659
581671221.2273525	9395431250.958424	160971383708.194	77724274025.79303	0.0003885026440853848
581728821.2273525	9502132973.222443	161106697258.88907	77033038447.20535	0.00038755396043799726
581786421.2273525	9610007432.946518	161242649038.88202	76345830017.10136	0.00038657432627332464
581844021.2273525	9719095492.843912	161379236740.93423	75662670657.57224	0.0003855638397338127
581901621.2273525	9829438728.335793	161516458032.9994	74983582185.40784	0.0003845226030512111
581959221.2273525	9941078996.106466	161654310558.34772	74308586313.15459	0.00038345072251396096
582016821.2273525	10054057869.155603	161792791935.69122	73637704648.48312	0.00038234830843436547
582074421.2273525	10168415950.32404	161931899759.30997	72970958695.62375	0.000381215475115476
582132021.2273525	10284192104.691301	162071631599.17947	72308369854.25394	0.00038005234081774694
582189621.2273525	10401422681.688711	162211985001.0989	71649959420.83284	0.00037885902772542916
582247221.2273525	10520140821.003115	162352957486.8206	70995748587.42911	0.00037763566191271905
582304821.2273525	10640375941.955809	162494546554.18036	70345758442.86562	0.00037638237330967633
582362421.2273525	10762153497.365122	162636749677.2288	69700009971.19221	0.0003750992956678658
582420021.2273525	10885495031.68141	162779564306.36377	69058524052.6965	0.00037378656652579
582477621.2273525	11010418530.579285	162922987868.46384	68421321462.11818	0.0003724443271740627
582535221.2273525	11136939001.344997	163067017767.02246	67788422869.37133	0.00037107272262037425
582592821.2273525	11265069194.073938	163211651382.28375	67159848837.600266	0.0003696719015541944
582650421.2273525	11394820368.39944	163356886071.37845	66535619823.215614	0.00036824201631128253
582708021.2273525	11526203025.58955	163502719168.46155	65915756174.088234	0.0003667832228379708
582765621.2273525	11659227552.211159	163649147984.85052	65300278128.75476	0.0003652956806552164
582823221.2273525	11793904749.492767	163796169809.1647	64689205814.58024	0.00036377955282246164
582880821.2273525	11930246245.275883	163943781907.46573	64082559246.17083	0.00036223500590130985
582938421.2273525	12068264800.232107	164091981523.3985	63480358323.55883	0.0003606622099189623
582996021.2273525	12207974527.081415	164240765878.33368	62882622829.729454	0.00035906133833151323
583053621.2273525	12349391042.749075	164390132171.5108	62289372428.70327	0.00035743256798702924
583111221.2273525	12492531570.993284	164540077580.1824	61700626661.9654	0.00035577607908849663
583168821.2273525	12637415008.965816	164690599259.7592	61116404946.71576	0.0003540920551565612
583226421.2273525	12784061966.832531	164841694343.95605	60536726571.11327	0.000352380682992135
583284021.2273525	12932494785.835777	164993359944.9391	59961610692.20059	0.00035064215263887503
583341621.2273525	13082737537.463692	165145593153.47354	59391076330.416885	0.00034887665734550005
583399221.2273525	13234816004.826757	165298391039.0726	58825142366.73139	0.0003470843935279829
583456821.2273525	13388757646.847261	165451750650.14737	58263827536.582565	0.0003452655607316441
583514421.2273525	13544591546.21072	165605669014.15738	57707150426.128265	0.00034342036159315173
583572021.2273525	13702348342.889017	165760143137.76248	57155129465.36255	0.0003415490018023838
583629621.2273525	13862060156.083063	165915170006.97513	56607782923.61244	0.00033965169006426924
583687221.2273525	14023760498.305748	166070746587.31415	56065128901.91727	0.00033772863806052686
583744821.2273525	14187484185.766903	166226869823.95883	55527185327.258125	0.00033578006041135445
583802421.2273525	14353267249.035048	166383536641.9045	54993969944.46468	0.00033380617463710835
583860021.2273525	14521146847.0221	166540743946.11844	54465500308.74748	0.00033180720111992436
583917621.2273525	14691161185.62969	166698488621.69717	53941793777.39824	0.00032978336306535317
583975221.2273525	14863349439.909943	166856767534.02423	53422867500.544	0.00032773488646400484
584032821.2273525	15037751675.354786	167015577528.92923	52908738412.16229	0.0003256620000532027
584090421.2273525	15214408760.034185	167174915432.8473	52399423219.36122	0.00032356493527871324
584148021.2273525	15393362254.891052	167334778052.97995	51894938392.48931	0.0003214439262565201
584205621.2273525	15574654264.979511	167495162177.4564	51395300152.78774	0.0003192992097346831
584263221.2273525	15758327230.493551	167656064575.49585	50900524461.709305	0.0003171310250553034
584320821.2273525	15944423634.364273	167817481997.5708	50410627006.74241	0.00031493961411663545
584378421.2273525	16132985604.866941	167979411175.571	49925623189.86731	0.0003127252213353179
584436021.2273525	16324054399.419432	168141848822.96835	49445528111.67664	0.00031048809360881887
584493621.2273525	16517669771.691935	168304791634.98264	48970356558.30986	0.00030822848027806484
584551221.2273525	16713869248.885218	168468236288.74805	48500122984.44893	0.00030594663309030287
584608821.2273525	16912687376.88911	168632179443.48065	48034841498.375084	0.0003036428061622188
584666421.2273525	17114155020.771715	168796617740.64658	47574525843.75123	0.000301317255943374
584724021.2273525	17318298825.589085	168961547804.131	47119189382.83592	0.00029897024117994696
584781621.2273525	17525140936.729412	169126966240.40817	46668845076.88435	0.00029660202287884924
584839221.2273525	17734699044.944515	169292869638.7119	46223505467.531425	0.0002942128642722225
584896821.2273525	17946986764.991264	169459254571.20718	45783182656.00855	0.0002918030307824187
584954421.2273525	18162014295.09572	169626117593.16235	45347888282.20089	0.00028937278998742317
585012021.2273525	18379789257.339653	169793455243.12228	44917633503.073746	0.0002869224115868488
585069621.2273525	18600317600.275555	169961264043.08224	44492428969.26627	0.00028445216736846385
585127221.2273525	18823604456.135532	170129540498.6624	44072284802.65689	0.0002819623311754209
585184821.2273525	19049654876.574406	170298281099.2835	43657210570.58603	0.00027945317887411776
585242421.2273525	19278474409.26909	170467482318.34286	43247215262.25046	0.00027692498832285515
585300021.2273525	19510069511.339245	170637140613.39145	42842307261.1641	0.00027437803934131036
585357621.2273525	19744447818.44346	170807252426.31168	42442494320.02279	0.00027181261368087767
585415221.2273525	19981618299.773148	170977814183.49573	42047783531.52277	0.00026922899499602583
585472821.2273525	20221591331.418297	171148822296.025	41658181301.909004	0.00026662746881668146
585530421.2273525	20464378717.11382	171320273159.85	41273693320.20736	0.00026400832252178086
585588021.2273525	20709993679.198093	171492163155.97104	40894324530.40719	0.000261371845314045
585645621.2273525	20958450835.82701	171664488650.6199	40520079099.6211	0.00025871832819614264
585703221.2273525	21209766174.287216	171837245995.44177	40150960388.54592	0.00025604806394830155
585760821.2273525	21463957025.19921	172010431527.67847	39786970919.221634	0.0002533613471075373
585818421.2273525	21721042038.653553	172184041570.3518	39428112343.6989	0.0002506584739486092
585876021.2273525	21981041160.84318	172358072432.44818	39074385411.43329	0.0002479397424668796
585933621.2273525	22243975608.414978	172532520409.10352	38725789936.70501	0.00024520545236323
585991221.2273525	22509867837.386543	172707381781.78906	38382324765.79093	0.00024245590503121805
586048821.2273525	22778741503.846714	172882652818.49783	38043987743.46461	0.00023969140354667957
586106421.2273525	23050621414.541706	173058329773.9319	37710775680.184166	0.0002369122526599955
586164021.2273525	23325533466.556362	173234408889.68997	37382684317.96858	0.00023411875879126204
586221621.2273525	23603504576.342255	173410886394.4562	37059708298.24047	0.00023131123002863494
586279221.2273525	23884562599.03137	173587758504.1892	36741841127.05733	0.0002284899761301443
586336821.2273525	24168736239.061775	173765021422.31183	36429075144.07075	0.0002256553085292954
586394421.2273525	24456054952.45315	173942671339.90198	36121401488.030045	0.00022280754034484861
586452021.2273525	24746548839.5123	174120704435.88345	35818810066.42827	0.00021994698639511242
586509621.2273525	25040248524.34674	174299116877.21793	35521289522.51463	0.0002170739632172788
586567221.2273525	25337185014.447617	174477904819.09744	35228827205.68647	0.00021418878909222277
586624821.2273525	25637389530.09611	174657064405.13736	34941409140.35104	0.00021129178407535947
586682421.2273525	25940893289.98162	174836591767.57022	34659019998.00126	0.0002083832700341545
586740021.2273525	26247727237.082348	175016483027.44003	34381643068.22972	0.00020546357069296803
586797621.2273525	26557921688.837177	175196734294.7972	34109260232.921528	0.00020253301168602112
586855221.2273525	26871505899.60548	175377341668.8942	33841851940.278152	0.00019959192061932537
586912821.2273525	27188507533.15552	175558301238.38168	33579397181.198463	0.00019664062714253372
586970421.2273525	27508952059.616528	175739609081.5052	33321873467.229996	0.00019367946303184435
587028021.2273525	27832862114.383068	175921261266.30276	33069256809.513397	0.0001907087622851104
587085621.2273525	28160256882.186974	176103253850.80267	32821521701.064064	0.00018772886123061576
587143221.2273525	28491151590.593735	176285582883.22195	32578641099.243843	0.00018474009865099872
587200821.2273525	28825557203.826904	176468244402.1657	32340586412.311367	0.00018174281592418893
587258421.2273525	29163480391.913372	176651234436.8266	32107327486.18576	0.00017873735718327538
587316021.2273525	29504923810.275322	176834549007.1852	31878832595.87921	0.00017572406949765472
587373621.2273525	29849886669.731876	177018184124.21072	31655068436.75578	0.0001727033030780649
587431221.2273525	30198365523.154747	177202135790.06235	31436000121.502323	0.00016967541150846816
587488821.2273525	30550355160.211845	177386399998.29114	31221591176.292088	0.00016664075200820066
587546421.2273525	30905849495.477634	177570972734.0425	31011803543.306976	0.0001635996857283386
587604021.2273525	31264842355.73461	177755849974.2591	30806597582.80853	0.00016055257808676005
587661621.2273525	31627328108.543705	177941027687.8842	30605932080.767944	0.00015749979914713206
587719221.2273525	31993302112.65638	178126501836.06583	30409764257.45604	0.0001544417240478141
587776821.2273525	32362761001.523933	178312268372.36124	30218049780.480698	0.00015137873348769268
587834421.2273525	32735702829.753323	178498323242.94168	30030742779.76875	0.00014831121427701487
587892021.2273525	33112127119.489834	178684662386.79828	29847795866.437172	0.00014523955996268917
587949621.2273525	33492034842.559372	178871281735.94757	29669160153.987087	0.0001421641715391013
588007221.2273525	33875428368.420612	179058177215.6383	29494785282.953712	0.00013908545825738516
588064821.2273525	34262311400.46005	179245344744.55823	29324619448.624557	0.00013600383854837157
588122421.2273525	34652688915.73833	179432780235.0414	29158609431.08582	0.00013291974107716787
588180021.2273525	35046567116.849915	179620479593.27634	28996700629.35321	0.00012983360595062528
588237621.2273525	35443953399.38176	179808438719.51398	28838837096.64857	0.0001267458861029103
588295221.2273525	35844856334.50382	179996653508.2766	28684961580.63091	0.00012365704888922925
588352821.2273525	36249285663.35453	180185119848.5672	28535015563.711033	0.00012056757792365969
588410421.2273525	36657252297.94998	180373833624.0788	28388939308.55548	0.00011747797520424775
588468021.2273525	37068768322.242516	180562790713.4047	28246671903.512173	0.00011438876357726857
588525621.2273525	37483846986.6135	180751986990.249	28108151312.857002	0.00011130048960364092
588583221.2273525	37902502689.44439	180941418323.6374	27973314426.527626	0.0001082137269038188
588640821.2273525	38324750940.353836	181131080578.1285	27842097114.710083	0.0001051290800743717
588698421.2273525	38750608301.05149	181320969614.02567	27714434281.4873	0.00010204718929053012
588756021.2273525	39180092301.274574	181511081287.58887	27590259922.739193	9.896873573530449e-05
588813621.2273525	39613221328.63883	181701411451.2473	27469507183.53769	9.589444802922444e-05
588871221.2273525	40050014492.121666	181891955953.81244	27352108418.248646	9.282510987704756e-05
588928821.2273525	40490491459.05787	182082710640.69073	27237995251.120697	8.976156920184219e-05
588986421.2273525	40934672264.8331	182273671354.09784	27127098638.05828	8.670474910609541e-05
589044021.2273525	41382577092.99862	182464833933.27206	27019348929.320576	8.365566108893185e-05
589101621.2273525	41834226021.6162	182656194214.689	26914675932.329525	8.061542106430129e-05
589159221.2273525	42289638729.88463	182847748032.276	26813008975.78183	7.758526887605452e-05
589216821.2273525	42748834158.368065	183039491217.62717	26714276972.900684	7.456659220370909e-05
589274421.2273525	43211830117.550644	183231419600.21875	26618408486.151794	7.156095601321572e-05
589332021.2273525	43678642844.153824	183423529007.6247	26525331789.93965	6.857013905184522e-05
589389621.2273525	44149286513.60943	183615815265.73254	26434974935.554214	6.559617934414309e-05
589447221.2273525	44623772730.39305	183808274198.95987	26347265812.63878	6.264143125586998e-05
589504821.2273525	45102110034.19192	184000901630.4706	26262132213.27949	5.970863750674939e-05
589562421.2273525	45584303475.61413	184193693382.39206	26179501892.1387	5.680102059781529e-05
589620021.2273525	46070354324.86089	184386645276.03186	26099302628.590878	5.3922399559609794e-05
589677621.2273525	46560259974.40714	184579753132.0956	26021462285.16946	5.107733982143264e-05
589735221.2273525	47054014078.28117	184773012770.90433	25945908867.16504	4.8271346445355516e-05
589792821.2273525	47551606937.085686	184966420012.61246	25872570578.637978	4.551111401342959e-05
589850421.2273525	48053026096.90799	185159970677.42615	25801375879.143585	4.280485000397779e-05
589908021.2273525	48558257093.530815	185353660585.82156	25732253537.128162	4.016269206216764e-05
589965621.2273525	49067284252.14307	185547485558.76367	25665132682.865242	3.7597241813179356e-05
590023221.2273525	49580091452.64004	185741441417.92508	25599942859.175385	3.512423561858466e-05
590080821.2273525	50096662789.35977	185935523985.90524	25536614070.12697	3.276335926418737e-05
590138421.2273525	50616983083.58237	186129729086.4497	25475076828.69226	3.053917624278911e-05
590196021.2273525	51141038237.62667	186324052544.66986	25415262201.27604	2.848205674456456e-05
590253621.2273525	51668815443.60957	186518490187.26254	25357101851.68017	2.6628838945470335e-05
590311221.2273525	52200303274.66506	186713037842.7301	25300528081.3417	2.5022711087636604e-05
590368821.2273525	52735491692.0519	186907691341.60052	25245473869.712276	2.3711529843963213e-05
590426421.2273525	53274372000.494865	187102446516.64777	25191872909.90355	2.274371921410032e-05
590484021.2273525	53816936779.15347	187297299203.11234	25139659645.295345	2.216146145203745e-05
590541621.2273525	54363179809.138374	187492245238.92178	25088769300.70289	2.1992396689331823e-05
590599221.2273525	54913096011.99939	187687280464.91187	25039137915.18169	2.2242850258975953e-05
590656821.2273525	55466681407.83368	187882400725.04718	24990702369.048508	2.2895927131779833e-05
590714421.2273525	56023933096.81716	188077601866.6426	24943400412.25416	2.3915552150408546e-05
590772021.2273525	56584849263.96538	188272879740.5843	24897170687.87859	2.525430994200881e-05
590829621.2273525	57149429203.61387	188468230201.55127	24851952755.939945	2.6861551980078187e-05
590887221.2273525	57717673357.32406	188663649108.23688	24807687113.487133	2.8689311759774015e-05
590944821.2273525	58289583356.62699	188859132323.57043	24764315214.088554	3.069544618131335e-05
591002421.2273525	58865162060.28931	189054675714.93884	24721779484.53672	3.2844613334744286e-05
591060021.2273525	59444413574.79054	189250275154.40866	24680023340.192963	3.510798286330391e-05
591117621.2273525	60027343246.65672	189445926518.9478	24638991198.775528	3.746238452045582e-05
591175221.2273525	60613957616.35934	189641625690.6478	24598628491.399662	3.988931627805143e-05
591232821.2273525	61204264325.68401	189837368556.9455	24558881673.71253	4.237401606136887e-05
591290421.2273525	61798271973.60718	190033151010.84558	24519698233.228516	4.490467269714019e-05
591348021.2273525	62395989919.35666	190228968951.1426	24481026697.716267	4.747178758490721e-05
591405621.2273525	62997428034.90918	190424818282.64334	24442816639.156845	5.0067671797270116e-05
591463221.2273525	63602596412.080284	190620694916.38898	24405018679.420433	5.268605524082158e-05
591520821.2273525	64211505031.18117	190816594769.87753	24367584491.473007	5.532178471149916e-05
591578421.2273525	64824163398.86087	191012513767.28622	24330466802.34192	5.797059090568631e-05
591636021.2273525	65440580162.542755	191208447839.6939	24293619391.698223	6.062890831599555e-05
591693621.2273525	66060762708.50816	191404392925.30338	24256997092.650043	6.329373549283504e-05
591751221.2273525	66684716751.086845	191600344969.66388	24220555787.955795	6.59625260952363e-05
591808821.2273525	67312445922.455536	191796299925.89346	24184252408.439396	6.863310347169194e-05
591866421.2273525	67943951376.727715	191992253754.90152	24148044927.795242	7.130359328786471e-05
591924021.2273525	68579231428.134315	192188202425.61093	24111892358.14983	7.397237006032748e-05
591981621.2273525	69218281249.98181	192384141915.1807	24075754744.144135	7.663801446242578e-05
592039221.2273525	69861092666.54657	192580068209.22803	24039593156.01159	7.929927902227977e-05
592096821.2273525	70507654071.28712	192775977302.0508	24003369682.62937	8.195506039709855e-05
592154421.2273525	71157950499.102	192971865196.84985	23967047422.718636	8.460437683167019e-05
592212021.2273525	71811963866.64867	193167727905.95096	23930590476.906624	8.724634972769477e-05
592269621.2273525	72469673374.34181	193363561451.0272	23893963937.29306	8.988018849194513e-05
592327221.2273525	73131056040.73604	193559361863.32074	23857133878.833794	9.250517801453857e-05
592384821.2273525	73796087320.44911	193755125183.86514	23820067347.270935	9.512066826868553e-05
592442421.2273525	74464741746.0459	193950847463.70694	23782732350.146587	9.77260656308902e-05
592500021.2273525	75136993535.13745	194146524764.12778	23745097843.499134	0.00010032082560362564
592557621.2273525	75812817115.4395	194342153156.86572	23707133722.123615	0.00010290444668704151
592615221.2273525	76492187538.6909	194537728724.33716	23668810805.79788	0.00010547646519664794
592672821.2273525	77175080774.00252	194733247559.8582	23630100828.537342	0.00010803645086338606
592730421.2273525	77861473887.97359	194928705767.86594	23590976424.7225	0.00011058400308377557
592788021.2273525	78551345130.3441	195124099464.1397	23551411117.46577	0.00011311874771242763
592845621.2273525	79244673949.58044	195319424776.02225	23511379304.533615	0.00011564033430906463
592903221.2273525	79941440963.64098	195514677842.6406	23470856246.17592	0.00011814843376784319
592960821.2273525	80641627908.80214	195709854815.12674	23429818051.073563	0.00012064273626952945
593018421.2273525	81345217585.38457	195904951856.83838	23388241663.252003	0.0001231229495073358
593076021.2273525	82052193814.64561	196099965143.5795	23346104848.85199	0.00012558879714553414
593133621.2273525	82762541416.6271	196294890863.8202	23303386181.811916	0.00012804001747673948
593191221.2273525	83476246214.6306	196489725218.9173	23260065031.43694	0.00013047636224934877
593248821.2273525	84193295068.1772	196684464423.33383	23216121547.551704	0.00013289759564113793
593306421.2273525	84913675932.63495	196879104704.85898	23171536648.137722	0.0001353034933588449
593364021.2273525	85637377939.98248	197073642304.82745	23126292004.57057	0.00013769384184659445
593421621.2273525	86364391491.34003	197268073478.33878	23080370029.404068	0.00014006843758870318
593479221.2273525	87094708348.06627	197462394494.47638	23033753861.50123	0.00014242708649451664
593536821.2273525	87828321704.76201	197656601636.5263	22986427354.075665	0.0001447696033547168
593594421.2273525	88565226225.08934	197850691202.19592	22938375059.882053	0.00014709581136011473
593652021.2273525	89305418020.71799	198044659503.83218	22889582219.51618	0.0001494055416751513
593709621.2273525	90048894555.74289	198238502868.6397	22840034746.76643	0.00015169863305947395
593767221.2273525	90795654464.02158	198432217638.8986	22789719216.990387	0.00015397493153179663
593824821.2273525	91545697274.86703	198625800172.18213	22738622853.223927	0.00015623429007111827
593882421.2273525	92299023052.37964	198819246841.57376	22686733514.105614	0.00015847656835092105
593940021.2273525	93055631963.69548	199012554035.8844	22634039680.937824	0.00016070163250266083
593997621.2273525	93815523799.56718	199205718159.86887	22580530445.403336	0.00016290935490521845
594055221.2273525	94578697475.3474	199398735634.4425	22526195497.2644	0.00016509961399751606
594112821.2273525	95345150540.91818	199591602896.8972	22471025112.129482	0.00016727229411174545
594170421.2273525	96114878724.86127	199784316401.11716	22415010139.851673	0.00016942728532507578
594228021.2273525	96887875532.63008	199976872617.7944	22358141992.006805	0.0001715644833278517
594285621.2273525	97664131912.48796	200169268034.64383	22300412631.377995	0.00017368378930666156
594343221.2273525	98443635998.09096	200361499156.61826	22241814559.14786	0.000175785109840705
594400821.2273525	99226372933.64464	200553562506.12253	22182340805.143578	0.000177868356810207
594458421.2273525	100012324786.43385	200745454623.228	22121984915.213055	0.00017993344731568543
594516021.2273525	100801470551.27348	200937172065.88593	22060740941.920788	0.0001819803036070129
594573621.2273525	101593786250.68994	201128711410.1413	21998603432.435623	0.00018400885302140283
594631221.2273525	102389245132.10619	201320069250.3454	21935567419.190804	0.0001860190279294503
594688821.2273525	103187817958.25119	201511242199.36887	21871628408.534332	0.00018801076568855969
594746421.2273525	103989473379.69601	201702226888.81366	21806782371.649197	0.00018998400860304916
594804021.2273525	104794178370.09549	201893019969.22513	21741025733.420338	0.00019193870389039807
594861621.2273525	105601898697.37181	202083618110.30325	21674355363.90245	0.0001938748036530849
594919221.2273525	106412599399.74777	202274018001.11398	21606768567.603817	0.00019579226485558654
594976821.2273525	107226245235.58253	202464216350.29968	21538263074.937912	0.00019769104930609805
595034421.2273525	108042801080.57101	202654209886.28937	21468837032.542274	0.00019957112364258345
595092021.2273525	108862232254.0084	202843995357.50864	21398488994.3639	0.00020143245932287832
595149621.2273525	109684504765.66771	203033569532.58893	21327217912.963974	0.00020327503261847066
595207221.2273525	110509585484.4239	203222929200.57645	21255023130.573505	0.0002050988246117434
595264821.2273525	111337442237.53885	203412071171.14062	21181904371.0594	0.00020690382119639784
595322421.2273525	112168043854.70345	203600992274.7821	21107861731.0284	0.00020869001308084094
595380021.2273525	113001360173.45033	203789689363.04047	21032895672.436646	0.00021045739579436234
595437621.2273525	113837362022.84311	203978159308.70102	20957007013.646904	0.000212205969695858
595495221.2273525	114676021201.08539	204166399006.00162	20880196922.90331	0.00021393573998500836
595552821.2273525	115517310460.50401	204354405370.8386	20802466909.201324	0.00021564671671568957
595610421.2273525	116361203510.7197	204542175340.9727	20723818816.406147	0.0002173389148115362
595668021.2273525	117207675047.93398	204729705876.23373	20644254814.446064	0.00021901235408348447
595725621.2273525	118056700815.1431	204916993958.72562	20563777393.554493	0.0002206670592492205
595783221.2273525	118908257694.55566	205104036593.03018	20482389356.05831	0.00022230305995438334
595840821.2273525	119762323829.27258	205290830806.41098	20400093810.653954	0.00022392039079547268
595898421.2273525	120618878766.16397	205477373649.0161	20316894164.781887	0.00022551909134432572
595956021.2273525	121477903605.80458	205663662194.08096	20232794119.098904	0.00022709920617413663
596013621.2273525	122339381138.67677	205849693538.13	20147797660.065098	0.00022866078488684093
596071221.2273525	123203295940.56555	206035464801.1783	20061909054.59636	0.00023020388214194665
596128821.2273525	124069634395.76466	206220973126.9325	19975132843.38874	0.00023172855768657918
596186421.2273525	124938384616.48914	206406215682.99084	19887473835.11136	0.0002332348763867948
596244021.2273525	125809536232.75781	206591189661.04327	19798937100.883034	0.00023472290826004563
596301621.2273525	126683080039.97635	206775892277.0704	19709527967.895866	0.00023619272850876452
596359221.2273525	127559007510.52345	206960320771.54208	19619252014.766064	0.0002376444175549957
596416821.2273525	128437310197.38799	207144472409.61557	19528115065.07346	0.00023907806107602644
596474421.2273525	129317979077.04323	207328344481.3327	19436123183.215797	0.00024049375004099604
596532021.2273525	130201003889.93567	207511934301.817	19343282667.85621	0.0002418915807483697
596589621.2273525	131086372536.94495	207695239211.46967	19249600048.379555	0.00024327165486429765
596647221.2273525	131974070579.23409	207878256576.1651	19155082078.39404	0.00024463407946176755
596704821.2273525	132864080870.71837	208060983787.44617	19059735732.45904	0.0002459789670605207
596762421.2273525	133756383332.34306	208243418262.7183	18963568199.66515	0.00024730643566767856
596820021.2273525	134650954860.43349	208425557445.4431	18866586880.74231	0.0002486166088190466
596877621.2273525	135547769350.50851	208607398805.33188	18768799381.979076	0.0002499096156210226
596935221.2273525	136446797813.63431	208788939838.53745	18670213512.135334	0.00025118559079307263
596992821.2273525	137348008563.26193	208970178067.84634	18570837277.134144	0.0002524446747107513
597050421.2273525	138251367454.2993	209151111042.86975	18470678876.7085	0.00025368701344917303
597108021.2273525	139156838160.6896	209331736340.23398	18369746699.69339	0.00025491275882689774
597165621.2273525	140064382481.3951	209512051563.77014	18268049320.54651	0.00025612206845021144
597223221.2273525	140973960666.6033	209692054344.70346	18165595495.18494	0.00025731510575767783
597280821.2273525	141885531756.14844	209871742341.84134	18062394157.22361	0.0002584920400649926
597338421.2273525	142799053921.11813	210051113241.76135	17958454414.761795	0.00025965304660998393
597396021.2273525	143714484798.24585	210230164758.9981	17853785545.865856	0.0002607983065977777
597453621.2273525	144631781805.85098	210408894636.22955	17748396996.29862	0.0002619280072460331
597511221.2273525	145550902430.4423	210587300644.46262	17642298374.623062	0.00026304234183016916
597568821.2273525	146471804474.8988	210765380583.2181	17535499450.585564	0.00026414150972852487
597626421.2273525	147394446262.24234	210943132280.71475	17428010150.07213	0.0002652257164673968
597684021.2273525	148318786792.92307	211120553594.0527	17319840553.72454	0.00026629517376584855
597741621.2273525	149244785857.63	211297642409.39618	17211000892.177032	0.0002673500995802226
597799221.2273525	150172404111.31934	211474396642.15543	17101501544.714722	0.0002683907181482991
597856821.2273525	151101603117.00345	211650814237.1679	16991353034.687107	0.00026941726003295956
597914421.2273525	152032345369.68735	211826893168.87863	16880566028.238485	0.0002704299621653249
597972021.2273525	152964594311.6836	212002631441.52008	16769151330.042551	0.0002714290678872276
598029621.2273525	153898314350.52594	212178027089.29083	16657119881.8584	0.00027241482699294137
598087221.2273525	154833470889.99118	212353078176.53387	16544482758.915024	0.000273387495770076
598144821.2273525	155770030383.42587	212527782797.91388	16431251167.815195	0.00027434733703948853
598202421.2273525	156707960416.62308	212702139078.59372	16317436443.885717	0.00027529462019414787
598260021.2273525	157647229824.70444	212876145174.41043	16203050048.574648	0.00027622962123680295
598317621.2273525	158587808843.49762	213049799272.04996	16088103567.400698	0.0002771526228163574
598375221.2273525	159529669290.34088	213223099589.22147	15972608707.07001	0.0002780639142627971
598432821.2273525	160472784761.78104	213396044374.83063	15856577294.000889	0.00027896379162056057
598490421.2273525	161417130826.3412	213568631909.15222	15740021270.958906	0.00027985255768022115
598548021.2273525	162362685180.27905	213740860504.00174	15622952696.4318	0.00028073052200831556
598605621.2273525	163309427725.08685	213912728502.9065	15505383740.653852	0.00028159800097520357
598663221.2273525	164257340520.74615	214084234281.2754	15387326685.493593	0.00028245531778077655
598720821.2273525	165206407572.5656	214255376246.5684	15268793920.6104	0.0002833028024778929
598778421.2273525	166156614425.16995	214426152838.4647	15149797943.20576	0.00028414079199335756
598836021.2273525	167107947565.27228	214596562529.03036	15030351354.511095	0.00028496963014628345
598893621.2273525	168060393670.71555	214766603822.8848	14910466859.343672	0.00028578966766367185
598951221.2273525	169013938777.48874	214936275257.3669	14790157263.14908	0.0002866012621930435
599008821.2273525	169968567457.70682	215105575402.69952	14669435471.292784	0.0002874047783119149
599066421.2273525	170924262101.83826	215274502862.15387	14548314486.433718	0.0002882005875339711
599124021.2273525	171881002377.21872	215443056272.21237	14426807407.67184	0.00028898906831172896
599181621.2273525	172838764899.52603	215611234302.7312	14304927428.389063	0.00028977060603549936
599239221.2273525	173797523116.08838	215779035657.10144	14182687834.913294	0.0002905455930284539
599296821.2273525	174757247370.14456	215946459072.40964	14060102005.167105	0.0002913144285376136
599354421.2273525	175717905098.96652	216113503319.59735	13937183406.620462	0.0002920775187205486
599412021.2273525	176679461115.97192	216280167203.6198	13813945595.756401	0.00029283527662756983
599469621.2273525	177641877933.79178	216446449563.6036	13690402215.65995	0.0002935881221792487
599527221.2273525	178605116096.78107	216612349273.00345	13566566995.792095	0.0002943364821390013
599584821.2273525	179569134503.5421	216777865239.75815	13442453749.430758	0.0002950807900806014
599642421.2273525	180533890710.09915	216942996406.44547	13318076373.909788	0.00029582148635032783
599700021.2273525	181499341211.34375	217107741750.43607	13193448847.826315	0.0002965590180236325
599757621.2273525	182465441702.24088	217272100284.0466	13068585231.552517	0.00029729383885603467
599815221.2273525	183432147321.60104	217436071054.6918	12943499664.40462	0.00029802640922809863
599872821.2273525	184399412880.78036	217599653145.03546	12818206365.287952	0.00029875719608425633
599930421.2273525	185367193078.2796	217762845673.14084	12692719630.061657	0.00029948667286528884
599988021.2273525	186335442699.60187	217925647792.6195	12567053831.82857	0.00030021531943426896
600045621.2273525	187304116800.45746	218088058692.7798	12441223419.071543	0.00030094362199575907
600103221.2273525	188273170870.83276	218250077598.77386	12315242915.366808	0.0003016720730081037
600160821.2273525	189242560977.71912	218411703771.74393	12189126918.102571	0.00030240117108861115
600218421.2273525	190212243885.37662	218572936508.9675	12062890097.984112	0.0003031314209114604
600276021.2273525	191182177153.6834	218733775144.00162	11936547197.950312	0.00030386333309818296
600333621.2273525	192152319217.1138	218894219046.82593	11810113032.696009	0.00030459742410053625
600391221.2273525	193122629448.89578	219054267623.98502	11683602488.00498	0.0003053342160756598
600448821.2273525	194093068216.6727	219213920318.72943	11557030519.742176	0.000306074236753351
600506421.2273525	195063596937.34268	219373176611.15576	11430412154.003927	0.00030681801929536954
600564021.2273525	196034178139.5465	219532036018.34595	11303762485.509104	0.0003075661021466392
600621621.2273525	197004775542.40402	219690498094.50516	11177096678.347265	0.0003083190288782831
600679221.2273525	197975354158.40747	219848562431.09872	11050429964.194433	0.00030907734802240917
600736821.2273525	198945880426.61652	220006228656.98828	10923777643.176249	0.0003098416128985839
600794421.2273525	199916322379.0776	220163496438.56647	10797155082.333448	0.000310612381431975
600852021.2273525	200886649838.21286	220320365479.8908	10670577716.537996	0.0003113902159631415
600909621.2273525	201856834635.29962	220476835522.81644	10544061046.973507	0.00031217568304947255
600967221.2273525	202826850829.89792	220632906347.12778	10417620642.29681	0.00031296935325830023
601024821.2273525	203796674897.74597	220788577770.6691	10291272137.150602	0.00031377180095177253
601082421.2273525	204766285842.18463	220943849649.47397	10165031233.40318	0.00031458360406350083
601140021.2273525	205735665175.3694	221098721877.89365	10038913699.064888	0.00031540534386714694
601197621.2273525	206704796715.78967	221253194388.72443	9912935369.071545	0.0003162376047370439
601255221.2273525	207673666163.43427	221407267153.33353	9787112145.050673	0.00031708097390100587
601312821.2273525	208642260445.85355	221560940181.78458	9661459995.566137	0.0003179360411855268
601370421.2273525	209610566873.53522	221714213522.96115	9535994956.427355	0.0003188033987535701
601428021.2273525	210578572189.7522	221867087264.68967	9410733131.00799	0.0003196836408351825
601485621.2273525	211546261632.0679	222019561533.86108	9285690690.727293	0.00032057736345122333
601543221.2273525	212513618126.4885	222171636496.5513	9160883875.33827	0.00032148516413048903
601600821.2273525	213480621707.84998	222323312358.14066	9036328994.127405	0.0003224076416205644
601658421.2273525	214447249211.19315	222474589363.4319	8912042425.531326	0.00032334539559277284
601716021.2273525	215413474226.0282	222625467796.7674	8788040619.358946	0.00032429902634160084
601773621.2273525	216379267264.70135	222775947982.14493	8664340096.08292	0.00032526913447901586
601831221.2273525	217344596075.78903	222926030283.33218	8540957449.475116	0.00032625632062412846
601888821.2273525	218309426032.8179	223075715103.98053	8417909346.057429	0.00032726118508866745
601946421.2273525	219273720541.18768	223225002887.7372	8295212527.909846	0.0003282843275587657
602004021.2273525	220237441424.28305	223373894118.35623	8172883812.549627	0.0003293263467735938
602061621.2273525	221200549267.46173	223522389319.80847	8050940095.712578	0.00033038784020137204
602119221.2273525	222163003712.67026	223670489056.39032	7929398351.765233	0.00033146940371336345
602176821.2273525	223124763705.90686	223818193932.83102	7808275636.699594	0.0003325716312564143
602234421.2273525	224085787705.02747	223965504594.39896	7687589088.911203	0.00033369511452466396
602292021.2273525	225046033857.43552	224112421727.0066	7567355932.291924	0.00033484044263108195
602349621.2273525	226005460157.03027	224258946057.3144	7447593477.809493	0.00033600820177944157
602407221.2273525	226964024588.29144	224405078352.83295	7328319126.278079	0.0003371989749374208
602464821.2273525	227921685263.21008	224550819422.02463	7209550371.116947	0.0003384133415114836
602522421.2273525	228878400554.45282	224696170114.4032	7091304800.818674	0.0003396518770242511
602580021.2273525	229834129226.03067	224841131320.63272	6973600102.609625	0.00034091515279501905
602637621.2273525	230788830561.11914	224985703972.6249	6856454065.105812	0.0003422037356241213
602695221.2273525	231742464485.72125	225129889043.6353	6739884582.734434	0.00034351818748185254
602752821.2273525	232694991686.65927	225273687548.35797	6623909658.517856	0.00034485906520260106
602810421.2273525	233646373722.901	225417100543.01923	6508547409.554772	0.000346226920184917
602868021.2273525	234596573130.35336	225560129125.46973	6393816069.948896	0.00034762229809814297
602925621.2273525	235545553521.7751	225702774435.27536	6279733997.360426	0.00034904573859631625
602983221.2273525	236493279685.1244	225845037653.80704	6166319676.151038	0.0003504977750399679
603040821.2273525	237439717685.1694	225986920004.32858	6053591724.835995	0.00035197893422644455
603098421.2273525	238384834974.2615	226128422752.084	5941568900.183782	0.00035348973612938555
603156021.2273525	239328600518.4707	226269547204.38275	5830270104.882833	0.00035503069364792674
603213621.2273525	240270984944.45938	226410294710.6842	5719714393.186408	0.00035660231236621327
603271221.2273525	241211960710.08246	226550666662.68024	5609920978.8140955	0.00035820509032372127
603328821.2273525	242151502297.28082	226690664494.3769	5500909242.034374	0.0003598395177969402
603386421.2273525	243089586418.9121	226830289682.1743	5392698738.202013	0.00036150607709284984
603444021.2273525	244026192221.56708	226969543744.94556	5285309206.18882	0.00036320524235465096
603501621.2273525	244961301454.63058	227108428244.11383	5178760577.547226	0.0003649374793801336
603559221.2273525	245894898563.61526	227246944783.72836	5073072986.794202	0.00036670324545306463
603616821.2273525	246826970656.60043	227385095010.53894	4968266780.962471	0.0003685029891878915
603674421.2273525	247757507291.62674	227522880614.069	4864362531.864443	0.0003703371503880709
603732021.2273525	248686500045.72946	227660303326.687	4761381046.277258	0.0003722061599182261
603789621.2273525	249613941856.17712	227797364923.67703	4659343379.917435	0.00037411043959036615
603847221.2273525	250539826168.7171	227934067223.30713	4558270848.874807	0.00037605040206428606
603904821.2273525	251464145975.54678	228070412086.89685	4458185044.918211	0.0003780264507622735
603962421.2273525	252386892860.92334	228206401418.88293	4359107848.387565	0.00038003897979817377
604020021.2273525	253308056179.79794	228342037166.88376	4261061444.9825163	0.0003820883739208483
604077621.2273525	254227622469.44797	228477321321.76205	4164068339.8832893	0.00038417500847197844
604135221.2273525	255145575144.21942	228612255917.68637	4068151375.903923	0.0003862992493581769
604192821.2273525	256061894467.0557	228746843032.19095	3973333749.0841594	0.00038846145303726373
604250421.2273525	256976557746.478	228881084786.23404	3879639027.6203504	0.0003906619665185912
604308021.2273525	257889539684.26025	229014983344.2548	3787091169.1445684	0.00039290112737720863
604365621.2273525	258800812797.3722	229148540914.22845	3695714539.505234	0.00039517926378163657
604423221.2273525	259710347851.18826	229281759747.7203	3605533931.438437	0.00039749669453500037
604480821.2273525	260618114260.93573	229414642139.93774	3516574582.9378777	0.00039985372912922096
604538421.2273525	261524080438.11298	229547190429.78113	3428862196.057031	0.00040225066781191795
604596021.2273525	262428214074.39966	229679406999.89255	3342422954.1743026	0.0004046878016656863
604653621.2273525	263330482366.31387	229811294276.70386	3257283539.6203594	0.0004071654126993407
604711221.2273525	264230852190.02194	229942854730.4822	3173471148.1127343	0.0004096837739507122
604768821.2273525	265129290238.4012	230074090875.37454	3091013503.623429	0.0004122431496005679
604826421.2273525	266025763132.825	230205005269.45044	3009938867.5434065	0.0004148437950971807
604884021.2273525	266920237521.09985	230335600514.74316	2930276047.71946	0.00041748595729108125
604941621.2273525	267812680171.14835	230465879257.28925	2852054399.5957055	0.0004201698745794773
604999221.2273525	268703058067.8012	230595844187.1663	2775303825.1796813	0.0004228957770598613
605056821.2273525	269591338517.69034	230725498038.52927	2700054761.6808233	0.0004256638866922399
605114421.2273525	270477489264.90692	230854843589.64523	2626338164.700763	0.0004284744174695058
605172021.2273525	271361478617.99554	230983883662.92603	2554185478.5246196	0.00043132757559536256
605229621.2273525	272243275587.15085	231112621124.95984	2483628596.2641673	0.0004342235596693073
