573319221.2273525	-141584065527.56796	45684190946.16828	-21033367.71882826	-9932.994316409315	-28939.530504817427	0.9006915533942339	4000.0
573376821.2273525	-142146693194.45273	44013851700.51335	-20979709.524395853	-9602.451652506077	-29057.71419864179	0.9628716773944291	3998.0752709636495
573434421.2273525	-142690241134.27344	42336816840.333885	-20922394.759363595	-9270.511939500233	-29172.014096656785	1.0276633342044468	3996.1376037007803
573492021.2273525	-143214630287.33258	40653310588.270775	-20861271.70566813	-8937.224193010321	-29282.412394781302	1.0951113356549205	3994.1868639175677
573549621.2273525	-143719784425.04663	38963558172.96269	-20796186.0833202	-8602.637698249291	-29388.89196745616	1.1652598243184618	3992.222926090149
573607221.2273525	-144205630165.17343	37267785789.820145	-20726981.08918679	-8266.80199954701	-29491.436372581098	1.2381522654522847	3990.2456733557283
573664821.2273525	-144672096986.43304	35566220561.52046	-20653497.436232463	-7929.766889768571	-29590.02985626944	1.3138314391104011	3988.2549973991627
573722421.2273525	-145119117242.51627	33859090498.234165	-20575573.393210154	-7591.582399631995	-29684.657357417927	1.3923394324258407	3986.250798335615
573780021.2273525	-145546626175.47495	32146624457.59352	-20493044.824791614	-7252.298786928917	-29775.304512089464	1.4737176320632817	3984.232984589815
573837621.2273525	-145954561928.4887	30429052104.41409	-20405745.23212764	-6911.966525651957	-29861.95765770649	1.5580067168425145	3982.2014727724363
573895221.2273525	-146342865558.00284	28706603870.180237	-20313505.79382829	-6570.636295032495	-29944.603837052764	1.6452466505330847	3980.1561875540624
573952821.2273525	-146711481045.23233	26979510912.30572	-20216155.40735316	-6228.358968492652	-30023.230802081478	1.735476674820449	3978.097061537175
574010421.2273525	-147060355307.027	25248005073.18054	-20113520.730801888	-5885.185602515321	-30097.827017527725	1.828735302444044	3976.02403512657
574068021.2273525	-147389438206.09344	23512318839.015396	-20005426.225094933	-5541.16742543613	-30168.381664323293	1.925060310507495	3973.9370563985763
574125621.2273525	-147698682560.56912	21772685298.495213	-19891694.19653473	-5196.35582616129	-30234.884642812038	2.024488733961349	3971.8360809694054
574183221.2273525	-147988044152.94467	20029338101.253212	-19772144.839737255	-4850.802342815319	-30297.326575764	2.1270568592585466	3969.7210718629563
574240821.2273525	-148257481738.3303	18282511416.177227	-19646596.280924052	-4504.5586513226735	-30355.698811186634	2.232800218182932	3967.5919993783486
574298421.2273525	-148506957052.06265	16532439889.55997	-19514864.621564765	-4157.67655392736	-30409.993424931545	2.341753581851027	3965.448840957445
574356021.2273525	-148736434816.64893	14779358603.10508	-19376763.982360154	-3810.207967654654	-30460.20322309525	2.453950954887287	3963.2915810525915
574413621.2273525	-148945882748.04453	13023503031.800833	-19232106.547555625	-3462.204912719075	-30506.321744212582	2.56942556977308	3961.120210994784
574471221.2273525	-149135271561.2618	11265109001.673546	-19080702.609575246	-3113.719500882811	-30548.34326124137	2.688209881369525	3958.9347288624485
574528821.2273525	-149304574975.3068	9504412647.432678	-18922360.61396624	-2764.80392376882	-30586.26278333727	2.8103355616143975	3956.735139350999
574586421.2273525	-149453769717.44165	7741650370.019791	-18756887.204643924	-2415.5104411328593	-30620.076057417537	2.9358334943932514	3954.5214536433195
574644021.2273525	-149582835526.77036	5977058794.073521	-18584087.26942703	-2065.8913690987374	-30649.779569512782	3.0647337705848585	3952.2936892813022
574701621.2273525	-149691755157.14603	4210874725.322836	-18403763.98585342	-1715.9990683610918	-30675.370545905764	3.1970656832811257	3950.051870038548
574759221.2273525	-149780514379.3976	2443335107.9208417	-18215718.86726606	-1365.8859323600345	-30696.84695405637	3.3328577231815464	3947.796025794334
574816821.2273525	-149849101982.87503	674676981.7314847	-18019751.809159305	-1015.6043754320236	-30714.207503312093	3.4721375741622893	3945.5261924089295
574874421.2273525	-149897509776.3109	-1094862560.4184701	-17815661.135775317	-665.2068209413362	-30727.451645403322	3.6149321090199695	3943.2424116003285
574932021.2273525	-149925732587.99854	-2865046415.5097857	-17603243.646940637	-314.74568939653943	-30736.57957472296	3.761267385390167	3940.9447308224626
574989621.2273525	-149933768265.2848	-4635637513.110979	-17382294.66513282	35.726613443628196	-30741.59222838991	3.9111686418406717	3938.6332031449415
575047221.2273525	-149921617673.37787	-6406398858.155972	-17152608.08276706	386.15770847054944	-30742.491286096087	4.064660294139516	3936.307887134361
575104821.2273525	-149889284693.46945	-8177093573.706692	-16913976.40969272	736.4952551277579	-30739.279169736754	4.221765931697734	3933.96884673721
575162421.2273525	-149836776220.17136	-9947484943.688133	-16666190.82088979	1086.6869633102676	-30731.959042824004	4.3825083141868415	3931.6161511643963
575220021.2273525	-149764102158.267	-11717336455.583393	-16409041.204355074	1436.6806052567615	-30720.5348096834	4.546909368330999	3929.249874777413
575277621.2273525	-149671275418.7782	-13486411843.076183	-16142316.209168172	1786.4240274301906	-30705.01111443379	4.714990184873741	3926.8700969761485
575335221.2273525	-149558311914.34805	-15254475128.628344	-15865803.293727122	2135.8651623823393	-30685.393339750543	4.886771015719251	3924.476902088348
575392821.2273525	-149425230553.941	-17021290665.979887	-15579288.774143701	2484.952040597916	-30661.687605412368	5.062271271248031	3922.0703792607273
575450421.2273525	-149272053236.8614	-18786623182.559113	-15282557.872788308	2833.6328023137307	-30633.900766632192	5.2415095178068585	3919.6506223517263
575508021.2273525	-149098804846.09198	-20550237821.790375	-14975394.766974417	3181.855709308531	-30602.04041217251	5.424503475372899	3917.2177298259003
575565621.2273525	-148905513240.9545	-22311900185.2871	-14657582.637772568	3529.5691566590776	-30566.11486224578	5.611270015391816	3914.7718046499313
575623221.2273525	-148692209249.09387	-24071376374.917694	-14328903.718943864	3876.7216844580544	-30526.13316620055	5.8018251587896845	3912.3129541902463
575680821.2273525	-148458926657.78894	-25828433034.732006	-13989139.345982999	4223.2619894894215	-30482.10509999411	5.996184074158533	3909.841290112221
575738421.2273525	-148205702204.5919	-27582837392.736107	-13638070.005260784	4569.138936856842	-30434.041163452486	6.194361076115314	3907.356928280953
575796021.2273525	-147932575567.29935	-29334357302.50314	-13275475.383256223	4914.301571560819	-30381.952577318785	6.396369623834025	3904.859988663575
575853621.2273525	-147639589353.2582	-31082761284.608063	-12901134.415868146	5258.699130020234	-30325.851280090978	6.602222319750803	3902.3505952330916
575911221.2273525	-147326789088.00955	-32827818567.87424	-12514825.337796459	5602.28105153396	-30265.749924650227	6.81193090844166	3899.8288758737067
575968821.2273525	-146994223203.27423	-34569299130.419815	-12116325.731983073	5944.996989678286	-30201.661874681085	7.025506275672624	3897.2949622876235
576026421.2273525	-146641943024.28384	-36306973740.49191	-11705412.579102581	6286.796823635905	-30133.601200884903	7.24295844762198	3894.7489899032803
576084021.2273525	-146270002756.46124	-38040613997.07681	-11281862.30709279	6627.630669452246	-30061.582676987873	7.4642965902742535	3892.1910977850007
576141621.2273525	-145878459471.45493	-39769992370.27434	-10845450.840715218	6967.448891214977	-29985.621775545336	7.689529008985664	3889.62142854403
576199221.2273525	-145467373092.53174	-41494882241.424706	-10395953.651135696	7306.202112152529	-29905.734663543906	7.918663148220635	3887.040128250925
576256821.2273525	-145036806379.33282	-43215057942.97631	-9933145.805515222	7643.841225647543	-29821.938197803232	8.151705591459038	3884.447346349271
576314421.2273525	-144586824911.99765	-44930294798.0829	-9456802.016601253	7980.317406161188	-29734.249920179172	8.388662061273754	3881.843235570698
576372021.2273525	-144117497074.6614	-46640369159.91878	-8966696.692309642	8315.582120064306	-29642.688052570345	8.629537419578137	3879.2279518511673
576429621.2273525	-143628894038.33154	-48345058450.70079	-8462603.98528742	8649.587136371443	-29547.271491730025	8.874335668043026	3876.6016542484977
576487221.2273525	-143121089743.14865	-50044141200.405914	-7944297.842446707	8982.28453737383	-29448.019803885534	9.123059948682755	3873.964504861107
576544821.2273525	-142594160880.0381	-51737397085.17342	-7411552.054459995	9313.626729167427	-29344.95321916727	9.37571254460981	3871.316668747938
576602421.2273525	-142048186871.75812	-53424606965.380745	-6864140.305207125	9643.56645207225	-29238.09262584968	9.632294880957566	3868.6583138495444
576660021.2273525	-141483249853.35132	-55105552923.38222	-6301836.221164288	9972.056790939167	-29127.459564406512	9.892807525970717	3865.989610910308
576717621.2273525	-140899434652.0055	-56780018300.900185	-5724413.420725395	10299.051185340502	-29013.076221382806	10.157250192262776	3863.3107334017614
576775221.2273525	-140296828766.33115	-58447787736.057846	-5131645.563446214	10624.503439640755	-28894.96542308614	10.4256217382402	3860.621857446993
576832821.2273525	-139675522345.0623	-60108647200.04362	-4523306.3992017	10948.367732943885	-28773.150629099735	10.697920169692573	3857.9231617461064
576890421.2273525	-139035608165.18805	-61762384033.396774	-3899169.8172469526	11270.598628913602	-28647.655925620078	10.974142641548275	3855.2148275027102
576948021.2273525	-138377181609.52237	-63408786981.904335	-3259009.8951722994	11591.151085463234	-28518.506018621876	11.254285459795078	3852.4970383514183
577005621.2273525	-137700340643.7193	-65047646232.09936	-2602600.947743018	11909.980464311748	-28385.726226853112	11.538344083565061	3849.769980286334
577063221.2273525	-137005185792.74191	-66678753446.35093	-1929717.575614248	12227.042540402605	-28249.342474663157	11.826313127383239	3847.033841590497
577120821.2273525	-136291820116.7926	-68301901797.5363	-1240134.7139116782	12542.293511182206	-28109.381284666884	12.118186363579289	3844.288812766273
577178421.2273525	-135560349186.71321	-69916886003.28584	-533627.6806686437	12855.690005734732	-27965.86977024786	12.413956724861707	3841.5350864666625
577236021.2273525	-134810881058.86308	-71523502359.79163	190027.77488971537	13167.189093770252	-27818.8356279037	12.713616307053764	3838.7728574275125
577293621.2273525	-134043526249.48375	-73121548775.17061	931055.4242245291	13476.748294463088	-27668.307129436795	13.017156371990549	3836.002322400611
577351221.2273525	-133258397708.55891	-74710824802.37366	1689678.511532764	13784.32558513745	-27514.313113993645	13.324567350576434	3833.2236800876412
577408821.2273525	-132455610793.17859	-76291131671.6317	2466119.7059775046	14089.87940979748	-27356.882979956114	13.635838846002246	3830.4371310749852
577466421.2273525	-131635283240.41646	-77862272322.43071	3260601.0541081233	14393.368687498869	-27196.046676687947	13.950959637121404	3827.642877769354
577524021.2273525	-130797535139.72966	-79424051435.00717	4073343.9324794794	14694.75282055935	-27031.834696140017	14.269917681984309	3824.8411243342293
577581621.2273525	-129942488904.89038	-80976275461.35596	4904569.000479236	14993.991702605417	-26864.278064317754	14.592700121530164	3822.0320766271025
577639221.2273525	-129070269245.45868	-82518752655.74295	5754496.153372344	15291.045726452692	-26693.408332614305	14.919293283435566	3819.2159421374954
577696821.2273525	-128181003137.80632	-84051293104.71461	6623344.475571694	15585.875791817476	-26519.257569012996	15.249682686118934	3816.3929299257456
577754421.2273525	-127274819795.7013	-85573708756.59717	7511332.194143903	15878.443312857102	-26341.85834916275	15.583853042900078	3813.5632505625467
577812021.2273525	-126351850640.46297	-87085813450.47809	8418676.632559134	16168.710225536766	-26161.24374733015	15.921788266314048	3810.7271160692267
577869621.2273525	-125412229270.69806	-88587422944.66309	9345594.164693814	16456.638994820623	-25977.447327231836	16.26347147257841	3807.8847398587536
577927221.2273525	-124456091431.62744	-90078354944.60156	10292300.169095071	16742.19262168502	-25790.50313275106	16.60888498621311	3805.036336677457
577984821.2273525	-123483574984.01414	-91558429130.27415	11259008.983515646	17025.334649951827	-25600.445678542168	16.958010344812063	3802.1821225474514
578042421.2273525	-122494819872.70303	-93027467183.03598	12245933.859727997	17306.029172939914	-25407.309940526902	17.310828303965565	3799.322314709754
578100021.2273525	-121489968094.78264	-94485292811.9094	13253286.918626258	17584.240839932896	-25211.131346286344	17.667318842332637	3796.457131568082
578157621.2273525	-120469163667.37973	-95931731779.32043	14281279.105624659	17859.93486246139	-25011.945765352495	18.027461166862388	3793.586792633323
578215221.2273525	-119432552595.09749	-97366611926.2733	15330120.146360964	18133.07702039811	-24809.789499403392	18.391233718163434	3790.71151846867
578272821.2273525	-118380282837.10794	-98789763196.95729	16400018.502713434	18403.63366786421	-24604.69927236575	18.758614176020494	3787.8315306354048
578330421.2273525	-117312504273.90976	-100201017662.78123	17491181.32913976	18671.57173894537	-24396.71222042915	19.129579465057116	3784.947051639333
578388021.2273525	-116229368673.76222	-101600209545.83014	18603814.429346357	18936.858753216224	-24185.86588197581	19.50410576054362	3782.05830487785
578445621.2273525	-115131029658.80664	-102987175241.73955	19738122.213296328	19199.46282107184	-23972.198187429927	19.882168494349237	3779.1655145876393
578503221.2273525	-114017642670.88617	-104361753341.98297	20894307.654564455	19459.35264886504	-23755.747449030783	20.263742361037444	3776.268905792993
578560821.2273525	-112889364937.07536	-105723784655.56818	22072572.248047326	19716.497543848393	-23536.55235053358	20.648801324103466	3773.368704254744
578618421.2273525	-111746355434.93076	-107073112230.13821	23273115.968036838	19970.867418919937	-23314.651936842183	21.037318622352927	3770.46513641981
578676021.2273525	-110588774857.47372	-108409581372.4735	24496137.226665147	20222.43279717162	-23090.08560357787	21.42926677642056	3767.5584293713378
578733621.2273525	-109416785577.9171	-109733039668.39122	25741832.832729105	20471.164816239663	-22862.893086588214	21.824617595427977	3764.648810779444
578791221.2273525	-108230551614.14684	-111043337002.03893	27010397.950902153	20717.035232456114	-22633.114451400223	22.223342183779327	3761.736508852546
578848821.2273525	-107030238592.97043	-112340325574.57903	28302026.061341606	20960.016424800895	-22400.79008262191	22.625410948093833	3758.821752289279
578906421.2273525	-105816013714.14334	-113623859922.2615	29616908.91969916	21200.08139865385	-22165.96067329639	23.03079360427406	3755.904770230992
578964021.2273525	-104588045714.18509	-114893796933.8821	30955236.517542396	21437.20378934628	-21928.6672142127	23.43945918470876	3752.9857922148194
579021621.2273525	-103346504829.99663	-116149995867.62369	32317197.04319505	21671.357865511643	-21688.95098317743	23.85137604560924	3750.0650481273246
579079221.2273525	-102091562762.29045	-117392318367.2787	33702976.84300365	21902.51853223509	-21446.853534251375	24.266511874478024	3747.1427681587093
579136821.2273525	-100823392638.8451	-118620628477.85056	35112760.38303815	22130.661334001725	-21202.416686955272	24.684833697708655	3744.219182757585
579194421.2273525	-99542168977.59561	-119834792660.53268	36546730.21123402	22355.762457443438	-20955.682515448785	25.106307888315527	3741.2945225863027
579252021.2273525	-98248067649.57169	-121034679807.0635	38005066.91998335	22577.798733884352	-20706.693337686866	25.53090017379246	3738.3690184768407
579309621.2273525	-96941265841.69484	-122220161253.45631	39487949.109182246	22796.74764168497	-20455.491704557553	25.958575644098868	3735.4429013872386
579367221.2273525	-95621942019.44646	-123391110793.103	40995553.34974188	23012.5873083852	-20202.120389005337	26.389298759772277	3732.5164023585844
579424821.2273525	-94290275889.41818	-124547404689.251	42528054.14757046	23225.296512646524	-19946.622375144132	26.823033360166	3729.5897524725433
579482421.2273525	-92946448361.75615	-125688921686.853	44085623.90803319	23434.854685993727	-19689.040847363936	27.259742671810656	3726.6631828094305
579540021.2273525	-91590641512.51074	-126815543023.78894	45668432.900897495	23641.241914356564	-19429.419179435197	27.699389316898337	3723.7369244068223
579597621.2273525	-90223038545.90324	-127927152441.4607	47276649.22577035	23844.438939411968	-19167.80092361488	28.14193532188812	3720.811208218703
579655221.2273525	-88843823756.52089	-129023636194.75919	48910438.77803479	24044.42715972739	-18904.229799758243	28.587342126231636	3717.886265075147
579712821.2273525	-87453182491.45184	-130104883061.40471	50569965.21529244	24241.188631706016	-18638.749684440263	29.035570591217404	3714.9623256425307
579770421.2273525	-86051301112.37134	-131170784350.66101	52255389.924318835	24434.70607033461	-18371.404600090646	29.486581008932635	3712.039620384273
579828021.2273525	-84638366957.59047	-132221233911.42403	53966871.98853835	24624.962849734937	-18102.238704146308	29.940333111341165	3709.118379522104
579885621.2273525	-83214568304.07881	-133256128139.68636	55704568.156025246	24811.943003519656	-17831.296278225207	30.39678607947617	3706.1988329978567
579943221.2273525	-81780094329.47218	-134275365985.37895	57468632.80803761	24995.6312249538	-17558.621717325328	30.855898552746346	3703.2812104357804
580000821.2273525	-80335135074.07666	-135278848958.59135	59259217.92809042	25176.012866922894	-17284.259519052637	31.31762863835418	3700.365741105374
580058421.2273525	-78879881402.87993	-136266481135.17252	61076473.071574435	25353.073941709008	-17008.254272881746	31.781933920824905	3697.452653884738
580116021.2273525	-77414524967.58113	-137238169161.71397	62920545.33592701	25526.801120575947	-16730.650649452997	32.24877147164484	3694.5421772244413
580173621.2273525	-75939258168.64998	-138193822259.9177	64791579.33136126	25697.18173316499	-16451.493389909647	32.71809785900761	3691.6345391119007
580231221.2273525	-74454274117.42615	-139133352230.351	66689717.15215961	25864.2037667026	-16170.827295278768	33.189869157666934	3688.729967036276
580288821.2273525	-72959766598.26967	-140056673455.59128	68615098.348538	26027.85586502162	-15888.697215899463	33.664040958894496	3685.828687953869
580346421.2273525	-71455930030.77301	-140963702902.76288	70567859.89908653	26188.12732739751	-15605.148040901904	34.14056838054152	3682.930928254037
580404021.2273525	-69942959432.04552	-141854360125.46997	72548136.18379277	26345.008107201367	-15320.224687740707	34.619406077202505	3680.0369137256066
580461621.2273525	-68421050379.08068	-142728567265.12787	74556058.9576532	26498.48881037132	-15033.972091786065	35.10050825047987	3677.1468695237954
580519221.2273525	-66890398971.216576	-143586249051.6967	76591757.32487892	26648.56069370422	-14746.435195976022	35.58382865934775	3674.2610201376337
580576821.2273525	-65351201792.69989	-144427332803.82077	78655357.71370113	26795.215662969404	-14457.65894053324	36.06932063061378	3671.379589357888
580634421.2273525	-63803655875.363686	-145251748428.37775	80746983.8517819	26938.446270846496	-14167.688252749505	36.55693706947711	3668.5028002454824
580692021.2273525	-62247958661.428894	-146059428419.4412	82866756.7422359	27078.245714689227	-13876.56803684123	37.04663047018135	3665.6308751004153
580749621.2273525	-60684307966.43966	-146850307856.6611	85014794.64026839	27214.607834117312	-13584.343163879092	37.538352926760815	3662.7640354311743
580807221.2273525	-59112901942.34223	-147624324403.06656	87191213.03043488	27347.527108438517	-13291.058461794932	38.03205614387863	3659.902501924639
580864821.2273525	-57533939040.71721	-148381418302.29495	89396124.60452767	27476.99865390306	-12996.758705468957	38.52769144775507	3657.0464944164796
580922421.2273525	-55947617976.174706	-149121532375.25284	91629639.24009436	27603.01822079261	-12701.488606900237	39.02520979718471	3654.196231862038
580980021.2273525	-54354137689.9219	-149844612016.21283	93891863.9795936	27725.582190346115	-12405.292805463414	39.524561794640746	3651.3519323077026
581037621.2273525	-52753697313.51229	-150550605188.35205	96182903.01019277	27844.687571524864	-12108.215858254513	40.025697697464985	3648.5138128627627
581095221.2273525	-51146496132.78588	-151239462418.73703	98502857.64421272	27960.33199761909	-11810.302230528629	40.52856742914187	3645.682089671748
581152821.2273525	-49532733552.009285	-151911136792.76047	100851826.3002243	28072.513722698623	-11511.59628623225	41.03312059065504	3642.856977887248
581210421.2273525	-47912609058.22475	-152565583948.0356	103229904.48480129	28181.231617910027	-11212.14227863288	41.539306471924725	3640.038691643207
581268021.2273525	-46286322185.8168	-153202762067.75357	105637184.77493447	28286.48516762281	-10911.98434104856	42.047074063324544	3637.2274440287024
581325621.2273525	-44654072481.30517	-153822631873.50983	108073756.80111127	28388.274465427217	-10611.166477679848	42.5563720672759	3634.4234470621873
581383221.2273525	-43016059468.37242	-154425156617.60538	110539707.23106548	28486.600209986285	-10309.732554546723	43.06714890991852	3631.626911666213
581440821.2273525	-41372482613.1347	-155010302074.82922	113035119.75420137	28581.463700744785	-10007.726290532806	43.57935275285539	3628.8380476426155
581498421.2273525	-39723541289.66362	-155578036533.72794	115560075.06669629	28672.866833497777	-9705.191248539251	44.092931504970544	3626.0570636481707
581556021.2273525	-38069434745.76746	-156128330787.36902	118114650.85728619	28760.812095821493	-9402.170826750567	44.60783283431801	3623.284167170714
581613621.2273525	-36410362069.03938	-156661158123.6044	120698921.79373786	28845.30256236935	-9098.708250014573	45.124004180080256	3620.5195645057224
581671221.2273525	-34746522153.180435	-157176494314.8408	123312959.51001199	28926.341890035877	-8794.846561338603	45.641392764594514	3617.7634607333525
581728821.2273525	-33078113664.60487	-157674317607.32355	125956832.59412079	29003.934312991405	-8490.62861350403	46.15994560544525	3615.0160596959404
581786421.2273525	-31405335009.33508	-158154608709.94107	128630606.57668409	29078.084637590397	-8186.09706080109	46.67960952762119	3612.27756397595
581844021.2273525	-29728384300.193413	-158617350782.55664	131334343.92018744	29148.79823715631	-7881.29435088592	47.20033117573507	3609.5481748743778
581901621.2273525	-28047459324.29785	-159062529423.8747	134068104.00894587	29216.081046645908	-7576.262716761654	47.72205702630464	3606.8280923896014
581959221.2273525	-26362757510.868427	-159490132658.8489	136831943.13977668	29279.939557196005	-7271.04416888535	48.24473340009294	3604.1175151966772
582016821.2273525	-24674475899.351067	-159900150925.63925	139625914.51338485	29340.38081055556	-6965.680487402446	48.76830647450639	3601.4166406270783
582074421.2273525	-22982811107.865368	-160292577062.12555	142450068.22646403	29397.41239340618	-6660.2132145103715	49.29272229604882	3598.725664648873
582132021.2273525	-21287959301.982677	-160667406291.9848	145304451.2645166	29451.042431573984	-6354.683646952873	49.817926792829766	3596.0447818473413
582189621.2273525	-19590116163.840584	-161024636210.34015	148189107.4953956	29501.279584135915	-6049.1328286465305	50.34386578712531	3593.3741854060204
582247221.2273525	-17889476861.5999	-161364266768.98877	151104077.66357175	29548.133037423508	-5743.601543440886	50.870485007989664	3590.714067088186
582304821.2273525	-16186236019.249865	-161686300261.21686	154049399.38512823	29591.612498927174	-5438.130308013509	51.39773010391587	3588.0646172187567
582362421.2273525	-14480587686.767282	-161990741306.20908	157025107.14348617	29631.728191104117	-5132.759364901277	51.9255466555437	3585.4260246666254
582420021.2273525	-12772725310.635008	-162277596833.06064	160031232.28586334	29668.490845092903	-4827.52867566906	52.45388018841315	3582.7984768274064
582477621.2273525	-11062841704.725096	-162546876064.40002	163067803.02046874	29701.91169433783	-4522.4779142169355	52.98267618576166	3580.182159606604
582535221.2273525	-9351129021.551708	-162798590499.6299	166134844.4144356	29732.002468126164	-4217.64646022698	53.5118801013633	3577.577257403192
582592821.2273525	-7637778723.8987055	-163032753897.795	169232378.392495	29758.775385041365	-3913.0733927506208	54.0414373724082	3574.9839530936056
582650421.2273525	-5922981556.82669	-163249382260.08435	172360423.73639253	29782.243146335386	-3608.797483937462	54.57129343242034	3572.4024280161343
582708021.2273525	-4206927520.064046	-163448493811.97656	175518996.08504993	29802.41892922319	-3304.8571929064096	55.101393724212045	3569.8328619557237
582765621.2273525	-2489805840.786394	-163630108985.03625	178708107.93547416	29819.31638010257	-3001.2906597598803	55.63168371287319	3567.2754331291717
582823221.2273525	-771804946.788651	-163794250398.3697	181927768.64441538	29832.949607702376	-2698.1356997417806	56.16210889879355	3564.730318170721
582880821.2273525	946887559.9462562	-163940942839.7482	185177984.43077603	29843.333176162294	-2395.4297975398945	56.692614830716245	3562.1976921180435
582938421.2273525	2666084929.2781754	-164070213246.40747	188458758.3787727	29850.48209804723	-2093.2101017332266	57.22314711882066	3559.677728398609
582996021.2273525	4385601288.536335	-164182090685.53128	191770090.44185224	29854.411827299416	-1791.513419384818	57.7536514478329	3557.1705988164404
583053621.2273525	6105251667.73827	-164276606334.42798	195111977.44736385	29855.138252131357	-1490.3762107804293	58.28407359016199	3554.6764735392458
583111221.2273525	7824852024.397751	-164353793460.40808	198484413.1019886	29852.677687862622	-1189.8345843134698	58.81435941906001	3552.195521085926
583168821.2273525	9544219267.918575	-164413687400.37143	201887387.9979275	29847.046869703645	-889.9242915164546	59.34445492180431	3549.7279083144517
583226421.2273525	11263171283.571241	-164456325540.1125	205320889.61984935	29838.262945489496	-590.6807222392201	59.87430621289994	3547.273800410108
583284021.2273525	12981526956.04973	-164481747293.35208	208784902.35260004	29826.343468366755	-292.13889997405204	60.40385954730051	3544.8333608741
583341621.2273525	14699106192.605768	-164489994080.50406	212279407.48967323	29811.30638943644	5.666522672173016	60.93306133364558	3542.406751512517
583399221.2273525	16415729945.75813	-164481109307.1854	215804383.24244443	29793.170050356053	302.70126835880257	61.46185814751272	3539.994132425648
583456821.2273525	18131220235.574715	-164455138342.47833	219359804.7501686	29771.953175903727	598.9314392452102	61.99019674468245	3537.595661997646
583514421.2273525	19845400171.525295	-164412128496.9526	222945644.09074205	29747.674866507423	894.323521077676	62.51802407441413	3535.211496886538
583572021.2273525	21558093973.90302	-164352129000.45682	226561870.29222947	29720.354590742183	1188.8443871295008	63.04528729273095	3532.841792014571
583629621.2273525	23269126994.81289	-164275190979.68683	230208449.3451563	29690.012177798333	1482.4613019945664	63.57193377571218	3530.4867005588944
583687221.2273525	24978325738.725662	-164181367435.53998	233885344.21556687	29656.66780992356	1775.1419252346163	64.09791113279078	3528.14637394257
583744821.2273525	26685517882.59572	-164070713220.26337	237592514.85884863	29620.34201484176	2066.8543148805884	64.62316722005448	3525.8209618259084
583802421.2273525	28390532295.541653	-163943285014.40475	241329918.23432264	29581.055658151505	2357.5669307883863	65.14765015354853	3523.510612098123
583860021.2273525	30093199058.08851	-163799141303.5742	245097508.3206002	29538.829935706988	2647.2486378495437	65.67130832257808	3521.2154708693
583917621.2273525	31793349480.97072	-163638342355.02505	248895236.13170573	29493.68636598424	2935.86870905727	66.19409040300857	3518.935682462675
583975221.2273525	33490816123.49496	-163460950194.06253	252723049.7339655	29445.646782435397	3223.3968284284447	66.7159453705619	3516.671389407215
584032821.2273525	35185432811.46237	-163267028580.28787	256580894.2636622	29394.733325833793	3509.803093782166	67.23682251410676	3514.4227324305007
584090421.2273525	36877034654.64963	-163056642983.68686	260468711.94545484	29340.968436612584	3795.0580193755113	67.75667144894118	3512.1898504518977
584148021.2273525	38565458063.84859	-162829860560.5705	264386442.11156332	29284.374847199586	4079.1325383972344	68.27544213006526	3509.972880576018
584205621.2273525	40250540767.46442	-162586750129.37604	268334021.22171727	29224.975574351018	4361.99800532015	68.79308486544237	3507.7719580864623
584263221.2273525	41932121827.67213	-162327382146.33676	272311382.8838683	29162.79391148675	4643.626198113028	69.3095503292468	3505.5872164398384
584320821.2273525	43610041656.13176	-162051828681.02814	276318457.87566495	29097.853421029668	4923.98932031286	69.824789575096	3503.4187872600505
584378421.2273525	45284142029.26249	-161760163391.79883	280355174.16668934	29030.177926751672	5203.060002958396	70.33875404926555	3501.2668003328513
584436021.2273525	46954266103.076096	-161452461501.09418	284421456.9414543	28959.79150612891	5480.811306385918	70.8513956038848	3499.1313836006525
584493621.2273525	48620258427.57044	-161128799770.68027	288517228.62316024	28886.71848270864	5757.216721888249	71.36266651011157	3497.0126631575886
584551221.2273525	50281964960.68368	-160789256476.77628	292642408.89820987	28810.983418490243	6032.250173238029	71.87251947128367	3494.9107632448226
584608821.2273525	51939233081.81002	-160433911385.10297	296796914.7414801	28732.611106322776	6305.886018076361	72.38090763604552	3492.8258062460955
584666421.2273525	53591911604.87822	-160062845725.8552	300980660.4423491	28651.62656232141	6578.09904916794	72.88778461144803	3490.7579126835035
584724021.2273525	55239850790.99377	-159676142168.60568	305193557.6314769	28568.055018305124	6848.864495523843	73.39310447601954	3488.707201213502
584781621.2273525	56882902360.64621	-159273884797.14816	309435515.30833846	28481.92191425795	7118.158023393178	73.89682179280638	3486.673788623128
584839221.2273525	58520919505.48295	-158856159084.28693	313706439.8695067	28393.252890815995	7385.9557371248475	74.39889162238053	3484.657789826436
584896821.2273525	60153756899.6511	-158423051866.58063	318006235.1376835	28302.07378178248	7652.234179900701	74.89926953581315	3482.65931786113
584954421.2273525	61781270710.70906	-157974651319.04736	322334802.39147747	28208.410606672962	7916.97033434139	75.39791162761144	3480.678483885401
585012021.2273525	63403318610.10963	-157511046929.83868	326692040.39592546	28112.289563292856	8180.141622986293	75.89477452861742	3478.7153971749444
585069621.2273525	65019759783.25652	-157032329474.88934	331077845.43375593	28013.737020349377	8441.725908648876	76.38981541886638	3476.7701651201614
585127221.2273525	66630454939.13647	-156538590992.5503	335492111.3373919	27912.77951009993	8701.701494648914	76.8829920404033	3474.8428932235306
585184821.2273525	68235266319.52882	-156029924758.21176	339934729.52169067	27809.44372103893	8960.04712492304	77.3742627100552	3472.9336850971417
585242421.2273525	69834057707.79521	-155506425258.92337	344405589.017418	27703.756490625077	9216.741984015052	77.86358633215768	3471.0426424603825
585300021.2273525	71426694437.25143	-154968188168.01834	348904576.5054541	27595.74479805093	9471.765696947547	78.35092241123344	3469.16986513777
585357621.2273525	73013043399.12411	-154415310319.74844	353431576.3517283	27485.435757056697	9725.098328976354	78.83623106462132	3467.315451056916
585415221.2273525	74592973050.09482	-153847889683.93637	357986470.6428797	27372.85660879007	9976.720385229375	79.31947303505346	3465.479496246615
585472821.2273525	76166353419.43422	-153266025340.65228	362569139.2226408	27258.03471471387	10226.61281023139	79.80060970317916	3463.6620948350446
585530421.2273525	77733056115.72917	-152669817454.9209	367179459.7289409	27140.997549563268	10474.756987316447	80.27960310003313	3461.8633390480704
585588021.2273525	79292954333.20561	-152059367251.46567	371817307.631726	27021.772694354244	10721.134737929458	80.7564159194465	3460.083319207637
585645621.2273525	80845922857.6502	-151434776989.49637	376482556.27149194	26900.387829444986	10965.728320818676	81.23101153039856	3458.322123730238
585703221.2273525	82391838071.93398	-150796149937.54626	381175076.8985271	26776.870727651778	11208.520431120698	81.70335398930744	3456.57983912545
585760821.2273525	83930577961.14091	-150143590348.365	385894738.71286136	26651.24924742099	11449.494199339704	82.17340805225773	3454.856549994514
585818421.2273525	85462022117.30508	-149477203433.8733	390641408.90491766	26523.55132605866	11688.63319022265	82.64113918716318	3453.1523390289576
585876021.2273525	86986051743.7593	-148797095340.18555	395414952.6968618	26393.80497301913	11925.921401532121	83.10651358586269	3451.467287009231
585933621.2273525	88502549659.09901	-148103373122.70575	400215233.3846475	26262.038263254213	12161.34326271861	83.56949817614753	3449.8014728033495
585991221.2273525	90011400300.765	-147396144721.30295	405042112.3807516	26128.2793306242	12394.883633493964	84.03006063371812	3448.1549733655215
586048821.2273525	91512489728.24814	-146675518935.57156	409895449.25759673	25992.556361372106	12626.527802307784	84.48816939406827	3446.52786373474
586106421.2273525	93005705625.92033	-145941605400.18237	414775101.7916555	25854.897587662435	12856.26148472856	84.94379366429517	3444.920217033325
586164021.2273525	94490937305.49501	-145194514560.32922	419680926.00823325	25715.331281185667	13084.070821731331	85.39690343483323	3443.3321044653867
586221621.2273525	95968075708.1213	-144434357647.27713	424612776.2269245	25573.885746829743	13309.94237789369	85.8474694911098	3441.763595315191
586279221.2273525	97437013406.11555	-143661246654.017	429570505.107738	25430.589316419642	13533.863139501938	86.29546342512106	3440.214756945405
586336821.2273525	98897644604.33424	-142875294311.0317	434553963.69788706	25285.470342526212	13755.820512569228	86.74085764692605	3438.685654795185
586394421.2273525	100349865141.19235	-142076614062.17914	439563001.4792383	25138.557192345288	13975.802320767512	87.18362539605717	3437.1763523780915
586452021.2273525	101793572489.33118	-141265320040.69653	444597466.4164164	24989.87824164815	14193.79680327516	87.62374075284518	3435.686911279787
586509621.2273525	103228665755.93979	-140441527045.33133	449657205.0055581	24839.46186880431	14409.792612542058	88.0611786496568	3434.2173911554946
586567221.2273525	104655045682.73428	-139605350516.603	454742062.3237107	24687.336448877504	14623.778811974074	88.49591488204322	3432.7678497271645
586624821.2273525	106072614645.59914	-138756906513.20056	459851882.0788706	24533.530347795902	14835.744873538713	88.9279261197976	3431.338342780325
586682421.2273525	107481276653.8949	-137896311688.5203	464986506.660656	24378.071916597266	15045.680675293843	89.35718991791967	3429.9289241605597
586740021.2273525	108880937349.43654	-137023683267.34787	470145777.1916079	24220.989485749957	15253.576498841323	89.7836847274857	3428.5396457695683
586797621.2273525	110271504005.147	-136139139022.68932	475329533.5791153	24062.31135955051	15459.423026707429	90.20738990642201	3427.170557560759
586855221.2273525	111652885523.39014	-135242797252.75493	480537614.5679573	23902.065810598528	15663.211339651889	90.62828573018008	3425.8217075343073
586912821.2273525	113024992433.98776	-134334776758.10023	485769857.7934579	23740.28107434958	15864.932913907427	91.04635340231164	3424.493141731624
586970421.2273525	114387736891.92516	-133415196818.92783	491026099.83524656	23576.985343746728	16064.57961835165	91.4615750649417	3423.184904229155
587028021.2273525	115741032674.74962	-132484177172.55408	496306176.27161914	23412.20676393132	16262.143711613133	91.87393380913798	3421.8970371314385
587085621.2273525	117084795179.66667	-131541837991.04437	501609921.73449314	23245.973427033587	16457.61783911355	92.28341368517474	3420.629580563327
587143221.2273525	118418941420.33856	-130588299859.0205	506937169.964951	23078.313367043564	16650.99503004772	92.68999971268923	3419.3825726612827
587200821.2273525	119743390023.38953	-129623683751.64372	512287753.86936533	22909.25455476286	16842.26869430337	93.09367789072921	3418.1560495636327
587258421.2273525	121058061224.62279	-128648111012.77704	517661505.57609975	22738.82489283768	17031.43261932247	93.49443520768939	3416.950045399667
587316021.2273525	122362876864.95364	-127661703333.32976	523058256.49277854	22567.052210873517	17218.480966905972	93.89225965113539	3415.764592277444
587373621.2273525	123657760386.06363	-126664582729.7878	528477837.36411923	22393.964260631903	17403.40826996378	94.28714021751313	3414.599720270151
587431221.2273525	124942636825.78033	-125656871522.93266	533920078.33032095	22219.58871130953	17586.209429211725	94.67906692174219	3413.4554574008507
587488821.2273525	126217432813.1877	-124638692316.75221	539384808.9860018	22043.953144900057	17766.8797098174	95.06803080669117	3412.331829625427
587546421.2273525	127482076563.47151	-123610167977.54599	544871858.4396791	21867.085051638824	17945.414737996605	95.45402395253339	3411.228860813508
587604021.2273525	128736497872.50497	-122571421613.22807	550381055.3737842	21689.011825530753	18121.810497562226	95.83703948598122	3410.1465727271348
587661621.2273525	129980628111.17897	-121522576552.8299	555912228.1052065	21509.760759961577	18296.063326427284	96.21707158939728	3409.084984996888
587719221.2273525	131214400219.48207	-120463756326.20593	561465204.6463581	21329.359043392553	18468.16991306395	96.59411550978075	3408.044115095174
587776821.2273525	132437748700.33487	-119395084643.94444	567039812.766753	21147.83375513882	18638.12729292025	96.96816756762715	3407.0239783063075
587834421.2273525	133650609613.18356	-118316685377.48587	572635880.0550919	20965.211861231444	18805.9328447962	97.3392251656599	3406.0245876929885
587892021.2273525	134852920567.35768	-117228682539.45102	578253233.9818475	20781.520210363193	18971.584287181126	97.70728679743183	3405.0459540587162
587949621.2273525	136044620715.19661	-116131200264.1814	583891701.9623408	20596.78552991813	19135.079674553843	98.07235205579515	3404.088085905603
588007221.2273525	137225650744.94989	-115024362788.49359	589551111.420301	20411.03442208492	19296.417393647396	98.43442164123796	3403.1509893869843
588064821.2273525	138395952873.45605	-113908294432.64981	595231289.8519026	20224.293360053885	19455.596159680073	98.79349737008589	3402.2346682541233
588122421.2273525	139555470838.6047	-112783119581.54648	600932064.8902705	20036.588684297683	19612.61501255432	99.14958218256699	3401.3391237961937
588180021.2273525	140704149891.58704	-111648962666.12262	606653264.3704456	19847.946598935523	19767.473313025228	99.50268015073836	3400.464354772606
588237621.2273525	141841936788.93903	-110505948144.98979	612394716.3948034	19658.393168180788	19920.17073884023	99.8527964862728	3399.61035733658
588295221.2273525	142968779784.38257	-109354200486.28514	618156249.3989164	19467.954312871894	20070.707280851617	100.19993754810382	3398.7771249486873
588352821.2273525	144084628620.46924	-108193844149.74918	623937692.217853	19276.655807086183	20219.083239103475	100.54411084992753	3397.964648278869
588410421.2273525	145189434520.03125	-107025003569.02957	629738874.1529047	19084.523274836658	20365.299218894626	100.88532506755962	3397.1729150951737
588468021.2273525	146283150177.4446	-105847803134.21243	635559625.0387328	18891.58218685129	20509.35612681916	101.22359004614589	3396.401910137148
588525621.2273525	147365729749.70914	-104662367174.5822	641399775.3109248	18697.85785743463	20651.25516678605	101.55891680722478	3395.6516149714284
588583221.2273525	148437128847.35007	-103468819941.61147	647259156.0739558	18503.375441411423	20790.99783601946	101.89131755564024	3394.9220078266253
588640821.2273525	149497304525.14587	-102267285592.18161	653137599.1695416	18308.159931151913	20928.58592104117	102.22080568630345	3394.213063404041
588698421.2273525	150546215272.68732	-101057888172.03535	659034937.2453777	18112.23615367847	21064.02149363669	102.54739579080167	3393.524752660057
588756021.2273525	151583821004.77185	-99840751599.46211	664951003.8242546	17915.62876785319	21197.306906806465	102.87110366385284	3392.8570425552093
588813621.2273525	152610083051.63867	-98615999649.21695	670885633.3735405	17718.36226164604	21328.44479070366	103.19194630960426	3392.2098957639178
588871221.2273525	153624964149.04852	-97383755936.67387	676838661.3750215	17520.460949483164	21457.438048559958	103.50994194777394	3391.58327033755
588928821.2273525	154628428428.21304	-96144143902.2141	682809924.395092	17321.948969674868	21584.289852600763	103.82511001963287	3390.9771193119077
588986421.2273525	155620441405.5785	-94897286795.84987	688799260.1552844	17122.850281922863	21709.003639951206	104.13747119382701	3390.3913902481945
589044021.2273525	156600969972.4678	-93643307662.08432	694806507.6031299	16923.188664906258	21831.583108534334	104.44704737203716	3389.8260246940094
589101621.2273525	157569982384.58618	-92382329325.00784	700831506.9833399	16722.987713945786	21952.032212962815	104.75386169447553	3389.2809575476913
589159221.2273525	158527448251.39423	-91114474373.6312	706874099.9093004	16522.27083874577	22070.355160425486	105.05793854521731	3388.7561163052574
589216821.2273525	159473338525.35315	-89839865147.45566	712934129.4348677	16321.061261213279	22186.556406570075	105.35930355736586	3388.2514201639465
589274421.2273525	160407625491.04684	-88558623722.28047	719011440.1264572	16119.382013353867	22300.640651383346	105.65798361805005	3387.7667789496354
589332021.2273525	161330282754.18466	-87270871896.24757	725105878.135415	15917.255935243391	22412.61283506995	105.95400687325237	3387.3020918266675
589389621.2273525	162241285230.48972	-85976731176.12373	731217291.2706629	15714.70567307525	22522.47813393122	106.24740273246614	3386.8572457372593
589447221.2273525	163140609134.4768	-84676322763.8201	737345529.071607	15511.753677282455	22630.241956245125	106.53820187318081	3386.4321135027767
589504821.2273525	164028231968.12427	-83369767543.14888	743490442.8812988	15308.422200733903	22735.909938148587	106.82643624519352	3386.026551499608
589562421.2273525	164904132509.44418	-82057186066.81725	749651885.9198401	15104.733297004199	22839.48793952332	107.11213907474577	3385.6403967965566
589620021.2273525	165768290800.95486	-80738698543.65794	755829713.3580217	14900.708818716372	22940.982039886356	107.39534486848376	3385.2734636065684
589677621.2273525	166620688138.06012	-79414424826.09654	762023782.3911839	14696.370415956808	23040.398534286396	107.67608941724103	3384.9255388605093
589735221.2273525	167461307057.3392	-78084484397.85486	768233952.3132902	14491.739534761718	23137.743929207063	107.95440979964198	3384.5963766513096
589792821.2273525	168290131324.75156	-76748996361.89005	774460084.5912044	14286.837415674428	23233.02493847817	108.23034438552503	3384.285691219233
589850421.2273525	169107145923.76065	-75408079428.56905	780702042.9391577	14081.685092372785	23326.248479196067	108.50393283918405	3383.9931480495134
589908021.2273525	169912337043.38065	-74061851904.07768	786959693.3933991	13876.303390365949	23417.421667654064	108.7752161224266	3383.718352530126
589965621.2273525	170705692066.14993	-72710431679.06381	793232904.3870153	13670.712925759839	23506.551815284016	109.04423649744801	3383.4608354736256
590023221.2273525	171487199556.03568	-71353936217.51399	799521546.824912	13464.934104090476	23593.646424610015	109.3110375295196	3383.22003466072
590080821.2273525	172256849246.27295	-69992482545.86275	805825494.1589429	13258.987119224468	23678.713185215158	109.57566408949003	3382.9952714638152
590138421.2273525	173014632027.14246	-68626187242.33383	812144622.4631798	13052.891952325866	23761.75996972239	109.8381623560985	3382.785721668122
590196021.2273525	173760539933.6908	-67255166426.51249	818478810.5093083	12846.66837088862	23842.794829790288	110.09857981809834	3382.5903800499677
590253621.2273525	174494566133.39667	-65879535749.14798	824827939.8421416	12640.335927833832	23921.825992124745	110.35696527619012	3382.4080194869184
590311221.2273525	175216704913.78708	-64499410382.18529	831191894.8552394	12433.913960671038	23998.861854507395	110.61336884476262	3382.237147911878
590368821.2273525	175926951670.00696	-63114905009.02514	837570562.866622	12227.421590722668	24073.910981841684	110.86784195344079	3382.0759707374546
590426421.2273525	176625302892.34592	-61726133815.011215	843963834.1945679	12020.877722410938	24146.982102217364	111.12043734843937	3381.9223720221826
590484021.2273525	177311756153.72583	-60333210478.143486	850371602.2334839	11814.301042606294	24218.084102994304	111.37120909372098	3381.7739319207276
590541621.2273525	177986310097.15244	-58936248160.01658	856793763.5298353	11607.710020036622	24287.226026906344	111.62021257195755	3381.627995366325
590599221.2273525	178648964423.1349	-57535359496.98193	863230217.8581272	11401.12290475639	24354.41706818601	111.86750448529395	3381.4817926538176
590656821.2273525	179299719877.07614	-56130656591.532585	869680868.2969232	11194.557727674868	24419.6665687108	112.11314285591257	3381.332590202615
590714421.2273525	179938578236.63815	-54722251003.90925	876145621.3048904	10988.03230014261	24482.98401417185	112.35718702639795	3381.177833879921
590772021.2273525	180565542299.08463	-53310253743.92646	882624386.7968614	10781.564213595331	24544.37903026557	112.59969765990013	3381.0152511244182
590829621.2273525	181180615868.60516	-51894775263.01737	889117078.2198976	10575.17083925436	24603.86137890905	112.84073674009574	3380.8428984294796
590887221.2273525	181783803743.6235	-50475925446.49587	895623612.6293464	10368.869327882774	24661.440954479825	113.08036757094575	3380.659161591863
590944821.2273525	182375111704.09348	-49053813606.03454	902143910.7648768	10162.676609596405	24717.127780080704	113.31865477624883	3380.462726100016
591002421.2273525	182954546498.78558	-47628548472.35703	908677897.1264855	9956.609393728822	24770.93200383021	113.55566429898917	3380.252534383606
591060021.2273525	183522115832.56732	-46200238188.143394	915225500.0504568	9750.684168749465	24822.86389517933	113.79146340047788	3380.027741256627
591117621.2273525	184077828353.68033	-44768990301.14674	921786651.7852696	9544.91720223403	24872.93384125508	114.02612065928686	3379.7876734496867
591175221.2273525	184621693641.01724	-43334911757.51977	928361288.5674356	9339.32454088627	24921.152343231483	114.25970596997422	3379.531795409588
591232821.2273525	185153722191.40134	-41898108895.34948	934949350.6972582	9133.922010610338	24967.530012728505	114.49229054160013	3379.2596815257075
591290421.2273525	185673925406.87173	-40458687438.39854	941550782.6145004	8928.725216632813	25012.077568239438	114.72394689603232	3378.97099406103
591348021.2273525	186182315581.9771	-39016752490.05156	948165532.973948	8723.749543673517	25054.8058315873	114.95474886604012	3378.6654658049583
591405621.2273525	186678905891.08054	-37572408527.464676	954793554.7208582	8519.010156164304	25095.72572441064	115.1847715931762	3378.3428864921857
591463221.2273525	187163710375.6783	-36125759395.91663	961434805.1662792	8314.521998514907	25134.848264679327	115.41409152544506	3378.0030921667785
591520821.2273525	187636743931.73553	-34676908303.35975	968089246.0622294	8110.299795425012	25172.184563240655	115.64278641475744	3377.645956827457
591578421.2273525	188098022297.04074	-33225957815.16889	974756843.6767241	7906.358052241685	25207.74582039626	115.87093531416957	3377.271385833594
591636021.2273525	188547562038.5827	-31773009849.086754	981437568.8686365	7702.711055361279	25241.543322510253	116.09861857490668	3376.879310670682
591693621.2273525	188985380539.95142	-30318165670.36357	988131397.1623818	7499.372872674985	25273.58843864892	116.32591784316966	3376.4696847683763
591751221.2273525	189411495988.7661	-28861525887.089504	994838308.8224101	7296.357354057139	25303.892617252404	116.55291605672426	3376.042480137012
591808821.2273525	189825927364.13245	-27403190445.71777	1001558288.9274975	7093.678131895456	25332.467382838684	116.7796974412718	3375.597684643907
591866421.2273525	190228694424.13168	-25943258626.776714	1008291327.444821	6891.348621662325	25359.324332740212	117.00634750660073	3375.1352997926806
591924021.2273525	190619817693.3437	-24481829040.768883	1015037419.3038062	6689.382022526307	25384.47513387353	117.23295304251835	3374.655338900452
591981621.2273525	190999318450.4064	-23018999624.255215	1021796564.4697336	6487.791318003009	25407.931519542122	117.45960211456155	3374.1578255917266
592039221.2273525	191367218715.61392	-21554867636.122437	1028568768.0170921	6286.589276644474	25429.705286272852	117.68638405948636	3373.6427925458897
592096821.2273525	191723541238.55533	-20089529654.031693	1035354040.2026656	6085.788452766252	25449.8082906862	117.91338948053514	3373.110280449039
592154421.2273525	192068309485.79657	-18623081571.04646	1042152396.5383412	5885.401187211318	25468.25244640057	118.14071024248092	3372.5603371114335
592212021.2273525	192401547628.6072	-17155618592.43782	1048963857.8636252	5685.439608150008	25485.049720970906	118.36843946644811	3371.993016719953
592269621.2273525	192723280530.73444	-15687235232.665043	1055788450.4178547	5485.915631915136	25500.212132861823	118.596671524509	3371.408379201227
592327221.2273525	193033533736.22604	-14218025312.529533	1062626205.9120907	5286.840963871482	25513.751748455452	118.82550203405532	3370.806489675965
592384821.2273525	193332333457.3046	-12748081956.500118	1069477161.6006812	5088.227099318827	25525.680679094217	119.05502785194416	3370.187417988844
592442421.2273525	193619706562.29437	-11277497590.20766	1076341360.3524804	4890.085324427723	25536.011078158666	119.28534706841783	3369.5512383012788
592500021.2273525	193895680563.60336	-9806363938.10698	1083218850.7217114	4692.4267172071995	25544.75513818056	119.5165590007969	3368.898028736798
592557621.2273525	194160283605.7617	-8334772021.304026	1090109687.0184581	4495.26214850359	25551.92508799133	119.7487641869458	3368.227871070608
592615221.2273525	194413544453.51855	-6862812155.546306	1097013929.3787756	4298.602283029701	25557.53318990604	119.98206437851064	3367.540850456441
592672821.2273525	194655492479.99936	-5390573949.374462	1103931643.8344035	4102.457580423526	25561.591736942974	120.2165625339284	3366.8370551849944
592730421.2273525	194886157654.9245	-3918146302.432991	1110862902.38207	3906.8382963357217	25564.11305007894	120.45236281120728	3366.1165764692364
592788021.2273525	195105570532.89172	-2445617403.938018	1117807783.0523741	3711.7544835450676	25565.10947554038	120.68957056047742	3365.3795082526503
592845621.2273525	195313762241.72348	-973074731.300075	1124766369.978232	3517.215993101152	25564.59338213035	120.92829231631171	3364.62594703713
592903221.2273525	195510764470.8809	499394951.10019207	1131738753.4628732	3323.2324754935053	25562.57715859145	121.16863578981611	3363.8559917277703
592960821.2273525	195696609459.9457	1971705592.9854574	1138725030.047377	3129.813381846435	25559.07321100472	121.410709860489	3363.0697434922286
593018421.2273525	195871329987.17203	3443771859.1063614	1145725302.577731	2936.9679651388105	25554.093960224563	121.65462456784935	3362.2673056326944
593076021.2273525	196034959358.10867	4915509130.019448	1152739680.2714012	2744.7052814480558	25547.651839349695	121.90049110283294	3361.448783468796
593133621.2273525	196187531394.29413	6386833502.720465	1159768278.7834015	2553.034191217615	25539.75929123016	122.14842179895658	3360.614284230027
593191221.2273525	196329080422.02512	7857661791.135105	1166811220.271845	2361.9633605471668	25530.428766010362	122.39853012324973	3359.763916956474
593248821.2273525	196459641261.2	9327911526.469273	1173868633.462969	2171.501262504864	25519.67271870816	122.65093066695327	3358.8977924068145
593306421.2273525	196579249214.2386	10797500957.420925	1180940653.7156146	1981.6561784608884	25507.50360682993	122.9057391359851	3358.0160229726766
593364021.2273525	196687940055.07904	12266349050.255602	1188027423.0851526	1792.4361994416208	25493.93388802164	123.16307234117215	3357.1187225986014
593421621.2273525	196785750018.25378	13734375488.747667	1195129090.3868396	1603.8492275037224	25478.97601775579	123.42304818824861	3356.206006706934
593479221.2273525	196872715788.0447	15201500673.98937	1202245811.258591	1415.9029771274463	25462.64244705428	123.68578566762008	3355.2779921270667
593536821.2273525	196948874487.71942	16667645724.069763	1209377748.2231565	1228.6049766284964	25444.94562024702	123.95140484389334	3354.3347970285276
593594421.2273525	197014263668.84924	18132732473.62555	1216525070.7496886	1041.9625695877621	25425.897972766288	124.2200268451716	3353.3765408574823
593652021.2273525	197068921300.71008	19596683473.26592	1223687955.314685	855.9829162982658	25405.5119289767	124.49177385211486	3352.40334427626
593709621.2273525	197112885759.76715	21059421988.873398	1230866585.4622955	670.6729952286671	25383.799900040733	124.76676908676535	3351.4153291055704
593767221.2273525	197146195819.24432	22520872000.78279	1238061151.8639777	486.0396045026796	25360.774281819664	125.04513680113779	3350.4126182691134
593824821.2273525	197168890638.77936	23980958202.840218	1245271852.3774898	302.08936339375776	25336.447452809814	125.32700226557432	3349.39533574033
593882421.2273525	197181009754.16544	25439606001.34431	1252498892.1052053	118.82871383442807	25310.831772113997	125.61249175686399	3348.3636064910565
593940021.2273525	197182593067.18018	26896741513.87156	1259742483.4517357	-63.73607806035807	25283.939577448004	125.90173254612665	3347.317556441883
593997621.2273525	197173680835.5027	28352291567.98785	1267002846.18085	-245.59892045646362	25255.783183182015	126.1948528864612	3346.257312414042
594055221.2273525	197154313662.71964	29806183699.848183	1274280207.4716752	-426.75389425099877	25226.37487841678	126.49198200035813	3345.183002082663
594112821.2273525	197124532488.4208	31258346152.68657	1281574801.974165	-607.195251510544	25195.72692509439	126.79325006687618	3344.0947539312483
594170421.2273525	197084378578.385	32708707875.19813	1288886871.8638232	-786.9174138977498	25163.851556143516	127.09878820858333	3342.9926972072594
594228021.2273525	197033893514.85687	34157198519.815315	1296216666.8956683	-965.9149710868894	25130.7609736589	127.40872847826179	3341.8769618786823
594285621.2273525	196973119186.91534	35603748440.88025	1303564444.4574246	-1144.1826791689352	25096.467347114954	127.72320384537733	3340.7476785914864
594343221.2273525	196902097780.93423	37048288692.71519	1310930469.621929	-1321.7154590467171	25060.982811613274	128.04234818231265	3339.60497862788
594400821.2273525	196820871771.13547	38490751027.592964	1318315015.198735	-1498.5083948207157	25024.319466163844	128.3662962503652	3338.4489938652855
594458421.2273525	196729483910.23563	39931067893.60943	1325718361.7849076	-1674.5567321660294	24986.489371999796	128.69518368550914	3337.279856735959
594516021.2273525	196627977220.1862	41369172432.45975	1333140797.8149872	-1849.8558767010543	24947.504550925456	129.02914698392192	3336.0977001871934
594573621.2273525	196516394983.00797	42804998477.120544	1340582619.6101155	-2024.4013923483956	24907.376983697504	129.36832348727518	3334.902657642039
594631221.2273525	196394780731.72015	44238480549.43972	1348044131.4263067	-2198.1889996885307	24866.118608439036	129.71285136779056	3333.694862960499
594688821.2273525	196263178241.36444	45669553857.63585	1355525645.501851	-2371.2145743067285	24823.741319086257	130.06286961306014	3332.4744504011455
594746421.2273525	196121631520.12445	47098154293.709076	1363027482.1038375	-2543.474145133723	24780.256963867658	130.41851801063197	3331.241554583111
594804021.2273525	195970184800.54105	48524218430.76532	1370549969.5737813	-2714.963892780633	24735.677343815358	130.77993713236086	3329.9963104484214
594861621.2273525	195808882530.82352	49947683520.25566	1378093444.3723438	-2885.6801478686048	24690.014211308444	131.1472683185245	3328.738853224633
594919221.2273525	195637769366.25732	51368487489.13273	1385658251.1231308	-3055.61938935365	24643.279268648028	131.52065366170535	3327.4693183877407
594976821.2273525	195456890160.70828	52786568936.925934	1393244742.6555555	-3224.7782428471473	24595.48416666379	131.9002359904383	3326.1878416253244
595034421.2273525	195266289958.2237	54201867132.73733	1400853280.0467525	-3393.1534789324505	24546.640503351755	132.28615885262465	3324.894558799915
595092021.2273525	195066013984.7306	55614322012.15991	1408484232.6625302	-3560.742011478062	24496.75982254303	132.67856649871274	3323.589605912546
595149621.2273525	194856107639.83112	57023874174.12011	1416137978.1973472	-3727.5408959477963	24445.853612603285	133.07760386464514	3322.273119066475
595207221.2273525	194636616488.6953	58430464877.646255	1423814902.7133007	-3893.5473277083693	24393.93330516267	133.4834165545732	3320.9452344310494
595264821.2273525	194407586254.05164	59834036038.564766	1431515400.6781116	-4058.7586403348305	24341.010273875938	133.89615082333918	3319.6060882057022
595322421.2273525	194169062808.27484	61234530226.12578	1439239875.0020936	-4223.172303914249	24287.095833212472	134.31595355872625	3318.2558165840555
595380021.2273525	193921092165.57193	62631890659.55991	1446988737.074095	-4386.785923348053	24232.20123727598	134.74297226347693	3316.8945557181187
595437621.2273525	193663720474.26566	64026061204.56795	1454762406.7963963	-4549.597236653423	24176.33767865354	135.1773550370803	3315.5224416825654
595495221.2273525	193396994009.17606	65416986369.74501	1462561312.6185522	-4711.604113264117	24119.51628729378	135.6192505573284	3314.139610439075
595552821.2273525	193120959164.09973	66804611302.94096	1470385891.5701666	-4872.804552331108	24061.748129413823	136.06880806164253	3312.746197800727
595610421.2273525	192835662444.38718	68188881787.558716	1478236589.2925823	-5033.196681023409	24003.04420643481	136.52617732816955	3311.342339396433
595668021.2273525	192541150459.61774	69569744238.79195	1486113860.0694778	-5192.778752829427	23943.415453945632	136.9915086566492	3309.9281706354045
595725621.2273525	192237469916.37262	70947145699.80405	1494018166.8563547	-5351.549145859222	23882.87274069465	137.46495284905245	3308.5038266716306
595783221.2273525	191924667611.10547	72321033837.84969	1501949981.3089025	-5509.506361147999	23821.42686760906	137.94666118999197	3307.069442368372
595840821.2273525	191602790423.11075	73691356940.34076	1509909783.8102295	-5666.649020961172	23759.08856684167	138.4367854269048	3305.6251522626535
595898421.2273525	191271885307.5897	75058063910.85815	1517898063.4969451	-5822.975867101332	23695.868500844714	138.9354777500083	3304.171090529746
595956021.2273525	190931999288.81357	76421104265.111	1525915318.2840815	-5978.485759217437	23631.777261470488	139.44289077202953	3302.707390947636
596013621.2273525	190583179453.38443	77780428126.84479	1533962054.8888404	-6133.177673116528	23566.825369098482	139.9591775077093	3301.2341868614717
596071221.2273525	190225472943.59293	79135986223.70013	1542038788.8531544	-6287.050699078298	23501.023271788687	140.48449135308095	3299.7516111479745
596128821.2273525	189858926950.8732	80487729883.0233	1550146044.5650465	-6440.104040172773	23434.381344460824	141.0189860645249	3298.25979617982
596186421.2273525	189483588709.3545	81835611027.63036	1558284355.2787778	-6592.337010581439	23366.90988809915	141.56281573759978	3296.758873789973
596244021.2273525	189099505489.5094	83179582171.52617	1566454263.1337688	-6743.749033922053	23298.61912898258	142.11613478565044	3295.2489752359743
596301621.2273525	188706724591.89847	84519596415.57985	1574656319.1722827	-6894.339641577441	23229.519217939793	142.67909791819423	3293.7302311641733
596359221.2273525	188305293341.011	85855607443.1579	1582891083.3558574	-7044.108471028541	23159.62022962904	143.25186011908565	3292.2027715739036
596416821.2273525	187895259079.20166	87187569515.71669	1591159124.5804725	-7193.055264191939	23088.93216184236	143.83457662446077	3290.6667257815943
596474421.2273525	187476669160.72278	88515437468.35548	1599461020.6904411	-7341.1798657621675	23017.464934833857	144.42740290046183	3289.1222223848113
596532021.2273525	187049570945.85196	89839166705.33147	1607797358.491011	-7488.482221558993	22945.2283906718	145.03049462074316	3287.5693892262298
596589621.2273525	186614011795.11475	91158713195.5382	1616168733.7596636	-7634.962376879945	22872.232292614186	145.644007643759	3286.008353357528
596647221.2273525	186170039063.60196	92474033467.94862	1624575751.2561007	-7780.620474858301	22798.486324507507	146.26809798983453	3284.4392410032037
596704821.2273525	185717700095.3816	93785084607.02432	1633019024.7309008	-7925.45675482677	22724.000090208385	146.90292181802042	3282.8621775243046
596762421.2273525	185257042218.00467	95091824248.09187	1641499176.9328394	-8069.47155068706	22648.7831130278	147.54863540273246	3281.277287382077
596820021.2273525	184788112737.1049	96394210572.688	1650016839.6148555	-8212.665289285578	22572.844835197586	148.2053951101769	3279.6846941015206
596877621.2273525	184310958931.09164	97692202303.87459	1658572653.5386548	-8355.03848879543	22496.19461735892	148.87335737456252	3278.0845202348582
596935221.2273525	183825628045.93604	98985758701.52481	1667167268.477936	-8496.591757104934	22418.84173807248	149.55267867410026	3276.4768873249063
596992821.2273525	183332167290.04953	100274839557.58176	1675801343.22023	-8637.325790212835	22340.79539334997	150.24351550679205	3274.8619158683528
597050421.2273525	182830623829.25482	101559405191.29056	1684475545.5673368	-8777.241370630398	22262.064696206766	150.94602436600906	3273.239725278938
597108021.2273525	182321044781.84866	102839416444.40547	1693190552.3343503	-8916.339365790554	22182.658676235285	151.66036171586103	3271.6104338505343
597165621.2273525	181803477213.75586	104114834676.37291	1701947049.347259	-9054.62072646429	22102.586279198895	152.3866839663575	3269.974158720131
597223221.2273525	181277968133.7746	105385621759.49164	1710745731.4391093	-9192.086485184405	22021.856366645967	153.1251474483623	3268.3310158307145
597280821.2273525	180744564488.91208	106651740074.0514	1719587302.4447205	-9328.737754676837	21940.477715543857	153.87590838834197	3266.6811198940477
597338421.2273525	180203313159.81036	107913152503.45097	1728472475.193939	-9464.575726299674	21858.459017932462	154.63912288290985	3265.0245843533517
597396021.2273525	179654260956.26205	109169822429.29681	1737401971.503421	-9599.60166849002	21775.80888059711	155.41494687316657	3263.3615213458834
597453621.2273525	179097454612.81494	110421713726.48343	1746376522.1669314	-9733.816925218842	21692.535824760427	156.20353611883843	3261.6920416654143
597511221.2273525	178532940784.46564	111668790758.25659	1755396866.9441466	-9867.22291445393	21608.648285792984	157.00504617221455	3260.01625472461
597568821.2273525	177960766042.44144	112911018371.2603	1764463754.5479507	-9999.821126631117	21524.15461294234	157.8196323518845	3258.3342685173106
597626421.2273525	177380976870.06995	114148361890.56877	1773577942.6302137	-10131.613123133853	21439.06306908026	158.64744971627726	3256.6461895807165
597684021.2273525	176793619658.73608	115380787114.70433	1782740197.7660391	-10262.60053478127	21353.381830467795	159.48865303700302	3254.9521229574793
597741621.2273525	176198740703.92596	116608260310.6423	1791951295.4364705	-10392.785060324852	21267.11898653795	160.34339677199898	3253.252172157701
597799221.2273525	175596386201.35703	117830748208.80385	1801212020.0096464	-10522.168464953795	21180.282539695665	161.21183503848076	3251.5464391208457
597856821.2273525	174986602243.1941	119048217998.03783	1810523164.7203908	-10650.752578809183	21092.880405134812	162.09412158570038	3249.835024177567
597914421.2273525	174369434814.35077	120260637320.59254	1819885531.6482294	-10778.539295507053	21004.920410671944	162.99040976751255	3248.1180260114534
597972021.2273525	173744929788.8755	121467974267.07845	1829299931.6938195	-10905.530570670462	20916.410296596525	163.90085251475034	3246.3955416206986
598029621.2273525	173113132926.42203	122670197371.42262	1838767184.5537848	-11031.72842047062	20827.35771553735	164.825602307412	3244.6676662797026
598087221.2273525	172474089868.80377	123867275605.8161	1848288118.693941	-11157.134920177179	20737.770232344912	165.76481114665992	3242.9344935006056
598144821.2273525	171827846136.6311	125059178375.65479	1857863571.3209045	-11281.75220271777	20647.655323989417	166.71863052663383	3241.196114994766
598202421.2273525	171174447126.0316	126245875514.475	1867494388.352071	-11405.582457246817	20557.020379474205	167.68721140607886	3239.452620634185
598260021.2273525	170513938105.45233	127427337278.88449	1877181424.3839562	-11528.627927723755	20465.8726997643	168.6707041797909	3237.7040984128903
598317621.2273525	169846364212.5439	128603534343.48965	1886925542.6588845	-11650.890911500646	20374.219497729813	169.66925864988002	3235.950634408282
598375221.2273525	169171770451.12543	129774437795.82005	1896727615.0300193	-11772.373757919308	20282.067898104004	170.68302399685393	3234.1923127424566
598432821.2273525	168490201688.22998	130940019131.25084	1906588521.9247212	-11893.078866917971	20189.424937455635	171.71214875052294	3232.4292155435114
598490421.2273525	167801702651.23035	132100250247.92403	1916509152.3062258	-12013.008687647542	20096.297564175475	172.7567807607279	3230.6614229068464
598548021.2273525	167106317925.04385	133255103441.6694	1926490403.6336296	-12132.165717097485	20002.692638476627	173.81706716789293	3228.8890128564717
598605621.2273525	166404091949.4163	134404551400.9258	1936533181.8201761	-12250.552498731398	19908.616932408462	174.89315437340434	3227.1120613063363
598663221.2273525	165695069016.284	135548567201.66359	1946638401.18983	-12368.171621132284	19814.077129883895	175.98518800981768	3225.330642021685
598720821.2273525	164979293267.21384	136687124302.30917	1956806984.43213	-12485.02571665758	19719.07982671979	177.0933129108942	3223.5448265804657
598778421.2273525	164256808690.92017	137820196538.67206	1967039862.5553114	-12601.117460103953	19623.631530690207	178.21767308146892	3221.7546843347973
598836021.2273525	163527659120.85873	138947758118.87546	1977337974.837688	-12716.449567381898	19527.738661592295	179.35841166715142	3219.9602823725145
598893621.2273525	162791888232.89627	140069783618.29102	1987702268.7772844	-12831.024794200157	19431.40755132457	180.51567092386173	3218.161685478809
598951221.2273525	162049539543.05594	141186247974.4784	1998133700.0397084	-12944.845934759967	19334.644443977344	181.68959218720266	3216.358956097982
599008821.2273525	161300656405.3374	142297126482.13043	2008633232.404255	-13057.915820459168	19237.455495935108	182.88031584167024	3214.552154295332
599066421.2273525	160545282009.61145	143402394788.02444	2019201837.7082314	-13170.237318606167	19139.84677599058	184.08798128970457	3212.7413377191897
599124021.2273525	159783459379.58832	144502028885.98062	2029840495.7894967	-13281.813331143772	19041.82426547025	185.3127269205825	3210.9265615631316
599181621.2273525	159015231370.8593	145596005111.8277	2040550194.4272025	-13392.646793382899	18943.393858371193	186.55469007915397	3209.1078785283876
599239221.2273525	158240640669.011	146684300138.37717	2051331929.2807312	-13502.740672746151	18844.561361508877	187.8140070344242	3207.2853387864684
599296821.2273525	157459729787.81146	147766890970.40598	2062186703.826818	-13612.097967521266	18745.332494675826	189.09081294798327	3205.458989942036
599354421.2273525	156672541067.46832	148843754939.64893	2073115529.2948513	-13720.721705624428	18645.712890810868	190.3852418422851	3203.6288769960465
599412021.2273525	155879116672.9573	149914869699.801	2084119424.600341	-13828.614943373444	18545.70809617879	191.69742656877784	3201.7950423091884
599469621.2273525	155079498592.4215	150980213221.53033	2095199416.2765477	-13935.78076427075	18445.323570560176	193.02749877588755	3199.9575255656473
599527221.2273525	154273728635.64038	152039763787.50247	2106356538.4042623	-14042.222277796258	18344.564687451228	194.37558887685705	3198.1163637372238
599584821.2273525	153461848432.56793	153093499987.41635	2117591832.5397308	-14147.942618210012	18243.436734273368	195.74182601744212	3196.2715910478387
599642421.2273525	152643899431.93967	154141400713.05267	2128906347.6407125	-14252.944943364639	18141.944912592422	197.12633804346677	3194.4232389384542
599700021.2273525	151819922899.94757	155183445153.3351	2140301139.9906664	-14357.23243352756	18040.094338347208	198.52925146823998	3192.5713360324444
599757621.2273525	150989959918.98276	156219612789.40512	2151777273.121057	-14460.808290212974	17937.890042087296	199.95069143983554	3190.715908101453
599815221.2273525	150154051386.44504	157249883389.71042	2163335817.7317705	-14563.67573502352	17835.336969219796	201.39078170823734	3188.8569780317666
599872821.2273525	149312238013.61893	158274237005.10822	2174977851.609636	-14665.838008501667	17732.439980264953	202.84964459235218	3186.9945657912485
599930421.2273525	148464560324.61563	159292653963.9833	2186704459.5450416	-14767.29836899073	17629.20385112038	204.32740094689194	3185.128688396864
599988021.2273525	147611058655.38022	160305114867.38153	2198516733.2466416	-14868.060091505533	17525.63327333376	205.82417012912765	3183.259359882839
600045621.2273525	146751773152.76364	161311600584.15933	2210415771.2541413	-14968.126466612632	17421.732854383816	207.34006996551713	3181.38659126949
600103221.2273525	145886743773.65906	162312092246.14966	2222402678.8491592	-15067.500799320109	17317.50711796939	208.87521671820883	3179.510390532772
600160821.2273525	145016010284.20163	163306571243.3448	2234478567.9641542	-15166.186407976855	17212.96050430647	210.42972505142365	3177.6307625745753
600218421.2273525	144139612259.03162	164295019219.0964	2246644557.0894156	-15264.186623181324	17108.097370432944	212.0037079977172	3175.747709193829
600276021.2273525	143257589080.62006	165277418065.33353	2258901771.178103	-15361.504786699708	17002.92199052102	213.59727692412463	3173.8612290584388
600333621.2273525	142369979938.65634	166253749917.7986	2271251341.549336	-15458.144250393481	16897.43855619702	215.21054149819017	3171.971317678119
600391221.2273525	141476823829.49744	167223997151.30234	2283694405.7893205	-15554.108375156267	16791.65117686851	216.84360965388393	3170.077967378152
600448821.2273525	140578159555.67804	168188142374.9973	2296232107.6505127	-15649.400529859984	16685.563880058522	218.49658755740788	3168.1811672741314
600506421.2273525	139674025725.48114	169146168427.67142	2308865596.9488072	-15744.024090310217	16579.18061174676	220.16957957289344	3166.2809032477253
600564021.2273525	138764460752.5685	170098058373.06085	2321596029.458747	-15837.982438210749	16472.505236717636	221.8626882279932	3164.377157923519
600621621.2273525	137849502855.6706	171043795495.1834	2334424566.8067493	-15931.278960137222	16365.541538914975	223.5760141793688	3162.469910646974
600679221.2273525	136929190058.33514	171983363293.69257	2347352376.3623405	-16023.917046519851	16258.293221803257	225.30965617807735	3160.5591374635596
600736821.2273525	136003560188.73439	172916745479.2523	2360380631.1273932	-16115.90009063514	16150.76390873526	227.06371103485912	3158.6448110991
600794421.2273525	135072650879.52986	173843925968.93347	2373510509.623362	-16207.23148760654	16042.957143325946	228.83827358532835	3156.726900941389
600852021.2273525	134136499567.79457	174764888881.63184	2386743195.7765126	-16297.914633414	15934.876389832483	230.63343665507	3154.8053730231195
600909621.2273525	133195143494.99199	175679618533.5081	2400079878.8011355	-16387.952923912337	15826.52503354025	232.44929102464465	3152.8801900061767
600967221.2273525	132248619707.01134	176588099433.45038	2413521753.080743	-16477.349753858358	15717.90638115471	234.28592539450418	3150.951311167343
601024821.2273525	131296965054.25862	177490316278.5595	2427070018.0472417	-16566.108515946697	15609.02366119901	236.14342634982037	3149.0186923854626
601082421.2273525	130340216191.80298	178386253949.65723	2440725878.0580792	-16654.232599854266	15499.880024417218	238.02187832522935	3147.0822861301103
601140021.2273525	129378409579.57784	179275897506.8179	2454490542.271354	-16741.72539129329	15390.478544183035	239.92136356949385	3145.1420414518198
601197621.2273525	128411581482.63629	180159232184.9239	2468365224.5188913	-16828.590271072837	15280.822216913903	241.84196211008634	3143.1979039739044
601255221.2273525	127439767971.4604	181036243389.24487	2482351143.1772723	-16914.83061416878	15170.913962490366	243.7837517176951	3141.249815885927
601312821.2273525	126463004922.32376	181906916691.04163	2496449521.036823	-17000.449788802125	15060.756624680602	245.74680787065614	3139.2977159388533
601370421.2273525	125481328017.70691	182771237823.19418	2510661585.1685443	-17085.451155525654	14950.352971569997	247.73120371931316	3137.3415394419376
601428021.2273525	124494772746.76512	183629192675.85507	2524988566.788996	-17169.83806631877	14839.705695995664	249.73701005030853	3135.3812182613774
601485621.2273525	123503374405.84814	184480767292.12762	2539431701.123115	-17253.61386369052	14728.817415985812	251.7642952508077	3133.416680820778
601543221.2273525	122507168099.07127	185325947863.7697	2553992227.2649727	-17336.781879790706	14617.69067520385	253.81312527265945	3131.447852103462
601600821.2273525	121506188738.93752	186164720726.9233	2568671388.03647	-17419.345435529005	14506.327943397157	255.8835635964951	3129.4746536566618
601658421.2273525	120500471047.01013	186997072357.86993	2583470429.843957	-17501.307839702036	14394.731616850391	257.97567119576877	3127.4970035976253
601716021.2273525	119490049554.63535	187822989368.81232	2598390602.532784	-17582.67238812831	14282.90401884328	260.0895065007419	3125.514816621666
601773621.2273525	118474958603.7146	188642458503.68265	2613433159.2397757	-17663.442362790982	14170.84740011278	262.22512536241425	3123.5280040121847
601831221.2273525	117455232347.52599	189455466633.97754	2628599356.243624	-17743.621030988306	14058.563939319549	264.38258101640434	3121.5364736526917
601888821.2273525	116430904751.59435	190262000754.6199	2643890452.8132024	-17823.211644491796	13946.055743518611	266.56192404678205	3119.540130040844
601946421.2273525	115402009594.6097	191062047979.84824	2659307711.053792	-17902.217438711912	13833.324848634176	268.76320234985593	3117.538874304525
602004021.2273525	114368580469.39346	191855595539.13312	2674852395.751225	-17980.641631871313	13720.373219938514	270.98646109791804	3115.5326042199767
602061621.2273525	113330650783.91216	192642630773.12164	2690525774.2139344	-18058.487424185496	13607.202752534813	273.23174270294936	3113.5212142319992
602119221.2273525	112288253762.33798	193423141129.60965	2706329116.112914	-18135.757997050834	13493.81527184396	275.4990867802881	3111.5045954762277
602176821.2273525	111241422446.15602	194197114159.54214	2722263693.3195863	-18212.456512239896	13380.212534095168	277.7885301122639	3109.48263580349
602234421.2273525	110190189695.31758	194964537513.04205	2738330779.7415705	-18288.586111103963	13266.396226820394	280.10010661180087	3107.4552198062474
602292021.2273525	109134588189.43925	195725398935.46762	2754531651.156358	-18364.149913782716	13152.367969352474	282.4338472859921	3105.422228847117
602349621.2273525	108074650429.0473	196479686263.49857	2770867585.042886	-18439.15101842097	13038.129313326923	284.7897801996485	3103.383541089469
602407221.2273525	107010408736.86694	197227387421.25125	2787339860.411011	-18513.592500392417	12923.681743187346	287.1679304388249	3101.3390315300912
602464821.2273525	105941895259.15616	197968490416.42307	2803949757.6288843	-18587.477411530293	12809.026676694399	289.56832007432644	3099.288572033901
602522421.2273525	104869141967.0836	198702983336.46625	2820698558.2482176	-18660.80877936489	12694.165465438247	291.99096812519747	3097.232031370693
602580021.2273525	103792180658.15028	199430854344.79126	2837587544.8274536	-18733.589606367834	12579.09939535449	294.43589052219687	3095.169275253898
602637621.2273525	102711042957.65453	200152091677.00006	2854618000.7528276	-18805.8228692031	12463.82968724347	296.9031000712618	3093.1001663813217
602695221.2273525	101625760320.19989	200866683637.1494	2871791210.057324	-18877.51151798464	12348.35749729297	299.3926064169633	3091.0245644778433
602752821.2273525	100536364031.24568	201574618594.0442	2889108457.2375307	-18948.65847554056	12232.68391760421	301.9044160059565	3088.942326340028
602810421.2273525	99442885208.69968	202275884977.56134	2906571027.068385	-19019.266636683824	12116.809976721144	304.4385320504285	3086.8533058826224
602868021.2273525	98345354804.55261	202970471275.00427	2924180204.4158173	-19089.33886748935	12000.736640162984	306.9949544915468	3084.757354186886
602925621.2273525	97243803606.5542	203658366027.488	2941937274.047286	-19158.878004577477	11884.464810959957	309.5736799629114	3082.654319550714
602983221.2273525	96138262239.93015	204339557826.3554	2959843520.44021	-19227.88685440369	11767.995330192229	312.1747017540132	3080.5440475405
603040821.2273525	95028761169.13998	205014035309.62433	2977900227.588295	-19296.368192554582	11651.328977531988	314.7980097737022	3078.4263810446846
603098421.2273525	93915330699.67526	205681787158.4663	2996108678.805759	-19364.324763049957	11534.466471788654	317.4435905136682	3076.3011603289315
603156021.2273525	92798000979.89772	206342802093.71658	3014470156.52945	-19431.75927765099	11417.408471457184	320.1114270119372	3074.1682230928695
603213621.2273525	91676802002.91719	206997068872.41592	3032985942.1188655	-19498.674415174417	11300.155575269462	322.8014988163865	3072.0274045283372
603271221.2273525	90551763608.50877	207644576284.38412	3051657315.654069	-19565.07282081268	11182.708322748753	325.5137819482813	3069.878537379062
603328821.2273525	89422915485.06906	208285313148.8257	3070485555.7315083	-19630.95710545992	11065.067194767193	328.2482488658363	3067.7214520016996
603386421.2273525	88290287171.61098	208919268310.9677	3089471939.257734	-19696.329845043816	10947.232614106311	331.00486842780515	3065.5559764281666
603444021.2273525	87153908059.79697	209546430638.72992	3108617741.241023	-19761.193579863157	10829.204946020569	333.7836058571011	3063.3819364291835
603501621.2273525	86013807396.01016	210166789019.42758	3127924234.580909	-19825.550813931106	10710.984498803904	336.5844227044514	3061.199155578954
603559221.2273525	84870014283.46318	210780332356.50684	3147392689.8556147	-19889.404014324107	10592.57152435927	339.407276812089	3059.0074553209
603616821.2273525	83722557684.34433	211387049566.31317	3167024375.107403	-19952.755610536347	10473.966218771167	342.25212227748483	3056.8066550343683
603674421.2273525	82571466422.00081	211986929574.8927	3186820555.62583	-20015.607993839716	10355.168722881168	345.11890941712346	3054.596572102225
603732021.2273525	81416769183.15857	212579961314.82697	3206782493.7289224	-20077.963516649244	10236.179122866411	348.00758473032533	3052.3770219792555
603789621.2273525	80258494520.17868	213166133722.1009	3226911448.542265	-20139.82449189391	10116.997450821105	350.9180908631189	3050.1478182612823
603847221.2273525	79096670853.34967	213745435733.00443	3247208675.7760134	-20201.193192392777	9997.623685341	353.8503665721658	3047.9087727549113
603904821.2273525	77931326473.2157	214317856281.06802	3267675427.4998293	-20262.07185023645	9878.057752110855	356.8043466887422	3045.6596955478235
603962421.2273525	76762489542.94025	214883384294.0319	3288312951.9157405	-20322.46265617371	9758.299524494923	359.7799620827795	3043.4003950795222
604020021.2273525	75590188100.70491	215442008690.84943	3309122493.1289353	-20382.36775900335	9638.348824130417	362.77713962696765	3041.1306782124484
604077621.2273525	74414450062.14311	215993718378.72488	3330105290.916488	-20441.789264971143	9518.20542152401	365.7958021609244	3038.850350303377
604135221.2273525	73235303222.80841	216538502250.18555	3351262580.4940243	-20500.729237171847	9397.869036651362	368.83586845543346	3036.559215275008
604192821.2273525	72052775260.6771	217076349180.18842	3372595592.280327	-20559.189694956272	9277.33933955969	371.89725317675504	3034.2570756876653
604250421.2273525	70866893738.6848	217607248023.26187	3394105551.6598907	-20617.172613343304	9156.615950973403	374.979866851012	3031.9437328110216
604308021.2273525	69677686107.29684	218131187610.68204	3415793678.7434263	-20674.679922436855	9035.698442902802	378.0836158286547	3029.61898669576
604365621.2273525	68485179707.11199	218648156747.6846	3437661188.1263194	-20731.713506847715	8914.586339255895	381.2084022490079	3027.282636245098
604423221.2273525	67289401771.499405	219158144210.71176	3459709288.6450515	-20788.275205120233	8793.279116453325	384.35412400490344	3024.9344792860848
604480821.2273525	66090379429.268456	219661138744.6947	3481939183.1315856	-20844.366809163803	8671.77620404643	387.52067470740076	3022.5743126406046
604538421.2273525	64888139707.371155	220157129060.37183	3504352068.1657214	-20899.990063689114	8550.076985338488	390.7079436506002	3020.201932195999
604596021.2273525	63682709533.63694	220646103831.64288	3526949133.8254285	-20955.14666564912	8428.180798009147	393.91581577655126	3017.817132975239
604653621.2273525	62474115739.5395	221128051692.959	3549731563.435159	-21009.838263684695	8306.086934742076	397.1441716402591	3015.4197092065824
604711221.2273525	61262385062.995384	221602961236.74924	3572700533.3121495	-21064.06645757493	8183.794643855869	400.3928873747936	3013.0094543926325
604768821.2273525	60047544151.1942	222070821010.88318	3595857212.510713	-21117.832797692063	8061.30312993824	403.66183465650295	3010.586161378748
604826421.2273525	58829619563.46	222531619516.1706	3619202762.5645356	-21171.13878446098	7938.611554483526	406.9508806703363	3008.149622420732
604884021.2273525	57608637774.14372	222985345203.89755	3642738337.226974	-21223.985867823274	7815.719036533543	410.2598880752782	3005.6996292517438
604941621.2273525	56384625175.54636	223431986473.3998	3666465082.209367	-21276.375446705817	7692.624653321836	413.58871496989826	3003.235973148374
604999221.2273525	55157608080.872574	223871531669.6732	3690384134.917367	-21328.308868493863	7569.327440921349	416.9372148580194	3000.758444995833
605056821.2273525	53927612727.21462	224303969081.0215	3714496624.185297	-21379.787428508578	7445.826394895555	420.30523661450826	2998.266835352203
605114421.2273525	52694665278.566124	224729286936.74213	3738803670.0085397	-21430.81236948906	7322.120470953098	423.69262445119097	2995.7609345117
605172021.2273525	51458791828.86564	225147473404.8491	3763306383.273968	-21481.38488107876	7198.208585605981	427.09921788289745	2993.2405325669097
605229621.2273525	50220018405.06964	225558516589.83466	3788005865.4884243	-21531.506099316328	7074.089616831334	430.5248516936382	2990.7054194699563
