573319221.2273525	-141584065527.56793	45684190946.168434	-21033367.695290823	-9932.994316409342	-28939.53050481741	0.9006915523863097	4000.0
573319222.2273525	-141584075460.5594	45684162006.636925	-21033366.794598743	-9932.988590230827	-28939.532590224615	0.9006926094953849	3999.9999666960584
573319226.2273525	-141584115192.46793	45684046248.4899	-21033363.191819847	-9932.965685512394	-28939.540931841777	0.9006968379394256	3999.999833480255
573319242.2273525	-141584274119.18597	45683583215.56804	-21033348.780535124	-9932.874066568904	-28939.57429812401	0.9007137518393342	3999.9993006164245
573319306.2273525	-141584909811.39886	45681731078.54225	-21033291.132689975	-9932.507589679426	-28939.707760270365	0.9007814094190085	3999.99716915123
573319562.2273525	-141587452345.70398	45674322445.027534	-21033060.498005517	-9931.041664273473	-28940.24156113457	0.9010520714196082	3999.9886431324744
573320586.2273525	-141597618730.0458	45644686544.73141	-21032137.266178258	-9925.177677157213	-28942.376001022258	0.9021352264025481	3999.9545365295826
573324682.2273525	-141638224213.17438	45526121105.65034	-21028433.234897267	-9901.717165592698	-28950.901541618437	0.9064759625244683	3999.8180696576237
573341066.2273525	-141799684756.026	45051511344.918816	-21013438.51399255	-9807.802415762802	-28984.808082873024	0.9239690537600007	3999.27155388163
573406602.2273525	-142430111721.66455	43147594118.205505	-20950542.036094487	-9430.99978813911	-29117.29686889877	0.9960420799954358	3997.0750605238813
573668746.2273525	-144703176167.33585	35450066783.96033	-20648330.236329865	-7906.758125788241	-29596.60408210431	1.3190908965045214	3988.118856979488
574165276.1607524	-147900029428.33746	20572855591.55815	-19810023.18181736	-4958.534695846312	-30278.30908109242	2.0947631373714866	3970.3815021758237
574585317.398169	-149451099695.16916	7775449353.236519	-18760130.16251355	-2422.2074236029857	-30619.46668828953	2.93339574686604	3954.5640085966215
575019761.1752906	-149929927954.06708	-5562205174.573364	-17263229.331006512	219.10269150764725	-30742.575623978224	3.991033827307264	3937.4181674402544
575376484.6553419	-149465017788.63068	-16520325073.54876	-15661602.419354288	2385.9826634261644	-30668.82596203296	5.012114743609338	3922.7542686121815
575739544.6939386	-148200565153.95184	-27617028510.405663	-13631135.164628634	4575.878202742619	-30433.063639816253	6.198262674915464	3907.3083465122886
576173902.249939	-145650475783.57922	-40737247432.55936	-10595188.596430881	7157.432190335962	-29941.33282462453	7.8174613039463665	3888.176202424483
576699878.6816711	-141081274200.06653	-56264935983.23121	-5903909.169572089	10198.489216568873	-29048.708062298017	10.075375966726696	3864.1369830152266
577131534.8383007	-136157133856.42284	-68602913489.811966	-1110011.1483677067	12600.726996795061	-28082.95603958969	12.172906882459944	3843.777272137383
577572477.7965945	-130079369042.40845	-80730521312.5922	4771386.820694767	14946.635352694395	-26891.098035856656	14.541209854393694	3822.478464145718
578043843.5363986	-122470200510.14804	-93063601054.71194	12270581.584051803	17312.92904987314	-25402.50219130822	17.31959131857358	3799.251629383685
578557296.2702391	-112958837195.521	-105640795857.63872	21999861.214335836	19700.840403752503	-23550.044542345295	20.625143243629676	3773.5462878692733
579124379.33236	-101098435149.53549	-118356500890.27072	34806248.89527966	22081.638045729673	-21255.412214797503	24.59421424473352	3744.8507916511794
579758759.4994875	-86336025002.06697	-130956226128.05907	51912133.16511858	24395.78912340027	-18425.679791100745	29.39505793160243	3712.6312427911193
580479104.174045	-67957376273.48596	-142990644747.1343	75171105.45669746	26544.3998037274	-14946.831484498449	35.24699100820423	3676.2704939411897
581315002.2719369	-44955426492.92446	-153709658839.1817	107622505.01272489	28369.769322649277	-10666.67172616519	42.46239045105105	3634.939829583079
582324831.6400728	-15593947693.508148	-161794058932.81918	155079951.70183674	29605.929583271245	-5332.029722610914	51.58107213659841	3587.1467237164734
583440047.6859813	17631790798.359543	-164464461323.07666	218321611.18867466	29778.448512738887	512.7526360294432	61.836443578205106	3538.2926471027886
584777355.8237867	56761408974.61705	-159304199274.6295	309120797.10309213	28488.38779738023	7098.267991212055	73.85964845568776	3486.823774490826
586254418.3866658	96805495715.61989	-143995724333.20724	427432988.8029916	25492.519430799526	13437.682497123918	86.10295222562286	3440.879282005977
587440155.4699615	125141031434.87544	-125499617163.6619	534766781.17861074	22192.428817444015	17614.37349099989	94.73965947099813	3413.2798259563633
588625264.2084893	149212074027.12482	-102592575551.69339	651548659.6080011	18360.956536201556	20891.638252162487	102.13215096015446	3394.402531290881
589636862.0749296	166018729670.8483	-80352096290.81158	757639710.5626893	14840.997054904972	22970.264410425672	107.47771458575895	3385.170008178734
590314426.3632579	175256540118.6823	-64422473632.2404	831547145.0294731	12422.42563016789	24003.090729170897	110.62760278113898	3382.228585877126
590960346.5145811	182532460192.4115	-48669948131.03546	903904423.0080335	10107.121101842447	24731.815434496824	113.38267462818226	3380.4093694176463
591533283.9340299	187737546380.1653	-34363134701.20045	969531493.6133304	8066.149448085144	25180.029377034098	115.69219987564321	3377.5682518743442
592300832.0215605	192892816808.80768	-14891223178.695732	1059492603.3867579	5377.98976299961	25507.749621248324	118.72058027936974	3371.086219311268
593424530.6301951	196790402090.70685	13808512706.65596	1195488946.3710945	1594.340752741463	25478.18423356855	123.43624218526335	3356.1613219472056
594592396.1479573	196477854096.4862	43272514829.175766	1343013316.5479548	-2081.131102710614	24894.05261755431	129.48001598540768	3334.51218062705
596078325.6597966	190180742615.91168	79302921524.98187	1543037949.3403904	-6305.9718352754	23492.849008526246	140.54992643083446	3299.569909335468
597734830.3817407	176269268520.15247	116463810559.42468	1790864270.5059204	-10377.477055462481	21277.319204756197	160.24201924656933	3253.454689928105
599346821.9838673	156776764134.45526	148702015564.04453	2071672691.934149	-13706.430324732642	18658.878655931	190.21377533672114	3203.8723263341326
600907667.1836067	133227199352.79128	175648682320.137	2399631743.808498	-16384.904568739134	15830.20723137162	232.38801684957716	3152.9473237686843
602237978.5614324	110125189740.41699	195011706172.04352	2739335052.372045	-18293.26334135095	13259.363856635997	280.24439436747286	3107.3315582833493
603340321.9051913	89197162727.13547	208412423683.8042	3074272097.741147	-19644.04397255584	11041.560713330653	328.7976717516688	3067.291464808729
604288414.129487	70082977476.12198	217953615179.47668	3408399554.74415	-20655.150961159685	9076.887685464233	377.02547646576227	3030.4133086232805
605127042.8195583	52424233136.5164	224821534297.8344	3744164738.0730944	-21441.926252066984	7294.9943379871775	424.4381517278203	2995.211562854103
605884353.3183376	35943434571.31036	229724920992.25977	4082934046.680074	-22069.795986279467	5648.306791032117	470.7453664174537	2960.7910138933717
