573319221.2273525	585162266.5060842	148771950837.92908	207055437776.99603	0.0002449500569230677
573319222.2273525	585162118.9989637	148771951404.39798	207055420647.07867	0.00024495008732894986
573319226.2273525	585161528.9739717	148771953670.27536	207055352127.40866	0.0002449502089525367
573319242.2273525	585159168.9328259	148771962733.8172	207055078048.71698	0.00024495069544791954
573319306.2273525	585149729.710702	148771998988.4977	207053981733.77576	0.0002449526414458926
573319562.2273525	585111987.9031774	148772144015.43387	207049596471.20792	0.00024496042570089187
573320586.2273525	584961262.2194159	148772724254.606	207032055376.13052	0.0002449915669289071
573324682.2273525	584362240.478326	148775047314.33563	206961890282.01266	0.00024511619906215194
573341066.2273525	582029290.446738	148784373214.84512	206681218684.09805	0.00024561579628780384
573406602.2273525	573774304.9347078	148822216225.1358	205558365555.22906	0.00024763084770397606
573657065.4508085	561725183.1896678	148974841210.7799	201265356998.68997	0.0002555530510539048
573913572.704827	589319508.5273215	149144414890.768	196867992266.12048	0.00026396254462305213
574194259.1948724	669736724.2718858	149345541757.55624	192058570819.6055	0.0002734060588501307
574445823.223768	781599074.0161424	149539779280.48563	187753309718.17148	0.0002819993442672781
574705353.7925323	928938124.5482134	149754155613.8084	183319802174.21252	0.0002909150358146644
574935777.5652585	1081815407.5992694	149956495854.03568	179392789399.1365	0.0002988160329596215
575152385.2449645	1241229592.4525797	150157076802.78598	175711137230.85965	0.00030618698322696936
575368170.8332418	1412763858.5532382	150366952723.10117	172054757997.27734	0.00031343908526059035
575598881.8160802	1607831849.6404755	150602507946.55185	168159894459.64026	0.00032105485868184295
575835949.2710092	1818537782.6324499	150856628691.98944	164175395358.43805	0.00032869318649897676
576068959.232005	2034024860.4024997	151118378308.14392	160278721174.4528	0.00033597939875122944
576279094.5687568	2234596055.811376	151364650566.15967	156783055561.3375	0.00034233425383465703
576482457.2140772	2433947354.3045416	151612237609.9292	153418258585.19733	0.0003482669737244295
576685636.3375214	2638153100.083994	151868707339.97888	150075796426.49255	0.0003539615157140553
576891745.2692589	2850530031.473356	152138188154.1155	146706273949.72897	0.0003594821015503608
577102853.2357404	3073794076.7128086	152423936957.94473	143278594136.42923	0.00036485123281333975
577320578.3866667	3310526419.471257	152728962228.1513	139770068950.1373	0.0003700680719287902
577546309.1782303	3563132045.373131	153056264008.82147	136162814194.04184	0.00037511456190170454
577781314.529314	3833589833.519074	153408966549.27158	132442053382.5069	0.00037995766724425285
578026810.4434564	4123342345.543177	153790414248.82626	128595197503.4498	0.000384549900195091
578284004.5995902	4433536162.011872	154204252198.2385	124611344247.40804	0.00038882882647985165
578554134.6226964	4765594200.077962	154654511108.8654	120480950176.8578	0.00039271593665757114
578838501.8947943	5121881425.147051	155145698773.62152	116195658927.66338	0.0003961148984787705
579138509.1278168	5506210252.876218	155682912539.40094	111748180232.08255	0.000398909245599085
579455701.4519429	5924358256.574235	156271975467.15405	107132258075.67586	0.0004009593538224801
579791816.1780654	6384720129.9392	156919609634.98596	102342699831.59688	0.0004020985687827536
580148845.7747455	6897551034.698274	157633662039.1573	97375474535.4541	0.0004021282238412404
580529116.3761016	7472516014.396462	158423397185.25998	92227955650.45346	0.00040081117434711676
580935390.4564279	8120032830.44903	159299886567.10574	86899347332.47333	0.000397863366468296
581371003.5094899	8856777801.778667	160276534391.42816	81391406394.48079	0.0003929427408668372
581840056.8429595	9711547696.00518	161369815671.17203	75709559645.51482	0.0003856343741633816
582345990.6396818	10727257550.916973	162596123390.7766	69883778184.84906	0.000375468326553866
582851344.0343189	11860263941.993116	163868166909.34644	64392460597.47256	0.0003630289782925868
583359298.8517258	13129214505.6131	165192427471.97116	59216899206.80977	0.0003483294436734755
583873665.9154917	14561226720.339521	166578063231.02896	54341009879.41578	0.0003313300193261397
584399262.5911716	16201828434.879015	168038127422.24197	49751343204.132256	0.0003119183749600574
584943079.2483592	18119456452.45753	169593223159.47787	45433203649.58861	0.00028985292791959604
585517125.2246003	20408084897.220974	171280657559.51315	41361991641.800865	0.00026461445802523974
586148628.8026732	23251770592.0982	173187316278.10315	37469858893.759636	0.00023486664994049901
586919741.8348464	27226826462.7192	175580067043.42575	33548195586.803352	0.0001962853601048957
587612777.8859493	31319724531.23579	177783982510.34543	30775799612.827457	0.00016008883471150612
588249891.7840438	35529063051.19645	179848513021.55652	28805724453.922195	0.00012608794710300953
588907209.0875221	40324786915.92692	182011113161.6166	27280430822.394478	9.091030626527369e-05
589667935.9441128	46477614550.075554	184547271951.87497	26034388815.820057	5.155315992618318e-05
590345004.7998801	52513754307.25241	186827193626.5526	25268057427.645607	2.4214751895653106e-05
590947135.8446047	58312642110.03959	188866989081.27188	24762589922.520954	3.077926384600909e-05
591543690.3645805	64454301961.57576	190894379245.942	24352811931.62363	5.637209739318625e-05
592178231.8332945	71427856387.03812	193052834032.0912	23951994919.815323	8.569744922293472e-05
592999038.6447057	81108078915.54742	195839310338.9227	23402293368.763027	0.0001222899401548522
593674570.5522275	89596084391.3624	198120560734.5471	22870275575.436455	0.0001503052347095269
594285684.2164245	97664982921.05229	200169478422.92148	22300348634.300667	0.0001736860970671973
594894420.543953	106063175338.49065	202192062601.84256	21635981331.043808	0.00019496895598551843
595529353.2325801	115174228161.71266	204277834283.0011	20834246997.81124	0.00021495188049739194
596227245.6752794	125555573177.51782	206537345374.5441	19824812573.79282	0.0002342914136116304
596972025.5230237	137022389321.64064	208904779582.85223	18606805915.07315	0.00025199203865009764
597721490.1041082	148920964746.2568	211235788081.73102	17249115249.755413	0.00026698304238475753
598448359.9158423	160727420100.25558	213442638427.70026	15825184782.264946	0.00027920463470482414
599157647.0638753	172440004603.65482	215541281289.12494	14355700037.871565	0.0002894461343847951
599838812.279861	183828242505.07516	217503115944.45996	12892207483.476112	0.0002983259042195517
600501374.8580214	194978566085.11703	219359239962.88977	11441506231.717535	0.000306752692041802
601146449.21189	205843830215.69205	221115980382.6706	10024847211.175175	0.0003154976893372589
601748707.0120995	215961579995.94107	222710908390.8454	8717806798.74758	0.00032484746470476123
602315743.1332906	225441264706.007	224172813660.04855	7517974638.303614	0.0003353186209630823
602850632.7274079	234309850567.3736	225516991588.3333	6428383531.893767	0.00034719812374338506
603353616.2556858	242555498902.2725	226750814449.51602	5454228107.538983	0.0003605529536037404
603824094.2692113	250168262501.63956	227879222988.53873	4598734648.6186285	0.0003752671750153467
604261764.1669191	257156481731.37354	228907479976.19168	3861322044.097381	0.0003910998491322317
604667112.1045113	263541535695.80933	229842137145.6714	3237532827.1770983	0.0004077515903995352
605041438.822518	269354325584.83148	230690903540.00482	2720001339.5351477	0.0004249205044163887
605386646.8775002	274635804860.61932	231462063925.88934	2299644738.276497	0.00044233743444772286
