573319221.2273525	585162266.5060842	148771950837.92908	207055437776.99603	0.0002449500569230677
573319222.2273525	585162118.9989389	148771951404.39795	207055420647.07867	0.00024495008732894986
573319226.2273525	585161528.9739476	148771953670.27536	207055352127.4086	0.0002449502089525367
573319242.2273525	585159168.9328848	148771962733.81717	207055078048.7171	0.00024495069544791954
573319306.2273525	585149729.7108425	148771998988.49762	207053981733.77612	0.0002449526414458926
573319562.2273525	585111987.9033954	148772144015.4338	207049596471.20837	0.00024496042570089187
573320586.2273525	584961262.2196455	148772724254.6059	207032055376.131	0.0002449915669289071
573324682.2273525	584362240.4785444	148775047314.33563	206961890282.01306	0.00024511619906215194
573341066.2273525	582029290.4468311	148784373214.84506	206681218684.0983	0.00024561579628780384
573406602.2273525	573774304.9327061	148822216225.13373	205558365555.22827	0.00024763084770397606
573668746.2273525	562041984.2128646	148982270268.16254	201065106405.94904	0.0002559301539568748
573982035.4355855	604187425.6020335	149191964782.63373	195694548420.77353	0.0002662465851697092
574301612.8396025	713302002.3735992	149426807081.40195	190220555978.73776	0.0002770628182595425
574552106.1183387	838409512.0226765	149625845736.71405	185936541409.0962	0.0002856484511537053
574811821.5824267	997243327.013592	149846238322.53284	181504096536.28976	0.00029457060010436797
575043577.3814135	1159411068.525347	150055059011.4897	177559218017.4528	0.00030249358790869604
575268159.9756153	1331822110.0153892	150268429352.65463	173747880273.02768	0.00031009138297593175
575499086.7578737	1522121646.5556371	150499198066.19653	169842677481.62878	0.00031778049786690995
575751147.7760977	1742099053.8344755	150764317531.6276	165598494068.7767	0.00032598509003402027
576064308.3111086	2029650280.9349544	151113037311.12015	160356295218.16452	0.00033583633253310267
576396191.4106792	2348765547.5389376	151506099265.17072	154843316148.18558	0.0003457777249989335
576672848.9392681	2625152114.399609	151852297364.6923	150285564174.78558	0.00035361032886468426
576943341.4950496	2904547331.404515	152207117542.78696	145866265458.70856	0.00036082168773414073
577219358.4333439	3199630894.466778	152585853282.40283	141397711250.67175	0.00036768438818421905
577505690.9453534	3517143262.1209154	152996538552.34076	136809552222.65651	0.00037423449913033687
577805814.9936689	3862194694.9382353	153446438719.49432	132056264948.31223	0.0003804377240491007
578122779.5887623	4238358666.0465493	153943134609.61765	127102988890.6693	0.0003862112648470784
578459583.6408477	4648670491.712982	154495096625.93265	121920216839.54446	0.0003914273576028793
578819424.2923315	5097750991.03282	155112195965.9939	116481067527.87985	0.0003959095119890641
579205934.5604886	5593974792.1519985	155806322218.6372	110759403451.5572	0.0003994234580125735
579623483.5758559	6151657086.852548	156592263620.01447	104727999868.20508	0.0004016619376714185
580077630.5557369	6793179422.168381	157489100591.7514	98356082669.76018	0.0004022199802885425
580575907.1190506	7545314925.565737	158522629994.54803	91605109422.60948	0.0004005527411479849
581129352.244072	8442163895.787139	159730087435.87512	84420038115.16661	0.00039589633351558615
581756088.1176385	9553050608.997366	161170975378.04422	76707221477.27829	0.00038709406971608587
582432697.6728987	10912851804.463696	162811076598.24423	68917921280.36682	0.00037349369788479647
583157778.7721597	12609503723.132755	164661698523.9942	61228053431.137375	0.00035441702288389
583978149.6566133	14872162331.725622	166864828826.82138	53396612059.33225	0.00032763008630494353
584920763.3745352	18036031702.935787	169528555044.877	45601635491.12944	0.0002907953342867609
585770178.0709629	21505520922.091564	172038604394.07028	39728326984.75206	0.00025292336958622057
586528719.1663257	25138339991.694805	174358354180.68558	35423760659.68355	0.00021611868152077984
587267555.8371319	29217392987.32895	176680283792.58136	32070774553.36248	0.000178260002354118
588021184.2228795	33968892358.239235	179103523973.24713	29453150852.72576	0.0001383386839784162
588827107.3652668	39715159546.37372	181746005301.4637	27441722429.52236	9.517533664923758e-05
589503364.8573217	45089967398.63443	183996029222.81552	26264254164.13239	5.978249531632383e-05
589934564.9778085	48792360224.98232	185442964392.97867	25701078517.740925	3.897005823487535e-05
590439103.1734072	53393513214.17899	187145339804.4078	25180260745.43812	2.2581174735068302e-05
590846839.8532968	57318912365.0041	188526641034.6324	24838623758.59451	2.738686513213197e-05
591198812.0420406	60855277805.77881	189721790078.14578	24582278860.39192	4.090070201856613e-05
591602544.3181354	65081862654.8767	191094570611.09766	24315005347.691624	5.908293068059947e-05
592152281.9843601	71133731761.67885	192964591040.31595	23968399251.600845	8.450610834198933e-05
592861058.1576749	79431072339.9902	195371760913.4693	23500568823.470806	0.000116313846747739
593583204.3097345	88421464868.98112	197812904621.11563	22947790736.878334	0.0001466440967229032
594371013.1388427	98820903045.88797	200454191344.7704	22213228430.218395	0.00017679253496568335
595343334.5179871	112470291309.40517	203669531053.9238	21080749299.900105	0.00020933388571288096
596440512.4953035	128799251003.92082	207220135586.5065	19490380151.18646	0.00023966251181852072
597434512.194101	144327262595.87805	210349637675.55048	17783437917.441242	0.0002615549373932613
598434704.5147694	160503644292.76712	213401694757.93207	15852772802.705261	0.0002789930247231683
599440520.4120181	177155541897.21637	216362489756.23865	13752853263.911608	0.0002932083552366986
600397438.5709039	193227378680.7898	219071521922.0766	11669937563.417965	0.0003054139290230003
601264800.6131505	207834778750.3496	221432854678.09637	9766194964.745026	0.0003172223521935188
602022837.1110799	220552132945.75006	223422448668.18228	8132996196.61828	0.0003296709284113091
602701707.4192976	231849792221.18228	225146104212.66235	6726783575.572727	0.00034366784977324133
603323065.3128865	242057690933.63284	226676694666.9002	5511754329.616487	0.00035967475384750215
603897815.944827	251351826299.43784	228053852291.85394	4470290270.212665	0.00037778418394944746
604432691.2641438	259859728861.4785	229303633492.74933	3590809020.623313	0.00039788148694601546
604933166.0884047	267681819529.33005	230446778758.37527	2863430323.3652997	0.0004197732769709975
605405193.4875487	274917286780.10834	231503196443.82495	2278729646.733984	0.00044331706037815157
