573319221.2273525	585162266.5067637	148771950837.92905	207055437776.99597	0.0002449500569230677
573319222.2273525	585162118.9995883	148771951404.39792	207055420647.07858	0.00024495008732894986
573319226.2273525	585161528.9745848	148771953670.27533	207055352127.40854	0.0002449502089525367
573319242.2273525	585159168.9335154	148771962733.8171	207055078048.71704	0.00024495069544791954
573319306.2273525	585149729.7114509	148771998988.49762	207053981733.77588	0.0002449526414458926
573319562.2273525	585111987.9039431	148772144015.43378	207049596471.2081	0.00024496042570089187
573320586.2273525	584961262.2201922	148772724254.6058	207032055376.13083	0.0002449915669289071
573324682.2273525	584362240.4790555	148775047314.3355	206961890282.01285	0.00024511619906215194
573341066.2273525	582029290.447423	148784373214.845	206681218684.0981	0.00024561579628780384
573406602.2273525	573774304.9341031	148822216225.1342	205558365555.22888	0.00024763084770397606
573668746.2273525	562041980.3240718	148982270264.01657	201065106405.69113	0.0002559301539568748
573969735.213794	601283613.6637682	149183350370.7975	195905359708.71716	0.00026583518208752905
574273238.5729833	701154339.577342	149405093459.78894	190706255199.97922	0.00027609452188204615
574579045.2659965	853614069.7100961	149648040172.21515	185476294160.88428	0.000286574139498565
574886104.4489511	1047302697.5158072	149911917408.03183	180238497088.57153	0.0002971165420377423
575141637.1815885	1232999335.3091638	150146885916.92313	175893566930.77438	0.00030582310559117257
575427894.3562528	1462196227.7189167	150426821271.97678	171044995873.8229	0.00031542572191639573
575743863.0178086	1735585899.4660227	150756460865.68112	165720860359.96454	0.0003257511508558738
576062576.2115519	2028021776.3194013	151111049312.2117	160385187563.31305	0.000335783025973516
576371437.5242735	2324490127.7736263	151475945646.02628	155252861998.6518	0.00034505588891883994
576667614.0991651	2619835591.023613	151845589801.45474	150371461332.2034	0.0003534662763658179
576946297.1859087	2907652258.302624	152211083835.4567	145818189080.66464	0.00036089789824051804
577115184.4694989	3087022812.2366986	152440932515.65704	143079146005.51688	0.00036515555983982677
577330692.4385954	3321688230.130051	152743386209.85342	139607769960.0206	0.0003703022082262872
577549751.3132831	3567039890.272536	153061341984.5515	136108055602.55602	0.00037518856782078235
577815824.8700367	3873902382.9419446	153461786208.16638	131898765242.03569	0.0003806324833994431
578113808.2510822	4227568551.2087173	153928772180.31198	127242199633.33815	0.0003860591979213267
578438361.303637	4622529103.053172	154459583600.21744	122244230596.06268	0.00039112741458696834
578781408.1138455	5049767368.109889	155045669764.71454	117050710026.94257	0.00039549045793919624
579127484.9279693	5491912851.346038	155662827735.03036	111910229299.4756	0.0003988211707563946
579476583.7818353	5952395536.95485	156311511886.9892	106831588184.63878	0.00040106127703809486
579828758.4653144	6436591091.994718	156992250703.76797	101822884109.71957	0.00040215826500671526
580184072.304845	6949564700.251342	157705559933.7078	96892325968.11499	0.00040206479688685066
580542597.6272633	7493444268.361227	158451941706.30582	92048261821.23831	0.0004007388813645197
580904415.1947972	8069402560.31406	159231883147.0237	87299210340.01341	0.00039814407293696974
581269613.6548929	8680915201.862741	160045854543.44565	82653895170.92815	0.00039424969734605964
581638289.1637069	9334937391.895159	160894307413.23013	78121279825.86604	0.0003890310990608742
582010544.6236084	10041680398.384062	161777671187.4286	73710609161.8993	0.00038246991604734006
582380958.0247332	10801675521.917326	162682643454.6918	69493100919.28757	0.0003746800629910186
582738516.4834851	11596425129.15133	163580169047.51602	65589354815.29459	0.0003659992419685071
583045690.9520407	12329819027.721268	164369533125.0553	62370782918.078606	0.0003576584639743177
583222079.9989272	12772947383.376839	164830286534.83173	60580257034.02505	0.0003525106153237786
583537218.4370122	13606797549.349752	165666741202.5875	57488110788.55476	0.00034268282213958804
583857977.2504172	14515153137.139471	166535156094.84598	54484171682.450645	0.00033187856295511576
584216061.8177807	15607768871.36604	167524289025.55222	51305255373.51902	0.0003189079383983028
584592379.9616698	16855667976.8143	168585333115.85294	48167144648.191986	0.00030430263401590434
584980358.079629	18259736218.968903	169701410010.61694	45153523051.694984	0.000288271878898499
585377292.8010868	19825131806.62194	170865452405.41815	42307118196.79951	0.0002709322865967699
585781890.5006268	21557658272.210407	172073886706.24866	39655109974.47397	0.00025237453228679014
586193484.2998974	23467334897.16538	173324629789.30917	37216839341.38435	0.000232684409020958
586611726.9300901	25568854805.34052	174616303497.79462	35006305842.09533	0.00021195138710049848
587036450.3087622	27880554286.363045	175947872757.86453	33032699189.84936	0.00019027325548076792
587467594.5589371	30420232205.18467	177318459327.44766	31300064881.31452	0.00016775984505098114
587905168.6482406	33198535532.65653	178727234689.29434	29806643488.77586	0.00014453790503082646
588349146.4936472	36223378492.53489	180173089029.47095	28544465396.091717	0.00012076468767640428
588798724.552943	39500853712.83811	181652167336.1235	27500412208.66795	9.66890870450629e-05
589253983.914231	43047116342.8986	183163300059.7652	26652100655.775112	7.262579994625849e-05
589714979.7600302	46880063752.76964	184705081923.48334	25972203225.2457	4.925256995149603e-05
590181746.8270308	51010819829.43084	186275885050.1646	25429928536.935593	2.8974387661592843e-05
590654297.227725	55442346857.61663	187873849424.8128	24992800518.090725	2.2859314547441546e-05
591132618.9763304	60179729515.93476	189496878288.66592	24628419300.589775	3.808797534416055e-05
591616675.4198047	65233128048.29845	191142639642.70352	24305967714.43153	5.973520854560971e-05
592103437.8989565	70582166108.56458	192798481262.1572	23999202833.995075	8.225974084013793e-05
592582558.5349764	76106509695.91747	194426832906.379	23690587790.576683	0.00010401942493912567
593029435.8583949	81480148992.01039	195942250836.57578	23380227811.35212	0.00012359560337759027
593490941.7420143	87243718386.7813	197501922123.3291	23024181643.489616	0.00014290505771733986
594001477.9004682	93866521046.87134	199218647321.28708	22576917992.209312	0.00016305655298782493
594410553.6021836	99358946663.4807	200585998539.42062	22172204530.052128	0.0001782185614163766
594905888.7209911	106224686379.41248	202229965445.27762	21622493904.11804	0.00019535009551325448
595429564.1749065	113720263006.21474	203951811036.87558	20967677233.135197	0.00021196251158904733
595958881.4896718	121520625559.33301	205672907170.02042	20228593954.91237	0.00022717718694917149
596493222.257039	129605947043.22737	207388301718.48706	19405911716.074432	0.00024095196981515306
597032658.8102754	137972568228.32028	209095349657.9661	18501647391.85743	0.0002533056835624143
597577320.9218904	146607846301.5687	210791632290.45758	17519680192.156246	0.00026430243571487857
598127400.4170228	155486628515.8885	212474982276.9665	16465558508.77999	0.0002740583753777663
598683147.794935	164585539626.57538	214143482982.73886	15346372685.388577	0.0002827495982568031
599244866.7341919	173891547517.68143	215795463344.25134	14170686800.217281	0.0002906212137388648
599812906.1891421	183393284734.15405	217429489764.13373	12948529834.738392	0.00029799700357155417
600387651.0293826	193062485104.8366	219044360431.99582	11691444434.289028	0.0003052884593891994
600969512.2754699	202865431840.73755	220639107421.66046	10412591685.722015	0.0003130010992949243
601558918.6084766	212777188149.50565	222213013012.31824	9126912334.25079	0.00032173508129224824
602156309.3952751	222782357928.02045	223765641960.95883	7851357510.667081	0.0003321767126901499
602762130.2214752	232848830153.4313	225296893029.5686	6605221561.0227585	0.0003450782883460914
603376831.5906132	242933512813.37836	226807071565.22345	5410655945.17748	0.0003612263673960507
604000871.0930083	253001978782.53864	228296983680.9349	4293540923.813368	0.0003814029026221183
604634720.081189	263034618506.11353	229768054236.98303	3285074711.590932	0.00040634791840552756
605278875.2093161	272995545261.15833	231222469206.63257	2424583504.4629755	0.0004367340388645381
