573319221.2273525	585162266.5067824	148771950837.92908	207055437776.99597	0.0002449500569230677
573376821.2273525	577303978.247157	148804912445.03543	206068646248.3855	0.00024671191156401496
573434421.2273525	570832005.7457541	148838541422.79544	205081659329.07162	0.00024849399746592287
573492021.2273525	565908916.8459504	148872839783.8356	204094508846.391	0.00025029524158250106
573549621.2273525	562690329.3236824	148907809510.2733	203107226690.3772	0.00025211458245809625
573607221.2273525	561320172.1326377	148943452553.66794	202119844810.40802	0.00025395097083091606
573664821.2273525	561925978.5001279	148979770834.97397	201132395214.06992	0.0002558033701611998
573722421.2273525	564614615.2934915	149016766244.49442	200144909963.37344	0.00025767075708896795
573780021.2273525	569468871.7154056	149054440641.83606	199157421173.99173	0.0002595521218259519
573837621.2273525	576545273.2927353	149092795855.86557	198169961011.02094	0.0002614464684862143
573895221.2273525	585873355.0137112	149131833684.6701	197182561688.58023	0.0002633528153598674
573952821.2273525	597456444.5260584	149171555895.5045	196195255465.52597	0.0002652701951341639
574010421.2273525	611273813.7878706	149211964224.7679	195208074644.75162	0.00026719765506608785
574068021.2273525	627283898.9745749	149253060377.95422	194221051569.2647	0.0002691342571104256
574125621.2273525	645428195.3859624	149294846029.6164	193234218621.11795	0.00027107907800708085
574183221.2273525	665635416.1058986	149337322823.33093	192247608217.93878	0.000273031209331262
574240821.2273525	687825549.6281583	149380492371.66443	191261252811.3449	0.0002749897575099688
574298421.2273525	711913538.8117026	149424356256.12985	190275184883.93277	0.0002769538438080034
574356021.2273525	737812405.1958632	149468916027.16873	189289436947.21042	0.00027892260428653625
574413621.2273525	765435737.6160842	149514173204.10992	188304041539.16934	0.00028089518973711927
574471221.2273525	794699540.1336561	149560129275.14117	187319031221.442	0.0002828707655937974
574528821.2273525	825523487.0945815	149606785697.28357	186334438577.66888	0.00028484851182580443
574586421.2273525	857831664.4653677	149654143896.35153	185350296210.00757	0.0002868276228131876
574644021.2273525	891552890.9333524	149702205266.944	184366636738.05432	0.0002888073072074827
574701621.2273525	926620714.393596	149750971172.40723	183383492794.91516	0.00029078678777943675
574759221.2273525	962973173.9999499	149800442944.8164	182400897026.28214	0.0002927653012556175
574816821.2273525	1000552407.7417667	149850621884.94116	181418882086.5959	0.0002947420981455847
574874421.2273525	1039304173.020771	149901509262.2413	180437480638.068	0.00029671644256117286
574932021.2273525	1079177334.234801	149953106314.8348	179456725346.7029	0.00029868761202927606
574989621.2273525	1120123358.5285604	150005414249.48495	178476648881.54578	0.00030065489729946636
575047221.2273525	1162095849.3528857	150058434241.56808	177497283910.53635	0.00030261760214756107
575104821.2273525	1205050138.3641407	150112167435.07834	176518663099.70502	0.0003045750431762427
575162421.2273525	1248942949.4881566	150166614942.6008	175540819109.3728	0.0003065265496136478
575220021.2273525	1293732144.8222253	150221777845.2888	174563784592.70486	0.0003084714631108458
575277621.2273525	1339376559.3985932	150277657192.86893	173587592192.74612	0.0003104091375388943
575335221.2273525	1385835929.5580175	150334254003.62088	172612274540.30865	0.0003123389387862503
575392821.2273525	1433070916.6958697	150391569264.35562	171637864251.5281	0.00031426024455709193
575450421.2273525	1481043223.238769	150449603930.42725	170664393925.35175	0.0003161724441711127
575508021.2273525	1529715790.5712013	150508358925.71484	169691896141.39368	0.00031807493836526196
575565621.2273525	1579053060.119702	150567835142.60385	168720403457.18707	0.0003199671390978909
575623221.2273525	1629021270.3946733	150628033442.00607	167749948406.49985	0.00032184846935557704
575680821.2273525	1679588756.7181485	150688954653.32886	166780563495.93124	0.0003237183629630559
575738421.2273525	1730726219.117769	150750599574.496	165812281203.9529	0.000325576264396428
575796021.2273525	1782406928.022584	150812968971.9224	164845133976.9631	0.0003274216285999607
575853621.2273525	1834606847.0327845	150876063580.53748	163879154228.63043	0.00032925392080656457
575911221.2273525	1887304664.5518384	150939884103.7613	162914374336.03638	0.0003310726163622422
575968821.2273525	1940481739.1266367	151004431213.53174	161950826638.79895	0.0003328772005544785
576026421.2273525	1994121973.689767	151069705550.28134	160988543435.56775	0.0003346671684447952
576084021.2273525	2048211640.4133003	151135707722.96918	160027556983.01016	0.0003364420247054808
576141621.2273525	2102739179.6283853	151202438309.05814	159067899492.2377	0.00033820128346054697
576199221.2273525	2157694994.5840044	151269897854.55075	158109603127.96735	0.00033994446813094493
576256821.2273525	2213071259.4233103	151338086873.96796	157152700005.0741	0.0003416711112840772
576314421.2273525	2268861752.6348696	151407005850.38852	156197222187.42395	0.0003433807544875447
576372021.2273525	2325061722.801024	151476655235.4288	155243201685.00735	0.00034507294816717334
576429621.2273525	2381667788.962992	151547035449.28622	154290670452.11346	0.0003467472514692233
576487221.2273525	2438677873.8863387	151618146880.72003	153339660385.25244	0.0003484032321267933
576544821.2273525	2496091165.5273476	151689989887.0989	152390203320.74802	0.00035004046633033327
576602421.2273525	2553908099.168557	151762564794.3826	151442331033.12125	0.0003516585386021899
576660021.2273525	2612130350.471886	151835871897.17352	150496075232.5093	0.0003532570416751774
576717621.2273525	2670760827.2506866	151909911458.69916	149551467563.29886	0.000354835576375012
576775221.2273525	2729803645.8371253	151984683710.8681	148608539601.38992	0.00035639375150660894
576832821.2273525	2789264076.0620313	152060188854.2531	147667322853.08203	0.00035793118374409917
576890421.2273525	2849148438.3336134	152136427058.15106	146727848752.03595	0.00035944749752450433
576948021.2273525	2909463937.0953617	152213398460.57007	145790148658.68015	0.000360942324944971
577005621.2273525	2970218418.626986	152291103168.28024	144854253856.83752	0.0003624153056634845
577063221.2273525	3031420047.6409426	152369541256.82706	143920195553.31622	0.0003638660868029152
577120821.2273525	3093076907.0269256	152448712770.5608	142988004874.7191	0.0003652943228583721
577178421.2273525	3155196537.098117	152528617722.66437	142057712866.83502	0.00036669967560772727
577236021.2273525	3217785442.981047	152609256095.183	141129350491.7801	0.00036808181402517206
577293621.2273525	3280848608.490397	152690627839.0542	140202948627.25406	0.00036944041419781376
577351221.2273525	3344389059.1639576	152772732874.13962	139278538063.87903	0.0003707751592450874
577408821.2273525	3408407514.377428	152855571089.25858	138356149504.47562	0.00037208573924098735
577466421.2273525	3472902158.81164	152939142342.2216	137435813561.55028	0.0003733718511389629
577524021.2273525	3537868549.233276	153023446459.86633	136517560756.27545	0.00037463319869939177
577581621.2273525	3603299657.082566	153108483238.09384	135601421516.63838	0.0003758694924195632
577639221.2273525	3669186034.2415414	153194252441.90686	134687426175.76556	0.0003770804494660305
577696821.2273525	3735516080.8938427	153280753805.449	133775604970.92038	0.00037826579360929425
577754421.2273525	3802276391.133731	153367987032.0446	132865988041.14778	0.0003794252551606775
577812021.2273525	3869452152.9280057	153455951794.24103	131958605426.91867	0.0003805585709113358
577869621.2273525	3937027582.2844806	153544647733.8508	131053487067.59334	0.00038166548407329404
577927221.2273525	4004986375.112058	153634074461.99658	130150662801.12997	0.0003827457442224456
577984821.2273525	4073312162.8629055	153724231559.1554	129250162361.66591	0.000383799107243401
578042421.2273525	4141988959.1086287	153815118575.20575	128352015379.48436	0.0003848253352761506
578100021.2273525	4211001583.9817824	153906735029.47537	127456251378.2621	0.0003858241966644028
578157621.2273525	4280336052.7823677	153999080410.79007	126562899775.61809	0.0003867954659055748
578215221.2273525	4349979915.058327	154092154177.5235	125671989880.04039	0.0003877389236023181
578272821.2273525	4419922531.9894	154185955757.6494	124783550891.51575	0.0003886543564155412
578330421.2273525	4490155283.306921	154280484548.79333	123897611898.8908	0.00038954155701881814
578388021.2273525	4560671700.028266	154375739918.28717	123014201880.10445	0.00039040032405416295
578445621.2273525	4631467525.184628	154471721203.22342	122133349700.11354	0.0003912304620890649
578503221.2273525	4702540710.449655	154568427710.51218	121255084110.76706	0.0003920317815747063
578560821.2273525	4773891361.139531	154665858716.93784	120379433749.24554	0.000392804098805363
578618421.2273525	4845521644.822541	154764013469.21863	119506427137.62617	0.0003935472358788544
578676021.2273525	4917435679.531827	154862891184.06555	118636092681.77547	0.0003942610206580403
578733621.2273525	4989639416.542598	154962491048.244	117768458670.56227	0.0003949452867332406
578791221.2273525	5062140530.296914	155062812218.63577	116903553275.54053	0.00039559987338561373
578848821.2273525	5134948324.8792715	155163853822.30267	116041404549.2887	0.00039622462555136454
578906421.2273525	5208073662.908626	155265614956.55106	115182040426.05473	0.0003968193937867284
578964021.2273525	5281528919.110208	155368094688.99762	114325488719.58763	0.0003973840342337594
579021621.2273525	5355327957.268009	155471292057.6367	113471777124.1169	0.0003979184085867743
579079221.2273525	5429486125.702536	155575206070.90805	112620933212.3436	0.00039842238405947986
579136821.2273525	5504020262.758865	155679835707.76657	111772984436.35411	0.0003988958333526956
579194421.2273525	5578948699.938198	155785179917.7531	110927958125.74643	0.00039933863462264334
579252021.2273525	5654291246.324301	155891237621.06558	110085881488.78383	0.0003997506714497755
579309621.2273525	5730069134.194008	155998007708.6326	109246781610.40164	0.00040013183280806553
579367221.2273525	5806304902.904038	156105489042.18713	108410685453.51329	0.0004004820130347517
579424821.2273525	5883022197.574768	156213680454.3422	107577619857.25757	0.00040080111180049687
579482421.2273525	5960245462.363731	156322580748.66727	106747611538.04932	0.0004010890340798969
579540021.2273525	6037999516.870534	156432188699.76544	105920687088.48547	0.0004013456901223467
579597621.2273525	6116309019.308636	156542503053.35315	105096872977.66309	0.0004015709954231874
579655221.2273525	6195197840.648193	156653522526.33942	104276195551.01364	0.00040176487069515176
579712821.2273525	6274688396.594404	156765245806.90735	103458681030.01555	0.00040192724184000386
579770421.2273525	6354801003.220019	156877671554.59637	102644355512.69473	0.000402058039920435
579828021.2273525	6435553330.674604	156990798400.38593	101833244972.95752	0.0004021572011321156
579885621.2273525	6516960022.871806	157104624946.77963	101025375261.58334	0.00040222466677589076
579943221.2273525	6599032529.200066	157219149767.8916	100220772105.26654	0.00040226038323013533
580000821.2273525	6681779162.325906	157334371409.5331	99419461108.1351	0.0004022643019231753
580058421.2273525	6765205362.902465	157450288389.30075	98621467750.3057	0.0004022363793058248
580116021.2273525	6849314126.24668	157566899196.66562	97826817389.99281	0.00040217657682393537
580173621.2273525	6934106533.092166	157684202293.0637	97035535261.93831	0.0004020848608910256
580231221.2273525	7019582326.777893	157802196111.98773	96247646479.45824	0.00040196120286088537
580288821.2273525	7105740489.185561	157920879059.07898	95463176033.22527	0.00040180557900019705
580346421.2273525	7192579782.262305	158040249512.22202	94682148793.03989	0.0004016179704611284
580404021.2273525	7280099236.409726	158160305821.63937	93904589507.08334	0.0004013983632538639
580461621.2273525	7368298578.451466	158281046309.98703	93130522803.457	0.000401146748219113
580519221.2273525	7457178599.202246	158402469272.45242	92359973189.69833	0.000400863121000502
580576821.2273525	7546741464.127228	158524572976.85187	91592965054.2037	0.0004005474820168877
580634421.2273525	7636990971.267892	158647355663.7309	90829522666.12534	0.0004001998364345976
580692021.2273525	7727932759.760357	158770815546.46408	90069670176.33374	0.00039982019413949463
580749621.2273525	7819574471.034498	158894950811.35706	89313431617.96191	0.00039940856970894465
580807221.2273525	7911925863.961536	159019759617.7489	88560830906.69185	0.0003989649823836484
580864821.2273525	8004998885.240064	159145240098.1165	87811891842.15456	0.0003984894560392827
580922421.2273525	8098807697.238113	159271390358.17926	87066638107.58803	0.00039798201915799904
580980021.2273525	8193368667.106056	159398208477.00504	86325093271.59102	0.00039744270479975113
581037621.2273525	8288700322.847327	159525692507.1173	85587280787.70262	0.00039687155057342244
581095221.2273525	8384823283.72762	159653840474.6039	84853223996.24982	0.000396268598607767
581152821.2273525	8481760173.546118	159782650379.22562	84122946123.82889	0.0003956338955221382
581210421.2273525	8579535525.660685	159912120194.52728	83396470285.40338	0.00039496749239702287
581268021.2273525	8678175688.15153	160042247867.94864	82673819483.46458	0.00039426944474435635
581325621.2273525	8777708736.195866	160173031320.93762	81955016610.39247	0.00039353981247761333
581383221.2273525	8878164396.706043	160304468449.06363	81240084447.50845	0.00039277865988165603
581440821.2273525	8979573987.684622	160436557122.13208	80529045667.13577	0.00039198605558238633
581498421.2273525	9081970371.649975	160569295184.30063	79821922832.18773	0.0003911620725161209
581556021.2273525	9185387918.899525	160702680454.19595	79118738397.64685	0.0003903067878987527
581613621.2273525	9289862472.30439	160836710725.03143	78419514710.53809	0.0003894202831946659
581671221.2273525	9395431300.776878	160971383764.72623	77724274010.9833	0.0003885026440853848
581728821.2273525	9502133023.71763	161106697316.02567	77033038432.40091	0.00038755396043799726
581786421.2273525	9610007484.130238	161242649096.62183	76345830002.29729	0.00038657432627332464
581844021.2273525	9719095544.728119	161379236799.27603	75662670642.76321	0.0003855638397338127
581901621.2273525	9829438780.932438	161516458091.9418	74983582170.5884	0.0003845226030512111
581959221.2273525	9941079049.427584	161654310617.88922	74308586298.31888	0.00038345072251396096
582016821.2273525	10054057923.213526	161792791995.83047	73637704633.62497	0.00038234830843436547
582074421.2273525	10168416005.130901	161931899820.0453	72970958680.73672	0.000381215475115476
582132021.2273525	10284192160.259363	162071631660.50916	72308369839.33119	0.00038005234081774694
582189621.2273525	10401422738.030304	162211985063.0213	71649959405.8673	0.00037885902772542916
582247221.2273525	10520140878.1304	162352957549.3337	70995748572.41331	0.00037763566191271905
582304821.2273525	10640375999.881088	162494546617.28232	70345758427.79176	0.00037638237330967633
582362421.2273525	10762153556.100636	162636749740.91754	69700009956.0522	0.0003750992956678658
582420021.2273525	10885495091.239355	162779564370.63727	69058524037.48184	0.00037378656652579
582477621.2273525	11010418590.971802	162922987933.31982	68421321446.81996	0.0003724443271740627
582535221.2273525	11136939062.58428	163067017832.45877	67788422853.98043	0.00037107272262037425
582592821.2273525	11265069256.172081	163211651448.29797	67159848822.10707	0.0003696719015541944
582650421.2273525	11394820431.368496	163356886137.96808	66535619807.61027	0.00036824201631128253
582708021.2273525	11526203089.441732	163502719235.62418	65915756158.36029	0.0003667832228379708
582765621.2273525	11659227616.958452	163649148052.58347	65300278112.89359	0.0003652956806552164
582823221.2273525	11793904815.147371	163796169877.46542	64689205798.57468	0.00036377955282246164
582880821.2273525	11930246311.849817	163943781976.33136	64082559230.009415	0.00036223500590130985
582938421.2273525	12068264867.737497	164091981592.82623	63480358307.22968	0.0003606622099189623
582996021.2273525	12207974595.530416	164240765948.3206	62882622813.220276	0.00035906133833151323
583053621.2273525	12349391112.153831	164390132242.05392	62289372412.001335	0.00035743256798702924
583111221.2273525	12492531641.365988	164540077651.27875	61700626645.057526	0.00035577607908849663
583168821.2273525	12637415080.318626	164690599331.40555	61116404929.58844	0.0003540920551565612
583226421.2273525	12784062039.177654	164841694416.14926	60536726553.75248	0.000352380682992135
583284021.2273525	12932494859.1854	164993360017.67584	59961610674.591934	0.00035064215263887503
583341621.2273525	13082737611.830074	165145593226.75055	59391076312.5455	0.00034887665734550005
583399221.2273525	13234816080.222004	165298391112.88632	58825142348.58198	0.0003470843935279829
583456821.2273525	13388757723.28369	165451750724.4944	58263827518.1394	0.0003452655607316441
583514421.2273525	13544591623.700487	165605669089.03418	57707150407.37513	0.00034342036159315173
583572021.2273525	13702348421.44429	165760143213.16534	57155129446.28282	0.0003415490018023838
583629621.2273525	13862060235.71602	165915170082.90042	56607782904.18896	0.00033965169006426924
583687221.2273525	14023760579.02854	166070746663.75812	56065128882.13252	0.00033772863806052686
583744821.2273525	14187484267.591595	166226869900.91766	55527185307.09405	0.00033578006041135445
583802421.2273525	14353267331.97364	166383536719.37424	54993969923.9028	0.00033380617463710835
583860021.2273525	14521146931.086618	166540744024.09518	54465500287.768776	0.00033180720111992436
583917621.2273525	14691161270.832	166698488700.17685	53941793755.98331	0.00032978336306535317
583975221.2273525	14863349526.261894	166856767613.00287	53422867478.672874	0.00032773488646400484
584032821.2273525	15037751762.86805	167015577608.40256	52908738389.814606	0.0003256620000532027
584090421.2273525	15214408848.72038	167174915512.81113	52399423196.51607	0.00032356493527871324
584148021.2273525	15393362344.76173	167334778133.43008	51894938369.125305	0.0003214439262565201
584205621.2273525	15574654356.045994	167495162258.38843	51395300128.88308	0.0003192992097346831
584263221.2273525	15758327322.767113	167656064656.90546	50900524437.24162	0.0003171310250553034
584320821.2273525	15944423727.85604	167817482079.45358	50410626981.68886	0.00031493961411663545
584378421.2273525	16132985699.587778	167979411257.92245	49925623164.20463	0.0003127252213353179
584436021.2273525	16324054495.380072	168141848905.7839	49445528085.38104	0.00031048809360881887
584493621.2273525	16517669868.90289	168304791718.2577	48970356531.3571	0.00030822848027806484
584551221.2273525	16713869347.356833	168468236372.47803	48500122956.81426	0.00030594663309030287
584608821.2273525	16912687476.631462	168632179527.66083	48034841470.033264	0.0003036428061622188
584666421.2273525	17114155121.79458	168796617825.27213	47574525814.676674	0.000301317255943374
584724021.2273525	17318298927.902157	168961547889.19727	47119189353.00241	0.00029897024117994696
584781621.2273525	17525141040.341972	169126966325.91022	46668845046.26533	0.00029660202287884924
584839221.2273525	17734699149.865696	169292869724.64487	46223505436.09979	0.0002942128642722225
584896821.2273525	17946986871.22992	169459254657.56613	45783182623.73682	0.0002918030307824187
584954421.2273525	18162014402.660557	169626117679.94235	45347888249.06104	0.00028937278998742317
585012021.2273525	18379789366.23895	169793455330.31818	44917633469.03756	0.0002869224115868488
585069621.2273525	18600317710.517586	169961264130.68903	44492428934.30483	0.00028445216736846385
585127221.2273525	18823604567.728382	170129540586.67502	44072284766.74098	0.0002819623311754209
585184821.2273525	19049654989.525944	170298281187.69678	43657210533.686005	0.00027945317887411776
585242421.2273525	19278474523.58701	170467482407.1516	43247215224.336296	0.00027692498832285515
585300021.2273525	19510069627.03104	170637140702.59042	42842307222.20544	0.00027437803934131036
585357621.2273525	19744447935.5166	170807252515.89563	42442494279.98877	0.00027181261368087767
585415221.2273525	19981618418.23488	170977814273.45938	42047783490.38227	0.00026922899499602583
585472821.2273525	20221591451.275677	171148822386.363	41658181259.63056	0.00026662746881668146
585530421.2273525	20464378838.373943	171320273250.55704	41273693276.75916	0.00026400832252178086
585588021.2273525	20709993801.86767	171492163247.04163	40894324485.75716	0.000261371845314045
585645621.2273525	20958450959.91283	171664488742.0486	40520079053.736824	0.00025871832819614264
585703221.2273525	21209766299.795845	171837246087.22318	40150960341.394745	0.00025604806394830155
585760821.2273525	21463957152.13718	172010431619.8071	39786970870.77056	0.0002533613471075373
585818421.2273525	21721042167.027176	172184041662.82214	39428112293.91484	0.0002506584739486092
585876021.2273525	21981041290.65863	172358072525.25467	39074385360.282875	0.0002479397424668796
585933621.2273525	22243975739.678345	172532520502.24057	38725789884.15466	0.00024520545236323
585991221.2273525	22509867970.103733	172707381875.25104	38382324711.80699	0.00024245590503121805
586048821.2273525	22778741638.02351	172882652912.27914	38043987688.01321	0.00023969140354667957
586106421.2273525	23050621550.18378	173058329868.02686	37710775623.23139	0.0002369122526599955
586164021.2273525	23325533603.66922	173234408984.09296	37382684259.480354	0.00023411875879126204
586221621.2273525	23603504714.931377	173410886489.16162	37059708238.18264	0.00023131123002863494
586279221.2273525	23884562739.101875	173587758599.1912	36741841065.39583	0.0002284899761301443
586336821.2273525	24168736380.618736	173765021517.60474	36429075080.77148	0.0002256553085292954
586394421.2273525	24456055095.50151	173942671435.48004	36121401423.058876	0.00022280754034484861
586452021.2273525	24746548984.056812	174120704531.74097	35818809999.75116	0.00021994698639511242
586509621.2273525	25040248670.391895	174299116973.34903	35521289454.09771	0.0002170739632172788
586567221.2273525	25337185161.99778	174477904915.49628	35228827135.49598	0.00021418878909222277
586624821.2273525	25637389679.155586	174657064501.79822	34941409068.353264	0.00021129178407535947
586682421.2273525	25940893440.554424	174836591864.4873	34659019924.162735	0.0002083832700341545
586740021.2273525	26247727389.172268	175016483124.60742	34381642992.517265	0.00020546357069296803
586797621.2273525	26557921842.447823	175196734392.20908	34109260155.302204	0.00020253301168602112
586855221.2273525	26871506054.740334	175377341766.54477	33841851860.71924	0.00019959192061932537
586912821.2273525	27188507689.817764	175558301336.26505	33579397099.66764	0.00019664062714253372
586970421.2273525	27508952217.80909	175739609179.6155	33321873383.695312	0.00019367946303184435
587028021.2273525	27832862274.1087	175921261364.6342	33069256723.94326	0.0001907087622851104
587085621.2273525	28160257043.448196	176103253949.34924	32821521613.42736	0.00018772886123061576
587143221.2273525	28491151753.392788	176285582981.97784	32578641009.509914	0.00018474009865099872
587200821.2273525	28825557368.16577	176468244501.12497	32340586320.450092	0.00018174281592418893
587258421.2273525	29163480557.7939	176651234535.9834	32107327392.167465	0.00017873735718327538
587316021.2273525	29504923977.699112	176834549106.53363	31878832499.674862	0.00017572406949765472
587373621.2273525	29849886838.699318	177018184223.74435	31655068338.3374	0.0001727033030780649
587431221.2273525	30198365693.668888	177202135889.77625	31436000020.841156	0.00016967541150846816
587488821.2273525	30550355332.27183	177386400098.17856	31221591073.361923	0.00016664075200820066
587546421.2273525	30905849669.086155	177570972834.09842	31011803438.080395	0.0001635996857283386
587604021.2273525	31264842530.890564	177755850074.47678	30806597475.260708	0.00016055257808676005
587661621.2273525	31627328285.24927	177941027788.25858	30605931970.873016	0.00015749979914713206
587719221.2273525	31993302290.910313	178126501936.59027	30409764145.190666	0.0001544417240478141
587776821.2273525	32362761181.327965	178312268473.0305	30218049665.820724	0.00015137873348769268
587834421.2273525	32735703011.10619	178498323343.74936	30030742662.692318	0.00014831121427701487
587892021.2273525	33112127302.392937	178684662487.73904	29847795746.921795	0.00014523955996268917
587949621.2273525	33492035027.011204	178871281837.015	29669160032.01272	0.0001421641715391013
588007221.2273525	33875428554.42225	179058177316.82712	29494785158.49965	0.00013908545825738516
588064821.2273525	34262311588.00989	179245344845.86203	29324619321.67252	0.00013600383854837157
588122421.2273525	34652689104.83718	179432780336.455	29158609301.616898	0.00013291974107716787
588180021.2273525	35046567307.496086	179620479694.7933	28996700497.35092	0.00012983360595062528
588237621.2273525	35443953591.57566	179808438821.12906	28838836962.09602	0.0001267458861029103
588295221.2273525	35844856528.24359	179996653609.9835	28684961443.513542	0.00012365704888922925
588352821.2273525	36249285858.64035	180185119950.3606	28535015424.013824	0.00012056757792365969
588410421.2273525	36657252494.77992	180373833725.95258	28388939166.26572	0.00011747797520424775
588468021.2273525	37068768520.61638	180562790815.3535	28246671758.616917	0.00011438876357726857
588525621.2273525	37483847186.52923	180751987092.26672	28108151165.345474	0.00011130048960364092
588583221.2273525	37902502890.90145	180941418425.71863	27973314276.388924	0.0001082137269038188
588640821.2273525	38324751143.35009	181131080680.26733	27842096961.93531	0.0001051290800743717
588698421.2273525	38750608505.58543	181320969716.2164	27714434126.068016	0.00010204718929053012
588756021.2273525	39180092507.345535	181511081389.82623	27590259764.66724	9.896873573530449e-05
588813621.2273525	39613221536.24411	181701411553.52536	27469507022.807274	9.589444802922444e-05
588871221.2273525	40050014701.259415	181891956056.12552	27352108254.85419	9.282510987704756e-05
588928821.2273525	40490491669.72688	182082710743.03366	27237995085.057045	8.976156920184219e-05
588986421.2273525	40934672477.03039	182273671456.46463	27127098469.322433	8.670474910609541e-05
589044021.2273525	41382577306.72198	182464834035.65732	27019348757.90975	8.365566108893185e-05
589101621.2273525	41834226236.86323	182656194317.0872	26914675758.241898	8.061542106430129e-05
589159221.2273525	42289638946.65351	182847748134.68185	26813008799.015957	7.758526887605452e-05
589216821.2273525	42748834376.65532	183039491320.03503	26714276793.45709	7.456659220370909e-05
589274421.2273525	43211830337.35345	183231419702.62323	26618408304.03126	7.156095601321572e-05
589332021.2273525	43678643065.46912	183423529110.0203	26525331605.143883	6.857013905184522e-05
589389621.2273525	44149286736.43405	183615815368.11395	26434974748.08565	6.559617934414309e-05
589447221.2273525	44623772954.723625	183808274301.32172	26347265622.500717	6.264143125586998e-05
589504821.2273525	45102110260.02552	184000901732.80777	26262132020.475483	5.970863750674939e-05
589562421.2273525	45584303702.9464	184193693484.69897	26179501696.67408	5.680102059781529e-05
589620021.2273525	46070354553.68797	184386645378.3034	26099302430.471138	5.3922399559609794e-05
589677621.2273525	46560260204.72501	184579753234.32648	26021462084.40083	5.107733982143264e-05
589735221.2273525	47054014310.085556	184773012873.0893	25945908663.754467	4.8271346445355516e-05
589792821.2273525	47551607170.37227	184966420114.74643	25872570372.592983	4.551111401342959e-05
589850421.2273525	48053026331.67221	185159970779.50388	25801375670.4724	4.280485000397779e-05
589908021.2273525	48558257329.768005	185353660687.838	25732253325.839592	4.016269206216764e-05
589965621.2273525	49067284489.84848	185547485660.7138	25665132468.9686	3.7597241813179356e-05
590023221.2273525	49580091691.80879	185741441519.80383	25599942642.680595	3.512423561858466e-05
590080821.2273525	50096663029.98679	185935524087.70758	25536613851.04452	3.276335926418737e-05
590138421.2273525	50616983325.66258	186129729188.17072	25475076607.033066	3.053917624278911e-05
590196021.2273525	51141038481.15485	186324052646.30453	25415261977.051525	2.848205674456456e-05
590253621.2273525	51668815688.58049	186518490288.8061	25357101624.90214	2.6628838945470335e-05
590311221.2273525	52200303521.073296	186713037944.17758	25300527852.02248	2.5022711087636604e-05
590368821.2273525	52735491939.89192	186907691442.94705	25245473637.86461	2.3711529843963213e-05
590426421.2273525	53274372249.76072	187102446617.88852	25191872675.54087	2.274371921410032e-05
590484021.2273525	53816937029.84002	187297299304.2426	25139659408.430634	2.216146145203745e-05
590541621.2273525	54363180061.23993	187492245339.93695	25088769061.34985	2.1992396689331823e-05
590599221.2273525	54913096265.510185	187687280565.8072	25039137673.35437	2.2242850258975953e-05
590656821.2273525	55466681662.74747	187882400825.81802	24990702124.761593	2.2895927131779833e-05
590714421.2273525	56023933353.128456	188077601967.28433	24943400165.52184	2.3915552150408546e-05
590772021.2273525	56584849521.66821	188272879841.09244	24897170438.715626	2.525430994200881e-05
590829621.2273525	57149429462.70186	188468230301.92126	24851952504.361717	2.6861551980078187e-05
590887221.2273525	57717673617.79136	188663649208.46417	24807686859.508583	2.8689311759774015e-05
590944821.2273525	58289583618.46747	188859132423.65067	24764314957.725018	3.069544618131335e-05
591002421.2273525	58865162323.49635	189054675814.86758	24721779225.804108	3.2844613334744286e-05
591060021.2273525	59444413839.35817	189250275254.18158	24680023079.106632	3.510798286330391e-05
591117621.2273525	60027343512.578575	189445926618.56064	24638990935.35125	3.746238452045582e-05
591175221.2273525	60613957883.62848	189641625790.0961	24598628225.653812	3.988931627805143e-05
591232821.2273525	61204264594.29436	189837368656.22522	24558881405.66067	4.237401606136887e-05
591290421.2273525	61798272243.55178	190033151109.95242	24519697962.887062	4.490467269714019e-05
591348021.2273525	62395990190.62913	190228969050.07257	24481026425.101032	4.747178758490721e-05
591405621.2273525	62997428307.50244	190424818381.3922	24442816364.28433	5.0067671797270116e-05
591463221.2273525	63602596685.9877	190620695014.95276	24405018402.306595	5.268605524082158e-05
591520821.2273525	64211505306.39547	190816594868.25217	24367584212.134396	5.532178471149916e-05
591578421.2273525	64824163675.37527	191012513865.46777	24330466520.794506	5.797059090568631e-05
591636021.2273525	65440580440.3498	191208447937.67844	24293619107.958553	6.062890831599555e-05
591693621.2273525	66060762987.600784	191404393023.08698	24256996806.734135	6.329373549283504e-05
591751221.2273525	66684717031.4574	191600345067.24274	24220555499.880127	6.59625260952363e-05
591808821.2273525	67312446204.09673	191796300023.2638	24184252118.21993	6.863310347169194e-05
591866421.2273525	67943951659.631645	191992253852.0595	24148044635.448418	7.130359328786471e-05
591924021.2273525	68579231712.29351	192188202522.55304	24111892063.69148	7.397237006032748e-05
591981621.2273525	69218281535.38809	192384142011.90308	24075754447.59063	7.663801446242578e-05
592039221.2273525	69861092953.19215	192580068305.72714	24039592857.378677	7.929927902227977e-05
592096821.2273525	70507654359.16376	192775977398.32318	24003369381.933178	8.195506039709855e-05
592154421.2273525	71157950788.20158	192971865292.89188	23967047119.974857	8.460437683167019e-05
592212021.2273525	71811964156.96265	193167728001.75916	23930590172.131256	8.724634972769477e-05
592269621.2273525	72469673665.86188	193363561546.5981	23893963630.501637	8.988018849194513e-05
592327221.2273525	73131056333.45355	193559361958.6511	23857133570.04207	9.250517801453857e-05
592384821.2273525	73796087614.3555	193755125278.9515	23820067036.494312	9.512066826868553e-05
592442421.2273525	74464742041.13237	193950847558.54608	23782732037.400623	9.77260656308902e-05
592500021.2273525	75136993831.3953	194146524858.7164	23745097528.79904	0.00010032082560362564
592557621.2273525	75812817412.85976	194342153251.20068	23707133405.484734	0.00010290444668704151
592615221.2273525	76492187837.26474	194537728818.41528	23668810487.235226	0.00010547646519664794
592672821.2273525	77175081073.72083	194733247653.6763	23630100508.066044	0.00010803645086338606
592730421.2273525	77861474188.82744	194928705861.42102	23590976102.357372	0.00011058400308377557
592788021.2273525	78551345432.32439	195124099557.4288	23551410793.221645	0.00011311874771242763
592845621.2273525	79244674252.67804	195319424869.0424	23511378978.42516	0.00011564033430906463
592903221.2273525	79941441267.84671	195514677935.3888	23470855918.217697	0.00011814843376784319
592960821.2273525	80641628214.10683	195709854907.6002	23429817721.28001	0.00012064273626952945
593018421.2273525	81345217891.77893	195904951949.0343	23388241331.63745	0.0001231229495073358
593076021.2273525	82052194122.12036	196099965235.495	23346104515.430702	0.00012558879714553414
593133621.2273525	82762541725.17299	196294890955.4527	23303385846.597885	0.00012804001747673948
593191221.2273525	83476246524.2382	196489725310.26398	23260064694.444263	0.00013047636224934877
593248821.2273525	84193295378.83723	196684464514.39212	23216121208.7941	0.00013289759564113793
593306421.2273525	84913676244.3379	196879104795.6263	23171536307.629005	0.0001353034933588449
593364021.2273525	85637378252.71895	197073642395.30127	23126291662.324364	0.00013769384184659445
593421621.2273525	86364391805.1005	197268073568.51657	23080369685.43389	0.00014006843758870318
593479221.2273525	87094708662.84123	197462394584.35565	23033753515.820473	0.00014242708649451664
593536821.2273525	87828322020.54198	197656601726.1048	22986427006.697567	0.0001447696033547168
593594421.2273525	88565226541.86469	197850691291.47113	22938374710.819813	0.00014709581136011473
593652021.2273525	89305418338.47908	198044659592.8018	22889581868.782833	0.0001494055416751513
593709621.2273525	90048894874.48012	198238502957.3015	22840034394.374916	0.00015169863305947395
593767221.2273525	90795654783.72525	198432217727.2504	22789718862.953518	0.00015397493153179663
593824821.2273525	91545697595.52747	198625800260.22174	22738622497.554398	0.00015623429007111827
593882421.2273525	92299023373.98706	198819246929.29907	22686733156.816017	0.00015847656835092105
593940021.2273525	93055632286.24005	199012554123.2933	22634039322.04067	0.00016070163250266083
593997621.2273525	93815524123.03906	199205718246.9594	22580530084.910984	0.00016290935490521845
594055221.2273525	94578697799.7366	199398735721.21262	22526195135.189133	0.00016509961399751606
594112821.2273525	95345150866.21475	199591602983.345	22471024748.483467	0.00016727229411174545
594170421.2273525	96114879051.0551	199784316487.2407	22415009774.647007	0.00016942728532507578
594228021.2273525	96887875859.7111	199976872703.5919	22358141625.255417	0.0001715644833278517
594285621.2273525	97664132240.44595	200169268120.11346	22300412263.091766	0.00017368378930666156
594343221.2273525	98443636326.91557	200361499241.7582	22241814189.33858	0.000175785109840705
594400821.2273525	99226373263.32556	200553562590.93115	22182340433.822903	0.000177868356810207
594458421.2273525	100012325116.96066	200745454707.70355	22121984542.392548	0.00017993344731568543
594516021.2273525	100801470882.63568	200937172150.0269	22060740567.611935	0.0001819803036070129
594573621.2273525	101593786582.87692	201128711493.94595	21998603056.649864	0.00018400885302140283
594631221.2273525	102389245465.10736	201320069333.81235	21935567041.939377	0.0001860190279294503
594688821.2273525	103187818292.05577	201511242282.49652	21871628029.82851	0.00018801076568855969
594746421.2273525	103989473714.29335	201702226971.60065	21806781991.500053	0.00018998400860304916
594804021.2273525	104794178705.47475	201893020051.67	21741025351.838936	0.00019193870389039807
594861621.2273525	105601899033.52214	202083618192.40472	21674354980.899734	0.0001938748036530849
594919221.2273525	106412599736.6583	202274018082.8706	21606768183.190678	0.00019579226485558654
594976821.2273525	107226245573.24236	202464216431.71033	21538262689.125114	0.00019769104930609805
595034421.2273525	108042801418.96916	202654209967.35275	21468836645.34054	0.00019957112364258345
595092021.2273525	108862232593.13388	202843995438.22354	21398488605.78392	0.00020143245932287832
595149621.2273525	109684505105.50957	203033569612.95422	21327217523.016262	0.00020327503261847066
595207221.2273525	110509585824.97119	203222929280.59106	21255022739.268555	0.0002050988246117434
595264821.2273525	111337442578.78052	203412071250.80347	21181903978.407635	0.00020690382119639784
595322421.2273525	112168044196.62854	203600992354.09222	21107861337.04014	0.00020869001308084094
595380021.2273525	113001360516.0478	203789689441.99686	21032895277.122166	0.00021045739579436234
595437621.2273525	113837362366.10197	203978159387.30273	20957006617.016434	0.000212205969695858
595495221.2273525	114676021544.99457	204166399084.24774	20880196524.96702	0.00021393573998500836
595552821.2273525	115517310805.05249	204354405448.72827	20802466509.969246	0.00021564671671568957
595610421.2273525	116361203855.89648	204542175418.50513	20723818415.888344	0.0002173389148115362
595668021.2273525	117207675393.72803	204729705953.40814	20644254412.65246	0.00021901235408348447
595725621.2273525	118056701161.54344	204916994035.54126	20563776990.495	0.0002206670592492205
595783221.2273525	118908258041.5513	205104036669.4864	20482388951.74275	0.00022230305995438334
595840821.2273525	119762324176.85257	205290830882.50705	20400093405.09205	0.00022392039079547268
595898421.2273525	120618879114.31729	205477373724.75146	20316893757.98344	0.00022551909134432572
595956021.2273525	121477903954.52028	205663662269.45502	20232793711.07354	0.00022709920617413663
596013621.2273525	122339381487.94388	205849693613.14227	20147797250.82244	0.00022866078488684093
596071221.2273525	123203296290.37315	206035464875.8283	20061908644.145992	0.00023020388214194665
596128821.2273525	124069634746.1018	206220973201.21964	19975132431.74015	0.00023172855768657918
596186421.2273525	124938384967.34494	206406215756.91492	19887473422.274002	0.0002332348763867948
596244021.2273525	125809536584.12123	206591189734.60367	19798936686.866386	0.00023472290826004563
596301621.2273525	126683080391.83655	206775892350.26688	19709527552.70923	0.00023619272850876452
596359221.2273525	127559007862.86954	206960320844.3744	19619251598.418774	0.0002376444175549957
596416821.2273525	128437310550.20892	207144472482.08328	19528114647.57478	0.00023907806107602644
596474421.2273525	129317979430.32811	207328344553.43567	19436122764.574936	0.00024049375004099604
596532021.2273525	130201004243.67351	207511934373.55505	19343282248.08241	0.0002418915807483697
596589621.2273525	131086372891.12477	207695239282.8426	19249599627.481922	0.00024327165486429765
596647221.2273525	131974070933.84486	207878256647.17285	19155081656.381725	0.00024463407946176755
596704821.2273525	132864081225.74898	208060983858.08853	19059735309.341118	0.0002459789670605207
596762421.2273525	133756383687.78249	208243418332.99524	18963567775.4506	0.00024730643566767856
596820021.2273525	134650955216.27057	208425557515.35468	18866586455.440166	0.0002486166088190466
596877621.2273525	135547769706.73213	208607398874.878	18768798955.59831	0.0002499096156210226
596935221.2273525	136446798170.23323	208788939907.71814	18670213084.684845	0.00025118559079307263
596992821.2273525	137348008920.22499	208970178136.66177	18570836848.62287	0.0002524446747107513
597050421.2273525	138251367811.6153	209151111111.32004	18470678447.145245	0.00025368701344917303
597108021.2273525	139156838518.34723	209331736408.31918	18369746269.08703	0.00025491275882689774
597165621.2273525	140064382839.38315	209512051631.4905	18268048888.90583	0.00025612206845021144
597223221.2273525	140973961024.9105	209692054412.05923	18165595062.518734	0.00025731510575767783
597280821.2273525	141885532114.76346	209871742408.83267	18062393723.54059	0.0002584920400649926
597338421.2273525	142799054280.02972	210051113308.38855	17958453980.070694	0.00025965304660998393
597396021.2273525	143714485157.44275	210230164825.26144	17853785110.175327	0.0002607983065977777
597453621.2273525	144631782165.32193	210408894702.12936	17748396559.61737	0.0002619280072460331
597511221.2273525	145550902790.176	210587300709.99936	17642297936.959755	0.00026304234183016916
597568821.2273525	146471804834.88403	210765380648.39206	17535499011.948765	0.00026414150972852487
597626421.2273525	147394446622.4679	210943132345.52637	17428009710.470478	0.0002652257164673968
597684021.2273525	148318787153.37762	211120553658.5024	17319840113.1666	0.00026629517376584855
597741621.2273525	149244786218.30246	211297642473.48444	17211000450.671356	0.0002673500995802226
597799221.2273525	150172404472.1986	211474396705.8828	17101501102.269863	0.0002683907181482991
597856821.2273525	151101603478.07837	211650814300.53485	16991352591.311546	0.00026941726003295956
597914421.2273525	152032345730.94684	211826893231.8858	16880565583.940802	0.0002704299621653249
597972021.2273525	152964594673.11667	212002631504.16803	16769150884.831148	0.0002714290678872276
598029621.2273525	153898314712.12152	212178027151.58023	16657119435.741795	0.00027241482699294137
598087221.2273525	154833471251.73828	212353078238.4653	16544482311.901688	0.000273387495770076
598144821.2273525	155770030745.3136	212527782859.48804	16431250719.913555	0.00027434733703948853
598202421.2273525	156707960778.64062	212702139139.8113	16317435995.104176	0.00027529462019414787
598260021.2273525	157647230186.84094	212876145235.27216	16203049598.921625	0.00027622962123680295
598317621.2273525	158587809205.74228	213049799332.55655	16088103116.8846	0.0002771526228163574
598375221.2273525	159529669652.68286	213223099649.37375	15972608255.699337	0.0002780639142627971
598432821.2273525	160472785124.20975	213396044434.62943	15856576841.783985	0.00027896379162056057
598490421.2273525	161417131188.84595	213568631968.59827	15740020817.904112	0.00027985255768022115
598548021.2273525	162362685542.8493	213740860563.09598	15622952242.54748	0.00028073052200831556
598605621.2273525	163309428087.712	213912728561.6498	15505383285.948462	0.00028159800097520357
598663221.2273525	164257340883.41568	214084234339.66864	15387326229.975473	0.00028245531778077655
598720821.2273525	165206407935.2691	214255376304.61252	15268793464.28788	0.0002833028024778929
598778421.2273525	166156614787.89694	214426152896.1606	15149797486.087265	0.00028414079199335756
598836021.2273525	167107947928.01233	214596562586.37897	15030350896.604998	0.00028496963014628345
598893621.2273525	168060394033.4583	214766603879.88715	14910466400.658287	0.00028578966766367185
598951221.2273525	169013939140.22385	214936275314.02402	14790156803.692902	0.0002866012621930435
599008821.2273525	169968567820.42398	215105575459.01245	14669435011.074091	0.0002874047783119149
599066421.2273525	170924262464.5271	215274502918.12366	14548314025.460974	0.0002882005875339711
599124021.2273525	171881002739.86887	215443056327.84003	14426806945.953426	0.00028898906831172896
599181621.2273525	172838765262.1272	215611234358.01782	14304926965.933361	0.00028977060603549936
599239221.2273525	173797523478.63028	215779035712.04816	14182687371.728691	0.0002905455930284539
599296821.2273525	174757247732.61685	215946459127.01755	14060101541.262064	0.0002913144285376136
599354421.2273525	175717905461.35886	216113503373.8676	13937182942.003433	0.0002920775187205486
599412021.2273525	176679461478.27402	216280167257.5536	13813945130.435892	0.00029283527662756983
599469621.2273525	177641878295.99347	216446449617.20215	13690401749.644342	0.0002935881221792487
599527221.2273525	178605116458.87192	216612349326.26794	13566566529.08998	0.0002943364821390013
599584821.2273525	179569134865.51196	216777865292.6898	13442453282.050604	0.0002950807900806014
599642421.2273525	180533891071.93723	216942996459.04602	13318075905.861454	0.00029582148635032783
599700021.2273525	181499341573.0408	217107741802.70575	13193448379.11585	0.0002965590180236325
599757621.2273525	182465442063.78625	217272100335.9872	13068584762.189718	0.00029729383885603467
599815221.2273525	183432147682.9846	217436071106.3046	12943499194.3981	0.00029802640922809863
599872821.2273525	184399413241.99152	217599653196.32236	12818205894.64775	0.00029875719608425633
599930421.2273525	185367193439.30917	217762845724.10196	12692719158.793842	0.00029948667286528884
599988021.2273525	186335443060.4389	217925647843.25732	12567053359.944483	0.00030021531943426896
600045621.2273525	187304117161.0929	218088058743.09448	12441222946.577324	0.00030094362199575907
600103221.2273525	188273171231.25583	218250077648.76804	12315242442.273932	0.0003016720730081037
600160821.2273525	189242561337.92075	218411703821.41776	12189126444.417284	0.00030240117108861115
600218421.2273525	190212244245.3461	218572936558.32352	12062889623.717915	0.0003031314209114604
600276021.2273525	191182177513.41183	218733775193.0401	11936546723.109581	0.00030386333309818296
600333621.2273525	192152319576.5906	218894219095.54947	11810112557.292429	0.00030459742410053625
600391221.2273525	193122629808.1122	219054267672.3938	11683602012.044935	0.0003053342160756598
600448821.2273525	194093068575.6183	219213920366.8261	11557030043.2375	0.000306074236753351
600506421.2273525	195063597296.00873	219373176658.94064	11430411676.961267	0.00030681801929536954
600564021.2273525	196034178497.92276	219532036065.8217	11303762007.940304	0.0003075661021466392
600621621.2273525	197004775900.4818	219690498141.67197	11177096200.25917	0.0003083190288782831
600679221.2273525	197975354516.17676	219848562477.95935	11050429485.599085	0.00030907734802240917
600736821.2273525	198945880784.0688	220006228703.54294	10923777164.080599	0.0003098416128985839
600794421.2273525	199916322736.20294	220163496484.8179	10797154602.749739	0.000310612381431975
600852021.2273525	200886650195.0028	220320365525.83923	10670577236.473392	0.0003113902159631415
600909621.2273525	201856834991.7445	220476835568.46472	10544060566.440474	0.00031217568304947255
600967221.2273525	202826851185.98938	220632906392.4761	10417620161.302723	0.00031296935325830023
601024821.2273525	203796675253.47458	220788577815.72037	10291271655.708107	0.00031377180095177253
601082421.2273525	204766286197.54214	220943849694.2284	10165030751.52004	0.00031458360406350083
601140021.2273525	205735665530.34647	221098721922.35422	10038913216.75394	0.00031540534386714694
601197621.2273525	206704797070.37823	221253194432.89117	9912934886.340712	0.0003162376047370439
601255221.2273525	207673666517.62506	221407267197.20944	9787111661.913155	0.00031708097390100587
601312821.2273525	208642260799.63864	221560940225.36996	9661459512.030212	0.0003179360411855268
601370421.2273525	209610567226.9055	221714213566.2589	9535994472.506563	0.0003188033987535701
601428021.2273525	210578572542.69974	221867087307.70007	9410732646.710974	0.0003196836408351825
601485621.2273525	211546261984.58377	222019561576.58698	9285690206.06785	0.00032057736345122333
601543221.2273525	212513618478.56476	222171636538.993	9160883390.325579	0.00032148516413048903
601600821.2273525	213480622059.47775	222323312400.30103	9036328508.775629	0.0003224076416205644
601658421.2273525	214447249562.3646	222474589405.31137	8912041939.850021	0.00032334539559277284
601716021.2273525	215413474576.7346	222625467838.36884	8788040133.36277	0.00032429902634160084
601773621.2273525	216379267614.93472	222775948023.46854	8664339609.78203	0.00032526913447901586
601831221.2273525	217344596425.54065	222926030324.38092	8540956962.884648	0.00032625632062412846
601888821.2273525	218309426382.08017	223075715144.75488	8417908859.188125	0.00032726118508866745
601946421.2273525	219273720889.95175	223225002928.23993	8295212040.777422	0.0003282843275587657
602004021.2273525	220237441772.54132	223373894158.58783	8172883325.165511	0.0003293263467735938
602061621.2273525	221200549615.20563	223522389359.77176	8050939608.093086	0.00033038784020137204
602119221.2273525	222163004059.89206	223670489096.0856	7929397863.922455	0.00033146940371336345
602176821.2273525	223124764052.59818	223818193972.26126	7808275148.650694	0.0003325716312564143
602234421.2273525	224085788051.18054	223965504633.56454	7687588600.669264	0.00033369511452466396
602292021.2273525	225046034203.0421	224112421765.9104	7567355443.87478	0.00033484044263108195
602349621.2273525	226005460502.08292	224258946095.9568	7447592989.231084	0.00033600820177944157
602407221.2273525	226964024932.78192	224405078391.2169	7328318637.557283	0.0003371989749374208
602464821.2273525	227921685607.131	224550819460.15042	7209549882.26876	0.0003384133415114836
602522421.2273525	228878400897.7961	224696170152.2737	7091304311.863054	0.0003396518770242511
602580021.2273525	229834129568.78897	224841131358.2484	6973599613.562877	0.00034091515279501905
602637621.2273525	230788830903.28455	224985704009.98862	6856453575.989005	0.0003422037356241213
602695221.2273525	231742464827.28665	225129889080.74744	6739884093.565286	0.00034351818748185254
602752821.2273525	232694992027.61688	225273687585.22147	6623909169.31894	0.00034485906520260106
602810421.2273525	233646374063.24365	225417100579.6344	6508546920.345213	0.000346226920184917
602868021.2273525	234596573470.07364	225560129161.8395	6393815580.752894	0.00034762229809814297
602925621.2273525	235545553860.8658	225702774471.40012	6279733508.199055	0.00034904573859631625
602983221.2273525	236493280023.5783	225845037689.68954	6166319187.050151	0.0003504977750399679
603040821.2273525	237439718022.97958	225986920039.9693	6053591235.818623	0.00035197893422644455
603098421.2273525	238384835311.4208	226128422787.4857	5941568411.278014	0.00035348973612938555
603156021.2273525	239328600854.97223	226269547239.54706	5830269616.115914	0.00035503069364792674
603213621.2273525	240270985280.2966	226410294745.6111	5719713904.58412	0.00035660231236621327
603271221.2273525	241211961045.2483	226550666697.37292	5609920490.409089	0.00035820509032372127
603328821.2273525	242151502631.76865	226690664528.8369	5500908753.858006	0.0003598395177969402
603386421.2273525	243089586752.71558	226830289716.40182	5392698250.284547	0.00036150607709284984
603444021.2273525	244026192554.67944	226969543778.94357	5285308718.567341	0.00036320524235465096
603501621.2273525	244961301787.0455	227108428277.8839	5178760090.258052	0.0003649374793801336
603559221.2273525	245894898895.32645	227246944817.27072	5073072499.873184	0.00036670324545306463
603616821.2273525	246826970987.60156	227385095043.85654	4968266294.452305	0.0003685029891878915
603674421.2273525	247757507621.91162	227522880647.1634	4864362045.80769	0.0003703371503880709
603732021.2273525	248686500375.29202	227660303359.55832	4761380560.716322	0.0003722061599182261
603789621.2273525	249613942185.0112	227797364956.3282	4659342894.902134	0.00037411043959036615
603847221.2273525	250539826496.8167	227934067255.73965	4558270364.455293	0.00037605040206428606
603904821.2273525	251464146302.90613	228070412119.11096	4458184561.145294	0.0003780264507622735
603962421.2273525	252386893187.53638	228206401450.88147	4359107365.31973	0.00038003897979817377
604020021.2273525	253308056505.6588	228342037198.66827	4261060962.6794662	0.0003820883739208483
604077621.2273525	254227622794.55096	228477321353.33405	4164067858.408384	0.00038417500847197844
604135221.2273525	255145575468.5585	228612255949.04544	4068150895.3216105	0.0003862992493581769
604192821.2273525	256061894790.62524	228746843063.34042	3973333269.468725	0.00038846145303726373
604250421.2273525	256976558069.27225	228881084817.1753	3879638549.0478816	0.0003906619665185912
604308021.2273525	257889540006.27353	229014983374.98944	3787090691.696094	0.00039290112737720863
604365621.2273525	258800813118.59872	229148540944.7563	3695714063.264569	0.00039517926378163657
604423221.2273525	259710348171.62247	229281759778.04428	3605533456.5000134	0.00039749669453500037
604480821.2273525	260618114580.5722	229414642170.05942	3516574109.399835	0.00039985372912922096
604538421.2273525	261524080756.94595	229547190459.70166	3428861724.02406	0.00040225066781191795
604596021.2273525	262428214392.42365	229679407029.61343	3342422483.758182	0.0004046878016656863
604653621.2273525	263330482683.52335	229811294306.2247	3257283070.9376974	0.0004071654126993407
604711221.2273525	264230852506.41153	229942854759.80612	3173470681.2938776	0.0004096837739507122
604768821.2273525	265129290553.9657	230074090904.5029	3091013038.8046384	0.0004122431496005679
604826421.2273525	266025763447.559	230205005298.38455	3009938404.8703866	0.0004148437950971807
604884021.2273525	266920237834.99814	230335600543.4844	2930275587.3479233	0.00041748595729108125
604941621.2273525	267812680484.20572	230465879285.83896	2852053941.6920795	0.0004201698745794773
604999221.2273525	268703058380.01236	230595844215.52405	2775303369.919129	0.0004228957770598613
605056821.2273525	269591338829.05038	230725498066.69806	2700054309.25579	0.0004256638866922399
605114421.2273525	270477489575.41074	230854843617.6262	2626337715.3138566	0.0004284744174695058
605172021.2273525	271361478927.6382	230983883690.72046	2554185032.392189	0.00043132757559536256
605229621.2273525	272243275895.92755	231112621152.569	2483628153.6166816	0.0004342235596693073
