573319221.2273525	-141584065527.568	45684190946.16828	-21033367.71882826	-9932.994316409315	-28939.53050481743	0.9006915533942341	4000.0
573376821.2273525	-142146693194.51065	44013851700.25576	-20979709.52449345	-9602.451652565976	-29057.714198642843	0.9628716773920571	3998.0752709636495
573434421.2273525	-142690241134.38974	42336816839.818054	-20922394.759560216	-9270.511939619888	-29172.01409665902	1.0276633342017738	3996.1376037007803
573492021.2273525	-143214630287.50766	40653310587.496086	-20861271.705965042	-8937.224193189611	-29282.412394784813	1.0951113356540492	3994.1868639175677
573549621.2273525	-143719784425.2809	38963558171.92858	-20796186.083718512	-8602.637698488132	-29388.89196746103	1.165259824321526	3992.222926090149
573607221.2273525	-144205630165.46725	37267785788.52606	-20726981.08968741	-8266.801999845346	-29491.436372587417	1.238152265461448	3990.2456733557283
573664821.2273525	-144672096986.78683	35566220559.96594	-20653497.436836153	-7929.7668901263805	-29590.029856277262	1.313831439127856	3988.2549973991627
573722421.2273525	-145119117242.93045	33859090496.418755	-20575573.39391749	-7591.582400049294	-29684.65735742732	1.3923394324538105	3986.250798335615
573780021.2273525	-145546626175.94992	32146624455.516815	-20493044.825602993	-7252.298787405751	-29775.304512100494	1.4737176321040157	3984.232984589815
573837621.2273525	-145954561929.02478	30429052102.07571	-20405745.23304328	-6911.966526188403	-29861.957657719184	1.5580067168982892	3982.2014727724363
573895221.2273525	-146342865558.60324	28706603867.580128	-20313505.794848405	-6570.636295628738	-29944.60383706775	1.64524665060622	3980.1561875540624
573952821.2273525	-146711481045.89465	26979510909.443317	-20216155.408477414	-6228.358969148768	-30023.230802098213	1.7354766749132586	3978.097061537175
574010421.2273525	-147060355307.75162	25248005070.055595	-20113520.73202995	-5885.185603231494	-30097.82701754625	1.828735302558882	3976.02403512657
574068021.2273525	-147389438206.8809	23512318835.627728	-20005426.226426274	-5541.167426212579	-30168.381664343666	1.9250603106467383	3973.9370563985763
574125621.2273525	-147698682561.4197	21772685294.84465	-19891694.197968636	-5196.355826998265	-30234.884642834288	2.024488734127399	3971.8360809694054
574183221.2273525	-147988044153.85895	20029338097.33965	-19772144.841272816	-4850.8023437131105	-30297.326575788178	2.1270568594538277	3969.7210718629563
574240821.2273525	-148257481739.31128	18282511412.00075	-19646596.282560345	-4504.558652281648	-30355.69881121333	2.23280021840991	3967.5919993783486
574298421.2273525	-148506957053.1083	16532439885.120373	-19514864.62330032	-4157.676554947829	-30409.993424960285	2.341753582112149	3965.448840957445
574356021.2273525	-148736434817.75964	14779358598.402369	-19376763.984193474	-3810.207968737006	-30460.20322312609	2.45395095518504	3963.2915810525915
574413621.2273525	-148945882749.22095	13023503026.835056	-19232106.549485028	-3462.204913863739	-30506.32174424562	2.5694255701099724	3961.120210994784
574471221.2273525	-149135271562.50446	11265108996.444792	-19080702.61159884	-3113.7195020902454	-30548.343261276677	2.6882098817480813	3958.9347288624485
574528821.2273525	-149304574976.6192	9504412641.941164	-18922360.616082117	-2764.803925039554	-30586.262783375554	2.8103355620371895	3956.735139350999
574586421.2273525	-149453769718.82156	7741650364.265573	-18756887.206849616	-2415.5104424673837	-30620.076057458307	2.9358334948628144	3954.5214536433195
574644021.2273525	-149582835528.21844	5977058788.056795	-18584087.271720033	-2065.891370497612	-30649.77956955618	3.0647337711037728	3952.2936892813022
574701621.2273525	-149691755158.6631	4210874719.043839	-18403763.98823104	-1715.9990698249107	-30675.37054595195	3.197065683851985	3950.051870038548
574759221.2273525	-149780514380.98734	2443335101.379864	-18215718.869725578	-1365.8859338894447	-30696.846954106124	3.332857723806995	3947.796025794334
574816821.2273525	-149849101984.53528	674676974.9287854	-18019751.811697435	-1015.6043770276564	-30714.207503364978	3.4721375748449206	3945.5261924089295
574874421.2273525	-149897509778.04254	-1094862567.4825597	-17815661.138388734	-665.2068226038792	-30727.451645459554	3.614932109762424	3943.2424116003285
574932021.2273525	-149925732589.8025	-2865046422.834905	-17603243.649625827	-314.745691126711	-30736.579574782776	3.7612673861950983	3940.9447308224626
574989621.2273525	-149933768267.16565	-4635637520.696794	-17382294.66788625	35.72661164507008	-30741.59222845431	3.9111686427107926	3938.6332031449415
575047221.2273525	-149921617675.33307	-6406398866.002033	-17152608.085584566	386.15770660284295	-30742.49128616463	4.064660295077465	3936.307887134361
575104821.2273525	-149889284695.5001	-8177093581.812564	-16913976.41257016	736.4952531900987	-30739.27916980975	4.221765932706199	3933.96884673721
575162421.2273525	-149836776222.28162	-9947484952.05346	-16666190.823822971	1086.6869613018264	-30731.959042902407	4.38250831526857	3931.6161511643963
575220021.2273525	-149764102160.45502	-11717336464.2076	-16409041.20733924	1436.6806031766819	-30720.53480976697	4.546909369488664	3929.249874777413
575277621.2273525	-149671275421.04532	-13486411851.95878	-16142316.212198537	1786.4240252775912	-30705.01111452293	4.714990186110068	3926.8700969761485
575335221.2273525	-149558311916.69916	-15254475137.768995	-15865803.296798868	2135.8651601563265	-30685.393339846414	4.88677101703703	3924.476902088348
575392821.2273525	-149425230556.37402	-17021290675.377907	-15579288.777251422	2484.95203829755	-30661.687605514726	5.0622712726499515	3922.0703792607273
575450421.2273525	-149272053239.37775	-18786623192.213966	-15282557.875926577	2833.63279993806	-30633.900766741546	5.241509519295673	3919.6506223517263
575508021.2273525	-149098804848.69708	-20550237831.70176	-14975394.770137763	3181.855706856611	-30602.040412290185	5.4245034769514415	3917.2177298259003
575565621.2273525	-148905513243.64618	-22311900195.45425	-14657582.640954949	3529.569154129891	-30566.11486237157	5.611270017062788	3914.7718046499313
575623221.2273525	-148692209251.87674	-24071376385.340275	-14328903.722139338	3876.7216818506186	-30526.133166335665	5.80182516055592	3912.3129541902463
575680821.2273525	-148458926660.66193	-25828433045.40924	-13989139.349185135	4223.261986802684	-30482.10510013863	5.996184076022765	3909.841290112221
575738421.2273525	-148205702207.55984	-27582837403.667713	-13638070.008463204	4569.138934089791	-30434.04116360771	6.194361078080397	3907.356928280953
575796021.2273525	-147932575570.36127	-29334357313.688305	-13275475.386452066	4914.301568712366	-30381.95257748486	6.3963696259027	3904.859988663575
575853621.2273525	-147639589356.41925	-31082761296.046577	-12901134.419050602	5258.699127089351	-30325.851280269326	6.602222321925947	3902.3505952330916
575911221.2273525	-147326789091.26877	-32827818579.565273	-12514825.340958234	5602.281048519522	-30265.74992484103	6.811930910726019	3899.8288758737067
575968821.2273525	-146994223206.63724	-34569299142.36324	-12116325.735116927	5944.996986579253	-30201.661874885915	7.025506278069097	3897.2949622876235
576026421.2273525	-146641943027.7495	-36306973752.68685	-11705412.58220078	6286.7968204511235	-30133.60120110397	7.2429584501333135	3894.7489899032803
576084021.2273525	-146270002760.03555	-38040614009.52324	-11281862.31014766	6627.63066618067	-30061.582677222894	7.464296592903372	3892.1910977850007
576141621.2273525	-145878459475.13678	-39769992382.97136	-10845450.843718592	6967.448887855426	-29985.621775796575	7.6895290117353134	3889.62142854403
576199221.2273525	-145467373096.32745	-41494882254.37242	-10395953.654079465	7306.202108703958	-29905.73466381318	7.918663151093756	3887.040128250925
576256821.2273525	-145036806383.2413	-43215057956.1738	-9933145.808390776	7643.84122210876	-29821.938198090887	8.151705594458384	3884.447346349271
576314421.2273525	-144586824916.0256	-44930294811.5304	-9456802.019400042	7980.317402531155	-29734.249920487182	8.388662064402293	3881.843235570698
576372021.2273525	-144117497078.8078	-46640369173.61539	-8966696.695022637	8315.582116341811	-29642.688052899088	8.629537422838615	3879.2279518511673
576429621.2273525	-143628894042.60352	-48345058464.6469	-8462603.987905635	8649.587132555465	-29547.271492081618	8.87433567143843	3876.6016542484977
576487221.2273525	-143121089747.545	-50044141214.6006	-7944297.844960676	8982.28453346315	-29448.01980426042	9.123059952215831	3873.964504861107
576544821.2273525	-142594160884.5663	-51737397099.61726	-7411552.05686028	9313.626725161048	-29344.9532195677	9.375712548283573	3871.316668747938
576602421.2273525	-142048186876.41708	-53424606980.07283	-6864140.307483843	9643.56644796895	-29238.09262627615	9.632294884774758	3868.6583138495444
576660021.2273525	-141483249858.14893	-55105552938.32331	-6301836.223307553	9972.056786737985	-29127.459564861427	9.89280752993438	3865.989610910308
576717621.2273525	-140899434656.94055	-56780018316.08941	-5724413.422724897	10299.051181040217	-29013.076221866722	10.157250196375646	3863.3107334017614
576775221.2273525	-140296828771.41196	-58447787751.49618	-5131645.5652916245	10624.503435240442	-28894.965423601592	10.425621742505344	3860.621857446993
576832821.2273525	-139675522350.28766	-60108647215.7302	-4523306.40088229	10948.36772844233	-28773.150629647345	10.697920174112722	3857.9231617461064
576890421.2273525	-139035608170.56656	-61762384049.332825	-3899169.8187519372	11270.59862430993	-28647.655926202508	10.974142646126523	3855.2148275027102
576948021.2273525	-138377181615.05545	-63408786998.0896	-3259009.8964905646	11591.151080756339	-28518.506019240347	11.254285464534254	3852.4970383514183
577005621.2273525	-137700340649.4109	-65047646248.534195	-2602600.94886327	11909.980459500624	-28385.726227509393	11.53834408846809	3849.769980286334
577063221.2273525	-137005185798.59601	-66678753463.03574	-1929717.5765249752	12227.042535486275	-28249.34247535907	11.826313132453054	3847.033841590497
577120821.2273525	-136291820122.8133	-68301901814.471596	-1240134.7146011516	12542.293506159705	-28109.381285404306	12.118186368818828	3844.288812766273
577178421.2273525	-135560349192.90459	-69916886020.47218	-533627.6811249185	12855.690000605122	-27965.86977102868	12.413956730273913	3841.5350864666625
577236021.2273525	-134810881065.22952	-71523502377.2297	190027.7746787994	13167.189088532625	-27818.83562872991	12.713616312641598	3838.7728574275125
577293621.2273525	-134043526256.02963	-73121548792.8612	931055.4242713508	13476.74828911656	-27668.307130310415	13.017156377756967	3836.002322400611
577351221.2273525	-133258397715.28857	-74710824820.3176	1689678.5118499186	13784.325579681166	-27514.31311491674	13.324567356524406	3833.2236800876412
577408821.2273525	-132455610800.09656	-76291131689.82997	2466119.706577802	14089.879404230614	-27356.882980930783	13.63583885213475	3830.4371310749852
577466421.2273525	-131635283247.52733	-77862272340.88438	3260601.0550045907	14393.368681820637	-27196.046677716367	13.950959643441431	3827.642877769354
577524021.2273525	-130797535147.0382	-79424051453.71745	4073343.9336853623	14694.752814769	-27031.834697224403	14.269917688494848	3824.8411243342293
577581621.2273525	-129942488912.40125	-80976275480.32411	4904569.002007993	14993.991696702224	-26864.278065460356	14.592700128234226	3822.0320766271025
577639221.2273525	-129070269253.17671	-82518752674.97037	5754496.155237654	15291.045720435981	-26693.408333817435	14.919293290336167	3819.2159421374954
577696821.2273525	-128181003145.73651	-84051293124.20284	6623344.477787445	15585.8757856866	-26519.257570279005	15.2496826932191	3816.3929299257456
577754421.2273525	-127274819803.84846	-85573708776.3478	7511332.196724202	15878.443306611463	-26341.85835049402	15.583853050202844	3813.5632505625467
577812021.2273525	-126351850648.83229	-87085813470.4929	8418676.635518307	16168.710219175806	-26161.243748729143	15.921788273822465	3810.7271160692267
577869621.2273525	-125412229279.29448	-88587422964.94394	9345594.1680464	16456.638988343828	-25977.447328701004	16.26347148029554	3807.8847398587536
577927221.2273525	-124456091440.45624	-90078354965.15054	10292300.17285584	16742.192615091924	-25790.503134292932	16.608884994142027	3805.036336677457
577984821.2273525	-123483574993.08057	-91558429151.0934	11259008.987699563	17025.33464324201	-25600.445680159322	16.958010352955856	3802.1821225474514
578042421.2273525	-122494819882.01234	-93027467204.12773	12245933.864350248	17306.029166113007	-25407.30994222194	17.310828312327335	3799.322314709754
578100021.2273525	-121489968104.34018	-94485292833.2761	13253286.923702251	17584.240832988573	-25211.131348061903	17.667318850915496	3796.457131568082
578157621.2273525	-120469163677.191	-95931731800.96469	14281279.11117003	17859.934855399384	-25011.945767211273	18.027461175669476	3793.586792633323
578215221.2273525	-119432552605.16776	-97366611948.19777	15330120.15239154	18133.0770132182	-24809.78950134809	18.391233727197882	3790.71151846867
578272821.2273525	-118380282847.44278	-98789763219.16487	16400018.509245284	18403.633660566247	-24604.699274399118	18.75861418528548	3787.8315306354048
578330421.2273525	-117312504284.51463	-100201017685.27489	17491181.336189143	18671.571731529235	-24396.712222553982	19.129579474555815	3784.947051639333
578388021.2273525	-116229368684.64285	-101600209568.61307	18603814.436929777	18936.858745681875	-24185.865884194933	19.504105770279224	3782.05830487785
578445621.2273525	-115131029669.96857	-102987175264.81506	19738122.22143049	19199.46281341929	-23972.19818974619	19.882168504324966	3779.1655145876393
578503221.2273525	-114017642682.33508	-104361753365.35455	20894307.663266294	19459.352641094356	-23755.747451447078	20.263742371256527	3776.268905792993
578560821.2273525	-112889364948.8168	-105723784679.23943	22072572.25733399	19716.497535959705	-23536.55235305279	20.64880133456916	3773.368704254744
578618421.2273525	-111746355446.97055	-107073112254.11295	23273115.977925677	19970.86741091344	-23314.651939467265	21.037318633068498	3770.46513641981
578676021.2273525	-110588774869.81757	-108409581396.75569	24496137.237173777	20222.432789047572	-23090.085606311786	21.429266787389302	3767.5584293713378
578733621.2273525	-109416785590.57074	-109733039692.98497	25741832.843875308	20471.16480799839	-22862.893089433954	21.82461760665321	3764.648810779444
578791221.2273525	-108230551627.116	-111043337026.94852	27010397.962703962	20717.035224097992	-22633.114454360795	22.22334219526439	3761.736508852546
578848821.2273525	-107030238606.26093	-112340325599.80893	28302026.07381727	20960.01641632638	-22400.79008570034	22.625410959842075	3758.821752289279
578906421.2273525	-105816013727.76093	-113623859947.81636	29616908.932867143	21200.081390063457	-22165.960676495746	23.03079361628887	3755.904770230992
578964021.2273525	-104588045728.13554	-114893796959.7667	30955236.531421393	21437.203780640608	-21928.667217536033	23.43945919699354	3752.9857922148194
579021621.2273525	-103346504844.28574	-116149995893.84308	32317197.057803985	21671.357856691346	-21688.95098662784	23.851376058167425	3750.0650481273246
579079221.2273525	-102091562776.92397	-117392318393.83804	33702976.85836166	21902.51852330089	-21446.853537831943	24.26651188731306	3747.1427681587093
579136821.2273525	-100823392653.82874	-118620628504.7551	35112760.39916459	22130.661324954413	-21202.416690669103	24.684833710824027	3744.219182757585
579194421.2273525	-99542168992.93523	-119834792687.78802	36546730.22814848	22355.7624482839	-20955.682519299025	25.10630790171475	3741.2945225863027
579252021.2273525	-98248067665.27296	-121034679834.67532	38005066.93770564	22577.79872461352	-20706.693341676633	25.530900187479066	3738.3690184768407
579309621.2273525	-96941265857.76349	-122220161281.4305	39487949.127732426	22796.74763230386	-20455.49170868999	25.95857565807642	3735.4429013872386
579367221.2273525	-95621942035.88815	-123391110821.44556	40995553.36914019	23012.587298894898	-20202.120393283596	26.38929877404437	3732.5164023585844
579424821.2273525	-94290275906.2385	-124547404717.96817	42528054.16783738	23225.296503048194	-19946.622379571345	26.823033374736248	3729.5897524725433
579482421.2273525	-92946448378.96086	-125688921715.95126	44085623.92918947	23434.854676288604	-19689.040851943268	27.25974268668272	3726.6631828094305
579540021.2273525	-91590641530.10529	-126815543053.27487	45668432.92296407	23641.241904545954	-19429.419184169783	27.69938933207588	3723.7369244068223
579597621.2273525	-90223038563.89322	-127927152471.3411	47276649.2487684	23844.438929497253	-19167.800928507884	28.141935337374868	3720.811208218703
579655221.2273525	-88843823774.9118	-129023636225.04105	48910438.80198573	24044.427149710045	-18904.2298048128	28.58734214203133	3717.886265075147
579712821.2273525	-87453182510.2491	-130104883092.0952	50569965.24021792	24241.18862158755	-18638.74968965951	29.035570607333806	3714.9623256425307
579770421.2273525	-86051301131.58029	-131170784381.76746	52255389.950240724	24434.706060116652	-18371.40460547771	29.486581025369556	3712.039620384273
579828021.2273525	-84638366977.21646	-132221233942.954	53966872.01547876	24624.962839419175	-18102.23870970432	29.940333128102445	3709.118379522104
579885621.2273525	-83214568324.12709	-133256128171.64757	55704568.18400656	24811.94299310785	-17831.296283957272	30.396786096565677	3706.1988329978567
579943221.2273525	-81780094349.94783	-134275366017.7793	57468632.837082356	24995.631214447785	-17558.621723234526	30.85589857016799	3703.2812104357804
580000821.2273525	-80335135094.98482	-135278848991.43892	59259217.95822148	25176.01285632459	-17284.259525142064	31.317628656111903	3700.365741105374
580058421.2273525	-78879881424.22563	-136266481168.47559	61076473.10281483	25353.073931020404	-17008.25427915447	31.781933938922688	3697.452653884738
580116021.2273525	-77414524989.36928	-137238169195.481	62920545.36830007	25526.80110979911	-16730.650655912043	32.24877149008668	3694.5421772244413
580173621.2273525	-75939258190.88539	-138193822294.1573	64791579.3648905	25697.18172230207	-16451.493396558046	32.71809787779756	3691.6345391119007
580231221.2273525	-74454274140.11366	-139133352265.07214	66689717.18686886	25864.20375575581	-16170.827302119527	33.189869176809076	3688.729967036276
580288821.2273525	-72959766621.41383	-140056673490.80283	68615098.38445126	26027.855853993253	-15888.697222935542	33.664040978392954	3685.828687953869
580346421.2273525	-71455930054.37828	-140963702938.47397	70567859.93622805	26188.12731628993	-15605.148048136249	34.140568400400426	3682.930928254037
580404021.2273525	-69942959456.11642	-141854360161.69006	72548136.22218712	26345.00809601702	-15320.224695176235	34.61940609742608	3680.0369137256066
580461621.2273525	-68421050403.62146	-142728567301.86646	74556058.99732511	26498.488799112725	-15033.972099425662	35.100508271072314	3677.1468695237954
580519221.2273525	-66890398996.231514	-143586249088.96356	76591757.36585347	26648.56068237396	-14746.435203822544	35.58382868031335	3674.2610201376337
580576821.2273525	-65351201818.193	-144427332841.62573	78655357.75600354	26795.21565157015	-14457.658948589504	36.06932065195683	3671.379589357888
580634421.2273525	-63803655901.338875	-145251748466.7309	80746983.89543769	26938.44625938098	-14167.688261018298	36.55693709120195	3668.5028002454824
580692021.2273525	-62247958687.89	-146059428458.3528	82866756.78727092	27078.245703160264	-13876.56804532529	37.04663049229237	3665.6308751004153
580749621.2273525	-60684307993.39044	-146850307896.1416	85014794.68670861	27214.607822527774	-13584.343172581133	37.53835294926242	3662.7640354311743
580807221.2273525	-59112901969.78609	-147624324443.12646	87191213.0783066	27347.527096791346	-13291.058470717599	38.03205616677528	3659.902501924639
580864821.2273525	-57533939068.65753	-148381418342.94495	89396124.6538574	27476.998642201284	-12996.758714614876	38.52769147105124	3657.0464944164796
580922421.2273525	-55947618004.614784	-149121532416.5039	91629639.29090895	27603.01820903931	-12701.488616271981	39.025209820884946	3654.196231862038
580980021.2273525	-54354137718.86477	-149844612058.07605	93891864.03192014	27725.58217854446	-12405.292815063507	39.52456181874963	3651.3519323077026
581037621.2273525	-52753697342.960846	-150550605230.83853	96182903.06405848	27844.687559678066	-12108.215868085419	40.02569772198712	3648.5138128627627
581095221.2273525	-51146496162.74289	-151239462461.85825	98502857.69964528	27960.331985730456	-11810.302240592784	40.52856745408191	3645.682089671748
581152821.2273525	-49532733582.47731	-151911136836.5279	100851826.35725155	28072.513710771484	-11511.59629653202	41.033120616017634	3642.856977887248
581210421.2273525	-47912609089.20632	-152565583992.46094	103229904.54345132	28181.231605947807	-11212.142289170592	41.53930649771461	3640.038691643207
581268021.2273525	-46286322217.314064	-153202762112.84857	105637184.83523566	28286.485155629	-10911.984351826468	42.04707408954649	3637.2274440287024
581325621.2273525	-44654072513.32017	-153822631919.28647	108073756.86309227	28388.274453405356	-10611.166488700157	42.55637209393469	3634.4234470621873
581383221.2273525	-43016059500.90715	-154425156664.0758	110539707.29475525	28486.600197939973	-10309.732565811595	43.067148937019006	3631.626911666213
581440821.2273525	-41372482646.19074	-155010302122.00568	113035119.81962907	28581.463688677693	-10007.726302044304	43.57935278040243	3628.8380476426155
581498421.2273525	-39723541323.242516	-155578036581.62277	115560075.13389134	28672.866821413623	-9705.191260299407	44.09293153296905	3626.0570636481707
581556021.2273525	-38069434779.87048	-156128330835.99478	118114650.92627844	28760.81208372405	-9402.170838761336	44.6078328627729	3623.284167170714
581613621.2273525	-36410362103.66768	-156661158172.97375	120698921.86455733	28845.30255026246	-9098.708262277858	45.124004208996546	3620.5195645057224
581671221.2273525	-34746522188.334854	-157176494364.96643	123312959.5826889	28926.341877923416	-8794.84657385621	45.641392793977175	3617.7634607333525
581728821.2273525	-33078113700.286205	-157674317658.21838	125956832.66868578	29003.93430087732	-8490.628626277748	46.159945635299366	3615.0160596959404
581786421.2273525	-31405335045.54379	-158154608761.6181	128630606.65316795	29078.084625478696	-8186.097073832606	46.67960955795183	3612.27756397595
581844021.2273525	-29728384336.929756	-158617350835.02902	131334343.99862134	29148.798225051014	-7881.294364176843	47.200331206547354	3609.5481748743778
581901621.2273525	-28047459361.56193	-159062529477.15558	134068104.0893612	29216.08103455112	-7576.262730313552	47.72205705760372	3606.8280923896014
581959221.2273525	-26362757548.659985	-159490132712.95154	136831943.22220504	29279.939545115853	-7271.044182699667	48.24473343188398	3604.1175151966772
582016821.2273525	-24674475937.669876	-159900150980.5772	139625914.59785837	29340.380798494232	-6965.680501480615	48.76830650679462	3601.4166406270783
582074421.2273525	-22982811146.71078	-160292577117.91226	142450068.31301498	29397.412381367907	-6660.213228853713	49.2927223288395	3598.725664648873
582132021.2273525	-21287959341.353794	-160667406348.63388	145304451.35317743	29451.042419563026	-6354.683661562629	49.81792682612815	3596.0447818473413
582189621.2273525	-19590116203.736473	-161024636267.86536	148189107.58619922	29501.279572156593	-6049.132843523891	50.34386582093673	3593.3741854060204
582247221.2273525	-17889476902.01918	-161364266827.40378	151104077.75655124	29548.133025480158	-5743.601558586939	50.87048504231942	3590.714067088186
582304821.2273525	-16186236060.191029	-161686300320.53558	154049399.480317	29591.612487024187	-5438.130323429271	51.39773013876933	3588.0646172187567
582362421.2273525	-14480587728.22861	-161990741366.44547	157025107.24091798	29631.72817924592	-5132.759380587693	51.925546690926275	3585.4260246666254
582420021.2273525	-12772725352.614489	-162277596894.2287	160031232.38557205	29668.490833283937	-4827.528691626976	52.453880224330234	3582.7984768274064
582477621.2273525	-11062841747.220398	-162546876126.5138	163067803.12248877	29701.911682582595	-4522.47793044712	52.9826762222187	3580.182159606604
582535221.2273525	-9351129064.560492	-162798590562.70358	166134844.51880148	29732.002456429174	-4217.646476730145	53.51188013836578	3577.577257403192
582592821.2273525	-7637778767.41815	-163032753961.84274	169232378.49924168	29758.77537340717	-3913.0734095273556	54.041437409961574	3574.9839530936056
582650421.2273525	-5922981600.853877	-163249382325.12033	172360423.845555	29782.243134768545	-3608.797500988305	54.571293470530144	3572.4024280161343
582708021.2273525	-4206927564.595697	-163448493878.0152	175518996.19666383	29802.418917728315	-3304.857210231792	55.10139376288378	3569.8328619557237
582765621.2273525	-2489805885.819031	-163630109052.09177	178708108.04957512	29819.31636868428	-3001.290677360165	55.63168375211244	3567.2754331291717
582823221.2273525	-771804992.3185308	-163794250466.45654	181927768.76103947	29832.949596365306	-2698.1357176172182	56.16210893860586	3564.730318170721
582880821.2273525	946887513.9231607	-163940942908.8807	185177984.5499597	29843.333164911113	-2395.429815690674	56.69261487110722	3562.1976921180435
582938421.2273525	2666084882.766079	-164070213316.60007	188458758.50055242	29850.482086886615	-2093.2101201594446	57.22314715979589	3559.677728398609
582996021.2273525	4385601241.539727	-164182090756.79843	191770090.56626502	29854.411816234067	-1791.5134380864815	57.75365148939802	3557.1705988164404
583053621.2273525	6105251620.261939	-164276606406.78415	195111977.57444692	29855.138241165972	-1490.3762297574588	58.2840736323226	3554.6764735392458
583111221.2273525	7824851976.446757	-164353793533.86777	198484413.23177955	29852.67767700192	-1189.8346035656866	58.81435946182178	3552.195521085926
583168821.2273525	9544219219.498175	-164413687474.9491	201887388.13046408	29847.046858952363	-889.9243110436091	59.34445496517288	3549.7279083144517
583226421.2273525	11263171234.687035	-164456325615.82263	205320889.75516978	29838.262934852366	-590.680742040963	59.87430625688096	3547.273800410108
583284021.2273525	12981526906.707512	-164481747370.20917	208784902.49074274	29826.343457848525	-292.1389200499457	60.403859591899675	3544.8333608741
583341621.2273525	14699106142.811598	-164489994158.5226	212279407.63067698	29811.306379041864	5.6665023226428275	60.93306137886858	3542.406751512517
583399221.2273525	16415729895.518438	-164481109386.37976	215804383.38634816	29793.17004008988	302.7012477362664	61.46185819336522	3539.994132425648
583456821.2273525	18131220184.89602	-164455138422.86307	219359804.89701167	29771.95316577071	598.9314183503534	61.990196791170135	3537.595661997646
583514421.2273525	19845400120.41452	-164412128578.54208	222945644.24056402	29747.674856512305	894.3234999112992	62.51802412154268	3535.211496886538
583572021.2273525	21558093922.367268	-164352129083.2654	226561870.44507024	29720.354580889725	1188.8443656924778	63.04528734050608	3532.841792014571
583629621.2273525	23269126942.859627	-164275191063.7289	230208449.50105616	29690.01216809327	1482.4612802878746	63.571933824139556	3530.4867005588944
583687221.2273525	24978325686.36247	-164181367520.8299	233885344.3745663	29656.667800370637	1775.1419032592994	64.0979111818761	3528.14637394257
583744821.2273525	26685517829.830605	-164070713306.81537	237592515.0209884	29620.3420054457	2066.8542926378063	64.62316726980343	3525.8209618259084
583802421.2273525	28390532242.382782	-163943285102.23303	241329918.3996438	29581.055648917023	2357.566908279372	65.14765020396676	3523.510612098123
583860021.2273525	30093199004.544342	-163799141392.69296	245097508.48914418	29538.82992663879	2647.248615075619	65.67130837367128	3521.2154708693
583917621.2273525	31793349427.04999	-163638342445.4484	248895236.30351418	29493.686357087023	2935.8686860198477	66.19409045478241	3518.935682462675
583975221.2273525	33490816069.206673	-163460950285.8045	252723049.90908045	29445.646773713834	3223.3968051290235	66.715945423022	3516.671389407215
584032821.2273525	35185432756.81578	-163267028673.3624	256580894.4421258	29394.733317292546	3509.803070222334	67.23682256725877	3514.4227324305007
584090421.2273525	36877034599.654274	-163056643078.10782	260468712.12730956	29340.968428256278	3795.05799555695	67.7566715027907	3512.1898504518977
584148021.2273525	38565458008.51426	-162829860656.35175	264386442.29685208	29284.37483903284	4079.1325143217036	68.2754421846179	3509.972880576018
584205621.2273525	40250540711.801125	-162586750226.53125	268334021.41048318	29224.975566378427	4361.997980989494	68.79308492070373	3507.7719580864623
584263221.2273525	41932121771.690186	-162327382244.8796	272311383.0761547	29162.79390371289	4643.626173529183	69.30955038522242	3505.5872164398384
584320821.2273525	43610041599.84176	-162051828780.9722	276318458.07151574	29097.853413459074	4923.989295477839	69.82478963179143	3503.4187872600505
584378421.2273525	45284141972.675224	-161760163493.1575	280355174.3661482	29030.17791938886	5203.059977874308	70.33875410668628	3501.2668003328513
584436021.2273525	46954266046.20265	-161452461603.8808	284421457.1445656	28959.791498978364	5480.811281054948	70.85139566203637	3499.1313836006525
584493621.2273525	48620258370.42214	-161128799874.90805	288517228.8299685	28886.718475774804	5757.216696312666	71.36266656899942	3497.0126631575886
584551221.2273525	50281964903.272064	-160789256582.45837	292642409.1087599	28810.98341177755	6032.250147420178	71.87251953091322	3494.9107632448226
584608821.2273525	51939233024.147	-160433911492.25235	296796914.9558169	28732.611099835594	6305.885992018684	72.38090769642218	3492.8258062460955
584666421.2273525	53591911546.97579	-160062845834.48468	300980660.66051793	28651.626556064097	6578.099022872948	72.88778467257718	3490.7579126835035
584724021.2273525	55239850732.864296	-159676142278.7281	305193557.85352343	28568.055012281988	6848.864468994127	73.39310453790652	3488.707201213502
584781621.2273525	56882902302.30224	-159273884908.77603	309435515.5343086	28481.92190847326	7118.1579966314075	73.8968218554565	3486.673788623128
584839221.2273525	58520919446.93734	-158856159197.43274	313706440.09944654	28393.252885273978	7385.955710133786	74.39889168579903	3484.657789826436
584896821.2273525	60153756840.916885	-158423051981.25668	318006235.3716396	28302.07377648732	7652.234152683169	74.89926960000523	3482.65931786113
584954421.2273525	61781270651.799545	-157974651435.2659	322334802.6294964	28208.4106016288	7916.9703069002935	75.3979116925823	3480.678483885401
585012021.2273525	63403318551.038284	-157511047047.61157	326692040.63805383	28112.28955850379	8180.141595324616	75.89477459437218	3478.7153971749444
585069621.2273525	65019759724.03719	-157032329594.2285	331077845.6800412	28013.737015819454	8441.725880769676	76.38981548541013	3476.7701651201614
585127221.2273525	66630454879.7831	-156538591113.46744	335492111.5878814	27912.77950583315	8701.701466555314	76.88299210774106	3474.8428932235306
585184821.2273525	68235266260.055626	-156029924880.71844	339934729.7764321	27809.443717039252	8960.047096618237	77.37426277819198	3472.9336850971417
585242421.2273525	69834057648.21666	-155506425383.03094	344405589.27645916	27703.756486896396	9216.741955502323	77.86358640109839	3471.0426424603825
585300021.2273525	71426694377.58217	-154968188293.73795	348904576.76884323	27595.74479459709	9471.765668230231	78.35092248098294	3469.16986513777
585357621.2273525	73013043339.37906	-154415310447.09116	353431576.6195138	27485.43575388149	9725.098300057865	78.83623113518448	3467.315451056916
585415221.2273525	74592972990.2891	-153847889812.913	357986470.9151101	27372.856605897236	9976.720356113196	79.31947310643501	3465.479496246615
585472821.2273525	76166353359.58315	-153266025471.2734	362569139.4993649	27258.03471210708	10226.612780921067	79.80060977538379	3463.6620948350446
585530421.2273525	77733056055.84822	-152669817587.19708	367179460.010208	27140.997547246167	10474.756957815576	80.2796031730655	3461.8633390480704
585588021.2273525	79292954273.31061	-152059367385.407	371817307.91758513	27021.772692330374	10721.134708241732	80.75641599331115	3460.083319207637
585645621.2273525	80845922797.75705	-151434777125.113	376482556.5619927	26900.387827717863	10965.72829094783	81.23101160510006	3458.322123730238
585703221.2273525	82391838012.05879	-150796150074.84802	381175077.1937191	26776.87072622485	11208.520401070527	81.70335406485022	3456.57983912545
585760821.2273525	83930577901.30011	-150143590487.36157	385894739.0127947	26651.249246297637	11449.494169114068	82.17340812864613	3454.856549994514
585818421.2273525	85462022057.51514	-149477203574.57413	390641409.20964235	26523.551325242202	11688.63315982547	82.64113926440152	3453.1523390289576
585876021.2273525	86986051684.03697	-148797095482.59982	395414953.00642824	26393.804972512826	11925.921370967377	83.1065136639552	3451.467287009231
585933621.2273525	88502549599.46124	-148103373266.8425	400215233.6991063	26262.038263061248	12161.343231990326	83.56949825509835	3449.8014728033495
585991221.2273525	90011400241.22885	-147396144867.17093	405042112.70015347	26128.2793307477	12394.883602606238	84.03006071353136	3448.1549733655215
586048821.2273525	91512489668.83095	-146675519083.17932	409895449.5819923	25992.556361815125	12626.527771264762	84.48816947474788	3446.52786373474
586106421.2273525	93005705566.6395	-145941605549.53827	414775102.1210961	25854.897588427975	12856.261453534431	84.94379374584514	3444.920217033325
586164021.2273525	94490937246.36823	-145194514711.44135	419680926.34277016	25715.331282276635	13084.070790390342	85.39690351725731	3443.3321044653867
586221621.2273525	95968075649.16634	-144434357800.15347	424612776.5666092	25573.885748249	13309.942346410133	85.8474695744118	3441.763595315191
586279221.2273525	97437013347.35039	-143661246808.6651	429570505.4526221	25430.58931816997	13533.863107880157	86.29546350930462	3440.214756945405
586336821.2273525	98897644545.777	-142875294467.45898	434553964.0480222	25285.470344610316	13755.820480813618	86.74085773199477	3438.685654795185
586394421.2273525	100349865082.8613	-142076614220.3928	439563001.8346766	25138.55719476581	13975.802288882505	87.18362548201455	3437.1763523780915
586452021.2273525	101793572431.2448	-141265320200.7035	444597466.77721006	24989.878244407664	14193.796771265235	87.62374083969459	3435.686911279787
586509621.2273525	103228665698.11665	-140441527207.13818	449657205.37175894	24839.461871905296	14409.792580411742	88.06117873740155	3434.2173911554946
586567221.2273525	104655045625.19308	-139605350680.21616	454742062.6953713	24687.336452322397	14623.778779727927	88.49591497068657	3432.7678497271645
586624821.2273525	106072614588.35878	-138756906678.62628	459851882.45604384	24533.530351587047	14835.744841181333	88.92792620934263	3431.338342780325
586682421.2273525	107481276596.9744	-137896311855.7645	464986507.04339427	24378.07192073693	15045.68064282987	89.35719000836939	3429.9289241605597
586740021.2273525	108880937292.85504	-137023683436.41617	470145777.5799638	24220.989490240336	15253.576466275434	89.78368481884304	3428.5396457695683
586797621.2273525	110271503948.92375	-136139139193.58711	475329533.97314185	24062.31136439373	15459.422994044333	90.2073899986898	3427.170557560759
586855221.2273525	111652885467.54454	-135242797425.48744	480537614.9677078	23902.06581579663	15663.211306896332	90.62828582336105	3425.8217075343073
586912821.2273525	113024992378.53934	-134334776932.67233	485769858.1989853	23740.281079904536	15864.932881064182	91.04635349640843	3424.493141731624
586970421.2273525	114387736836.89354	-133415196995.34409	491026100.2466042	23576.985349660434	16064.579585425527	91.46157515995682	3423.184904229155
587028021.2273525	115741032620.15459	-132484177350.81886	496306176.68886024	23412.206770205583	16262.143678608965	91.87393390507381	3421.8970371314385
587085621.2273525	117084795125.528	-131541838171.1618	501609922.1576713	23245.97343367015	16457.617806036204	92.28341378203362	3420.629580563327
587143221.2273525	118418941366.67624	-130588300040.99435	506937170.3941194	23078.313374044083	16650.994996902085	92.68999981047332	3419.3825726612827
587200821.2273525	119743389970.22359	-129623683935.47751	512287754.3045776	22909.254562128925	16842.268661094364	93.09367798944064	3418.1560495636327
587258421.2273525	121058061171.97339	-128648111198.47408	517661506.01740986	22738.824900570784	17031.432586055016	93.49443530733012	3416.950045399667
587316021.2273525	122362876812.84097	-127661703520.89307	523058256.94024014	22567.052218975103	17218.480933585037	93.8922597517073	3415.764592277444
587373621.2273525	123657760334.50848	-126664582919.21895	528477837.8177813	22393.964269103133	17403.40823659444	94.28714031901711	3414.599720270151
587431221.2273525	124942636774.80222	-125656871714.2363	533920078.79024667	22219.588720152	17586.20939579879	94.67906702418152	3413.4554574008507
587488821.2273525	126217432762.80794	-124638692509.92834	539384809.4522357	22043.953154114643	17766.87967636606	95.06803091006576	3412.331829625427
587546421.2273525	127482076513.70978	-123610168172.5987	544871858.9122846	21867.08506122696	17945.41470451171	95.45402405684632	3411.228860813508
587604021.2273525	128736497823.38274	-122571421810.15688	550381055.8528062	21689.011835493155	18121.810464048995	95.83703959123216	3410.1465727271348
587661621.2273525	129980628062.71611	-121522576751.63809	555912228.5907078	21509.760770299494	18296.063292890616	96.21707169558894	3409.084984996888
587719221.2273525	131214400171.7001	-120463756526.89265	561465205.1383841	21329.359054106575	18468.16987950906	96.59411561691266	3408.044115095174
587776821.2273525	132437748653.25377	-119395084846.51222	567039813.2653661	21147.83376623002	18638.12725935208	96.96816767570174	3407.0239783063075
587834421.2273525	133650609566.82492	-118316685581.93352	572635880.5603379	20965.211872700267	18805.932811219966	97.33922527467651	3406.0245876929885
587892021.2273525	134852920521.74171	-117228682745.7804	578253234.4937886	20781.520222210533	18971.584253601803	97.70728690739256	3405.0459540587162
587949621.2273525	136044620670.34483	-116131200472.39076	583891702.481023	20596.785542144302	19135.07964097664	98.07235216669922	3404.088085905603
588007221.2273525	137225650700.88268	-115024362998.58412	589551111.9457859	20411.034434690635	19296.417360077314	98.43442175308712	3403.1509893869843
588064821.2273525	138395952830.1949	-113908294644.61935	595231290.3842367	20224.293373039327	19455.596126122316	98.79349748287918	3402.2346682541233
588122421.2273525	139555470796.17014	-112783119795.39555	600932065.4295155	20036.588697663396	19612.6149790139	99.14958229630587	3401.3391237961937
588180021.2273525	140704149850.00055	-111648962881.84865	606653264.9166483	19847.946612681542	19767.473279507347	99.50268026542167	3400.464354772606
588237621.2273525	141841936748.22122	-110505948362.59254	612394716.9480247	19658.39318230748	19920.1707053499	99.85279660190167	3399.61035733658
588295221.2273525	142968779744.55487	-109354200705.76152	618156249.9592029	19467.95432737918	20070.707247394035	100.19993766467697	3398.7771249486873
588352821.2273525	144084628581.5524	-108193844371.09834	623937692.7852654	19276.655821974236	20219.08320568366	100.54411096744568	3397.964648278869
588410421.2273525	145189434482.04672	-107025003792.248	629738874.7274903	19084.523290105255	20365.299185517746	100.88532518602126	3397.1729150951737
588468021.2273525	146283150140.41315	-105847803359.29852	635559625.6205515	18891.582202500453	20509.356093490234	101.22359016555147	3396.401910137148
588525621.2273525	147365729713.65207	-104662367401.53201	641399775.9000243	18697.857873463996	20651.255133510225	101.55891692757265	3395.6516149714284
588583221.2273525	148437128812.28815	-103468820170.42271	647259156.6703951	18503.375457820857	20790.99780280175	101.89131767693054	3394.9220078266253
588640821.2273525	149497304491.10043	-102267285822.84988	653137599.7733687	18308.159947940912	20928.58588788669	102.22080580853431	3394.213063404041
588698421.2273525	150546215239.67938	-101057888404.55688	659034937.8566461	18112.236170846605	21064.02146055049	102.54739591397205	3393.524752660057
588756021.2273525	151583820972.82208	-99840751833.83403	664951004.4430254	17915.628785400128	21197.306873793503	102.87110378796272	3392.8570425552093
588813621.2273525	152610083020.76837	-98615999885.43375	670885633.9998589	17718.36227957103	21328.44475776904	103.19194643465113	3392.2098957639178
588871221.2273525	153624964119.2787	-97383756174.73094	676838662.0089408	17520.460967785548	21457.438015708678	103.50994207375632	3391.58327033755
588928821.2273525	154628428399.5643	-96144144142.10751	682809925.036672	17321.948988354066	21584.289819837755	103.82511014655023	3390.9771193119077
588986421.2273525	155620441378.07193	-94897287037.57344	688799260.8045712	17122.85030097793	21709.00360728151	104.13747132167661	3390.3913902481945
589044021.2273525	156600969946.1243	-93643307905.63263	694806508.2601762	16923.18868433633	21831.5830759629	104.44704750081712	3389.8260246940094
589101621.2273525	157569982359.42654	-92382329570.37515	700831507.6481984	16722.98773374993	21952.032180494567	104.75386182418391	3389.2809575476913
589159221.2273525	158527448227.43887	-91114474620.81242	706874100.5820305	16522.270858923115	22070.355128065297	105.05793867585307	3388.7561163052574
589216821.2273525	159473338502.62308	-89839865396.44354	712934130.1155145	16321.061281762606	22186.55637432289	105.35930368892568	3388.2514201639465
589274421.2273525	160407625469.56268	-88558623973.06848	719011440.815073	16119.38203427403	22300.64061925403	105.65798375053157	3387.7667789496354
589332021.2273525	161330282733.96695	-87270872148.82884	725105878.8320513	15917.255956533174	22412.612803063348	105.95400700665306	3387.3020918266675
589389621.2273525	162241285211.55896	-85976731430.49117	731217291.9753717	15714.70569473337	22522.478102052155	106.24740286678337	3386.8572457372593
589447221.2273525	163140609116.85342	-84676323019.96631	737345529.7844398	15511.753699307566	22630.241924498387	106.53820200841186	3386.4321135027767
589504821.2273525	164028231951.82843	-83369767801.06697	743490443.6023135	15308.422223124702	22735.909906538902	106.82643638133645	3386.026551499608
589562421.2273525	164904132494.4963	-82057186326.4985	749651886.6490815	15104.73331975909	22839.48790805547	107.1121392117966	3385.6403967965566
589620021.2273525	165768290787.3752	-80738698805.09418	755829714.0955406	14900.70884183381	22940.982008565057	107.39534500643934	3385.2734636065684
589677621.2273525	166620688125.8688	-79414425089.27931	762023783.137031	14696.370439435188	23040.398503116325	107.67608955609806	3384.9255388605093
589735221.2273525	167461307046.55618	-78084484662.77542	768233953.0675159	14491.739558599365	23137.74389819287	107.95440993939707	3384.5963766513096
589792821.2273525	168290131315.39682	-76748996628.53944	774460085.353859	14286.83743986961	23233.024907624473	108.23034452617466	3384.285691219233
589850421.2273525	169107145915.85397	-75408079696.93802	780702043.7102909	14081.685116923702	23326.248448507446	108.50393298072454	3383.9931480495134
589908021.2273525	169912337036.94177	-74061852174.15671	786959694.173061	13876.303415270748	23417.421637135078	108.77521626485421	3383.718352530126
589965621.2273525	170705692061.19855	-72710431950.84315	793232905.1752554	13670.712951016605	23506.551784939184	109.0442366407588	3383.4608354736256
590023221.2273525	171487199552.5913	-71353936490.98364	799521547.6217797	13464.934129697227	23593.646394443815	109.31103767370948	3383.22003466072
590080821.2273525	172256849244.35498	-69992482821.0124	805825494.964487	13258.987145179175	23678.71315523204	109.57566423455489	3382.9952714638152
590138421.2273525	173014632026.7702	-68626187519.153	812144623.2774491	13052.891978626436	23761.759939926764	109.838162502034	3382.785721668122
590196021.2273525	173760539934.88342	-67255166704.990395	818478811.3323513	12846.668397532905	23842.79480018653	110.09857996490011	3382.5903800499677
590253621.2273525	174494566136.17334	-65879536029.27362	824827940.6740067	12640.335954819628	23921.82596271718	110.35696542385358	3382.4080194869184
590311221.2273525	175216704918.1667	-64499410663.9474	831191895.695974	12433.913987996082	23998.86182530033	110.61336899328312	3382.237147911878
590368821.2273525	175926951676.00824	-63114905292.412186	837570563.7162735	12227.421618384651	24073.910952839375	110.86784210281355	3382.0759707374546
590426421.2273525	176625302899.98776	-61726134100.01085	843963835.0531756	12020.877750407406	24146.98207342405	111.12043749865839	3381.9223720221826
590484021.2273525	177311756163.02664	-60333210764.74436	850371603.1011026	11814.301070934915	24218.084074414142	111.37120924478232	3381.7739319207276
590541621.2273525	177986310108.13068	-58936248448.20648	856793764.4065119	11607.710048694928	24287.225998543465	111.62021272385607	3381.627995366325
590599221.2273525	178648964435.80884	-57535359786.748405	863230218.7439083	11401.122933741859	24354.4170400445	111.86750463802437	3381.4817926538176
590656821.2273525	179299719891.46405	-56130656882.862404	869680869.1918458	11194.557756984852	24419.666540794737	112.11314300946844	3381.332590202615
590714421.2273525	179938578252.7579	-54722251296.790054	876145622.2090088	10988.032329774569	24482.983986485215	112.35718718077486	3381.177833879921
590772021.2273525	180565542316.95413	-53310254038.34513	882624387.710221	10781.564243546602	24544.379002812326	112.59969781509244	3381.0152511244182
590829621.2273525	181180615888.24225	-51894775558.960045	889117079.1425351	10575.170869522153	24603.86135169313	112.84073689609663	3380.8428984294796
590887221.2273525	181783803765.04547	-50475925743.949455	895623613.5613142	10368.869358464402	24661.440927505093	113.08036772775051	3380.659161591863
590944821.2273525	182375111727.31784	-49053813904.98524	902143911.7062196	10162.676640489064	24717.127753350986	113.31865493385149	3380.462726100016
591002421.2273525	182954546523.82968	-47628548772.79034	908677898.0772374	9956.609424929593	24770.931977349293	113.55566445738242	3380.252534383606
591060021.2273525	183522115859.44812	-46200238490.04557	915225501.0106707	9750.684200255528	24822.863868950943	113.79146355965679	3380.027741256627
591117621.2273525	184077828382.4148	-44768990604.50337	921786652.7549887	9544.917234042445	24872.93381528291	114.02612081924511	3379.7876734496867
591175221.2273525	184621693671.62216	-43334912062.31564	928361289.5466912	9339.32457299399	24921.152317519194	114.25970613070399	3379.531795409588
591232821.2273525	185153722223.89328	-41898109201.57031	934949351.6861042	9133.922043014423	24967.529987279657	114.49229070309634	3379.2596815257075
591290421.2273525	185673925441.26712	-40458687746.028885	941550783.6129699	8928.725249330155	25012.077543057603	114.72394705828737	3378.97099406103
591348021.2273525	186182315618.29224	-39016752799.07655	948165533.9820911	8723.74957666107	25054.805806675962	114.95474902904824	3378.6654658049583
591405621.2273525	186678905929.33148	-37572408837.86851	954793555.7387071	8519.010189438886	25095.725699773255	115.18477175692955	3378.3428864921857
591463221.2273525	187163710415.88095	-36125759707.684006	961434806.1938837	8314.522032073397	25134.84824031929	115.41409168993779	3378.0030921667785
591520821.2273525	187636743973.9056	-34676908616.47446	968089247.0996196	8110.299829264155	25172.184539161317	115.64278657998132	3377.645956827457
591578421.2273525	188098022341.1938	-33225958129.615284	974756844.7239498	7906.35808635829	25207.74579660092	115.87093548011867	3377.271385833594
591636021.2273525	188547562084.73413	-31773010164.848263	981437569.9257267	7702.711089752027	25241.54329900216	116.09861874157251	3376.879310670682
591693621.2273525	188985380588.11633	-30318165987.42413	988131398.2293855	7499.37290733661	25273.58841543128	116.32591801054619	3376.4696847683763
591751221.2273525	189411496038.95956	-28861526205.43222	994838309.899355	7296.35738898626	25303.892594328372	116.55291622480277	3376.042480137012
591808821.2273525	189825927416.3692	-27403190765.326214	1001558290.0144329	7093.678167088746	25332.46736021135	116.77969761004607	3375.597684643907
591866421.2273525	190228694478.42636	-25943258947.63363	1008291328.5417721	6891.348657116338	25359.324310412634	117.00634767606178	3375.1352997926806
591924021.2273525	190619817749.7108	-24481829362.857487	1015037420.4108227	6689.382058237655	25384.475111848697	117.23295321265984	3374.655338900452
591981621.2273525	190999318508.86005	-23018999947.557938	1021796565.5868393	6487.79135396819	25407.931497822985	117.45960228537425	3374.1578255917266
592039221.2273525	191367218776.16818	-21554867960.622143	1028568769.1443356	6286.589312860042	25429.705264862303	117.68638423096388	3373.6427925458897
592096821.2273525	191723541301.22415	-20089529979.71051	1035354041.3400699	6085.788489228655	25449.808269587087	117.91338965266797	3373.110280449039
592154421.2273525	192068309550.5935	-18623081897.886894	1042152397.6859547	5885.401223917052	25468.252425615676	118.14071041526256	3372.5603371114335
592212021.2273525	192401547695.54572	-17155618920.421707	1048963859.0214684	5685.4396450954755	25485.04970050299	118.36843963986885	3371.993016719953
592269621.2273525	192723280599.82773	-15687235561.774544	1055788451.5859758	5485.915669096778	25500.21211271356	118.59667169856223	3371.408379201227
592327221.2273525	193033533807.48724	-14218025642.746223	1062626207.0905097	5286.8410012856575	25513.751728629482	118.82550220873108	3370.806489675965
592384821.2273525	193332333530.74646	-12748082287.805822	1069477162.7894453	5088.227136961927	25525.680659593127	119.05502802723572	3370.187417988844
592442421.2273525	193619706637.9296	-11277497922.583683	1076341361.551607	4890.085362296068	25536.011058984983	119.28534724431499	3369.5512383012788
592500021.2273525	193895680641.44434	-9806364271.534832	1083218851.9312487	4692.426755297132	25544.755119336773	119.5165591772929	3368.898028736798
592557621.2273525	194160283685.82065	-8334772355.7647705	1090109688.2384217	4495.262186811396	25551.92506947986	119.74876436403028	3368.227871070608
592615221.2273525	194413544535.80753	-6862812491.021136	1097013930.609213	4298.60232155168	25557.533171729265	119.98206455617667	3367.540850456441
592672821.2273525	194655492564.5301	-5390574285.844208	1103931645.075328	4102.457619155931	25561.591719103217	120.21656271216536	3366.8370551849944
592730421.2273525	194886157741.70862	-3918146639.878541	1110862903.6335294	3906.838335274811	25564.113032578483	120.45236299000825	3366.1165764692364
592788021.2273525	195105570621.94064	-2445617742.33999	1117807784.3143811	3711.754522687066	25565.10945838143	120.68957073983162	3365.3795082526503
592845621.2273525	195313762333.04834	-973075070.6390591	1124766371.2508323	3517.2160324422803	25564.593365315086	120.92829249621211	3364.62594703713
592903221.2273525	195510764564.49265	499394610.8437801	1131738754.746078	3323.232515029962	25562.57714212198	121.16863597025161	3363.8559917277703
592960821.2273525	195696609555.85516	1971705251.8313146	1138725031.341233	3129.8134215744076	25559.07319488311	121.41071004145259	3363.0697434922286
593018421.2273525	195871330085.38965	3443771517.0742583	1145725303.8822467	2936.968005054477	25554.093944452823	121.65462474932986	3362.2673056326944
593076021.2273525	196034959458.64478	4915508787.12936	1152739681.586623	2744.7053215475703	25547.651823929787	121.90049128482319	3361.448783468796
593133621.2273525	196187531497.15887	6386833158.992335	1159768280.109336	2553.034231497139	25539.759276163993	122.14842198144521	3360.614284230027
593191221.2273525	196329080527.22833	7857661446.589175	1166811221.6085382	2361.963401002824	25530.428751299794	122.3985303062295	3359.763916956474
593248821.2273525	196459641368.7514	9327911181.125648	1173868634.8104258	2171.5013031328017	25519.672704354998	122.65093085041268	3358.8977924068145
593306421.2273525	196579249324.14758	10797500611.300014	1180940655.0738702	1981.6562192572173	25507.503592835925	122.90573931991571	3358.0160229726766
593364021.2273525	196687940167.35486	12266348703.37784	1188027424.4542308	1792.4362404024514	25493.9338743885	123.16307252556452	3357.1187225986014
593421621.2273525	196785750132.90543	13734375141.133593	1195129091.766765	1603.849268625157	25478.976004485165	123.4230483730932	3356.206006706934
593479221.2273525	196872715905.08093	15201500325.659605	1202245812.649386	1415.903018405582	25462.642434147772	123.68578585290733	3355.2779921270667
593536821.2273525	196948874607.1489	16667645375.045025	1209377749.6248443	1228.605018059422	25444.94560770618	123.95140502961351	3354.3347970285276
593594421.2273525	197014263790.6802	18132732123.926636	1216525072.1622903	1041.962611167562	25425.89796059262	124.22002703131508	3353.3765408574823
593652021.2273525	197068921424.95068	19596683122.91372	1223687956.7382228	855.9829580230171	25405.51191717165	124.49177403867189	3352.40334427626
593709621.2273525	197112885886.4253	21059421637.888885	1230866586.8967903	670.6730370944456	25383.799888605707	124.76676927372618	3351.4153291055704
593767221.2273525	197146195948.3277	22520871649.187008	1238061153.30945	486.03964650555554	25360.774270756014	125.04513698849266	3350.4126182691134
593824821.2273525	197168890770.29544	23980957850.65428	1245271853.8339586	302.08940552979993	25336.44744211884	125.32700245331328	3349.39533574033
593882421.2273525	197181009888.1215	25439605648.589424	1252498893.5726912	118.82875609970097	25310.83176179695	125.61249194497728	3348.3636064910565
593940021.2273525	197182593203.5832	26896741160.568993	1259742484.930257	-63.73603566979091	25283.939567506084	125.90173273460428	3347.317556441883
593997621.2273525	197173680974.3595	28352291214.15893	1267002847.6704245	-245.59887794453834	25255.78317361638	126.1948530752932	3346.257312414042
594055221.2273525	197154313804.03677	29806183345.514294	1274280208.97232	-426.7538516216505	25226.374869228533	126.4919821895345	3345.183002082663
594112821.2273525	197124532632.20465	31258345797.869175	1281574803.4858978	-607.1952087677105	25195.726916284595	126.79325025638694	3344.0947539312483
594170421.2273525	197084378724.64163	32708707519.918747	1288886873.3866603	-786.9173710453688	25163.85154771318	127.0987883984184	3342.9926972072594
594228021.2273525	197033893663.5923	34157198164.095535	1296216668.429626	-965.9149281288924	25130.76096560898	127.40872866841117	3341.8769618786823
594285621.2273525	196973119338.1352	35603748084.741684	1303564446.0025177	-1144.1826361092553	25096.46733944637	127.72320403583085	3340.7476785914864
594343221.2273525	196902097934.64395	37048288336.17953	1310930471.178172	-1321.7154158892845	25060.982804326897	128.04234837306026	3339.60497862788
594400821.2273525	196820871927.34033	38490750670.68193	1318315016.7661426	-1498.5083515694537	25024.319459260485	128.36629644139666	3338.4489938652855
594458421.2273525	196729484068.94064	39931067536.34477	1325718363.363493	-1674.5566888248595	24986.489365480233	128.69518387681433	3337.279856735959
594516021.2273525	196627977381.3962	41369172074.86331	1333140799.4047635	-1849.855833273894	24947.504544790416	129.02914717549066	3336.0977001871934
594573621.2273525	196516395146.72748	42804998119.21419	1340582621.2110956	-2024.4013488391574	24907.376977947675	129.36832367909736	3334.902657642039
594631221.2273525	196394780897.95358	44238480191.2453	1348044133.0385015	-2198.188956101119	24866.118603075047	129.71285155985578	3333.694862960499
594688821.2273525	196263178410.11584	45669553499.17531	1355525647.1252718	-2371.214530645045	24823.74131410871	130.06286980535828	3332.4744504011455
594746421.2273525	196121631691.39786	47098153935.00439	1363027483.738495	-2543.4741014016568	24780.256959277085	130.41851820315267	3331.241554583111
594804021.2273525	195970184974.34012	48524218071.83847	1370549971.2196858	-2714.963848982073	24735.677339612266	130.77993732509398	3329.9963104484214
594861621.2273525	195808882707.15176	49947683161.12868	1378093446.0295048	-2885.6801040074292	24690.014207493292	131.1472685114598	3328.738853224633
594919221.2273525	195637769545.11795	51368487129.82764	1385658252.7915573	-3055.6193454337263	24643.279265221234	131.5206538548325	3327.4693183877407
594976821.2273525	195456890342.1044	52786568577.464806	1393244744.3352556	-3224.7781988723327	24595.48416362572	131.90023618374698	3326.1878416253244
595034421.2273525	195266290142.1581	54201866773.14224	1400853281.737734	-3393.1534349065987	24546.64050070273	132.2861590461046	3324.894558799915
595092021.2273525	195066014171.20587	55614321652.453	1408484234.364801	-3560.7419674050175	24496.759820283343	132.6785666923537	3323.589605912546
595149621.2273525	194856107828.8497	57023873814.32347	1416137979.910913	-3727.540851831386	24445.853610733175	133.07760405843686	3322.273119066475
595207221.2273525	194636616680.2594	58430464517.782036	1423814904.438168	-3893.5472835524147	24393.93330368234	133.48341674850528	3320.9452344310494
595264821.2273525	194407586448.16315	59834035678.65509	1431515402.4142854	-4058.758596143139	24341.01027278554	133.89615101740142	3319.6060882057022
595322421.2273525	194169063004.93558	61234529866.192795	1439239876.749579	-4223.172259690613	24287.09583251213	134.31595375290823	3318.2558165840555
595380021.2273525	193921092364.78342	62631890299.62578	1446988738.8328962	-4386.785879096262	24232.201236965757	134.74297245776847	3316.8945557181187
595437621.2273525	193663720676.0292	64026060844.65484	1454762408.5665174	-4549.59719237725	24176.337678733482	135.17735523147113	3315.5224416825654
595495221.2273525	193396994213.49274	65416986009.87509	1462561314.3999963	-4711.60406896732	24119.51628776388	135.6192507518082	3314.139610439075
595552821.2273525	193120959370.97043	66804610943.13634	1470385893.362935	-4872.804508017432	24061.74813027404	136.06880825620107	3312.746197800727
595610421.2273525	192835662653.81262	68188881427.84163	1478236591.0966785	-5033.19663669659	24003.04420768506	136.52617752279656	3311.342339396433
595668021.2273525	192541150671.59836	69569743879.18448	1486113861.884902	-5192.778708493177	23943.41545558579	136.99150885133443	3309.9281706354045
595725621.2273525	192237470130.9087	70947145340.32837	1494018168.6831088	-5351.54910151725	23882.87274272456	137.46495304378573	3308.5038266716306
595783221.2273525	191924667828.19705	72321033478.52792	1501949983.146986	-5509.506316803989	23821.426870028525	137.94666138476302	3307.069442368372
595840821.2273525	191602790642.75772	73691356581.19499	1509909785.6596422	-5666.648976618795	23759.08856965045	138.43678562170342	3305.6251522626535
595898421.2273525	191271885529.79166	75058063551.91055	1517898065.3576865	-5822.9758227642515	23695.86850404253	138.93547794482433	3304.171090529746
595956021.2273525	190931999513.56998	76421103906.38362	1525915320.1561499	-5978.485714889288	23631.77726505703	139.44289096685276	3302.707390947636
596013621.2273525	190583179680.69452	77780427768.35973	1533962056.772234	-6133.177628800937	23566.825373073403	139.95917770252962	3301.2341868614717
596071221.2273525	190225473173.45575	79135985865.47949	1542038790.7478714	-6287.050654778877	23501.023276151605	140.48449154788827	3299.7516111479745
596128821.2273525	189858927183.2875	80487729525.08902	1550146046.4710824	-6440.103995893111	23434.381349211322	141.0189862593091	3298.25979617982
596186421.2273525	189483588944.31903	81835610670.00453	1558284357.1961303	-6592.336966325105	23366.90989323677	141.5628159323507	3296.758873789973
596244021.2273525	189099505727.0224	83179581814.23073	1566454265.062433	-6743.748989692614	23298.619134506833	142.11613498035814	3295.2489752359743
596301621.2273525	188706724831.95825	84519596058.63673	1574656321.1122534	-6894.339597378426	23229.519223850155	142.67909811284858	3293.7302311641733
596359221.2273525	188305293583.61563	85855607086.5891	1582891085.3071306	-7044.108426863473	23159.620235924955	143.2518603136767	3292.2027715739036
596416821.2273525	187895259324.34888	87187569159.54399	1591159126.543041	-7193.05522006432	23088.932168523235	143.83457681897846	3290.6667257815943
596474421.2273525	187476669408.41022	88515437112.60074	1599461022.6642983	-7341.179821675476	23017.46494189907	144.42740309489625	3289.1222223848113
596532021.2273525	187049571196.0771	89839166350.01659	1607797360.476151	-7488.4821775166965	22945.22839812069	145.03049481508444	3287.5693892262298
596589621.2273525	186614012047.8748	91158712840.68489	1616168735.756078	-7634.962332885483	22872.232300446067	145.6440078379972	3286.008353357528
596647221.2273525	186170039318.89395	92474033113.5787	1624575753.2637818	-7780.620430915105	22798.486332721655	146.26809818395986	3284.4392410032037
596704821.2273525	185717700353.2023	93785084253.15942	1633019026.7498403	-7925.456710938243	22724.00009880405	146.90292201202305	3282.8621775243046
596762421.2273525	185257042478.35083	95091823894.75365	1641499178.9630272	-8069.47150685658	22648.783122004195	147.54863559660254	3281.277287382077
596820021.2273525	184788112999.97293	96394210219.89809	1650016841.6562824	-8212.665245516517	22572.844844553896	148.20539530390474	3279.6846941015206
596877621.2273525	184310959196.47784	97692201951.65456	1658572655.5913103	-8355.03844509113	22496.194627094297	148.87335756813835	3278.0845202348582
596935221.2273525	183825628313.83643	98985758349.89612	1667167270.541809	-8496.591713468715	22418.841748186052	149.55267886751443	3276.4768873249063
596992821.2273525	183332167560.46005	100274839206.56595	1675801345.29531	-8637.325746648	22340.79540384083	150.24351570003495	3274.8619158683528
597050421.2273525	182830624102.17123	101559404840.90901	1684475547.653612	-8777.241327140227	22262.06470707398	150.94602455907113	3273.239725278938
597108021.2273525	182321045057.26642	102839416094.67955	1693190554.4318075	-8916.339322378308	22182.65868747789	151.66036190873263	3271.6104338505343
597165621.2273525	181803477491.67032	104114834327.32391	1701947051.455886	-9054.620683133206	22102.586290815903	152.38668415902916	3269.974158720131
597223221.2273525	181277968414.18097	105385621411.14088	1710745733.558893	-9192.086441937703	22021.856378636356	153.12514764082454	3268.3310158307145
597280821.2273525	180744564771.8053	106651739726.42001	1719587304.575646	-9328.737711517706	21940.477727906582	153.8759085805853	3266.6811198940477
597338421.2273525	180203313445.18524	107913152156.5601	1728472477.3359928	-9464.57568323129	21858.459030666447	154.639123074925	3265.0245843533517
597396021.2273525	179654261244.11322	109169822083.1675	1737401973.6565874	-9599.60162551553	21775.808893701254	155.41494706494413	3263.3615213458834
597453621.2273525	179097454903.1368	110421713381.1367	1746376524.3311949	-9733.816882341373	21692.535838233605	156.2035363103691	3261.6920416654143
597511221.2273525	178532941077.2525	111668790413.71346	1755396869.1194923	-9867.222871676595	21608.648299634046	157.00504636348924	3260.01625472461
597568821.2273525	177960766337.68738	112911018027.54155	1764463756.7343614	-9999.821083956993	21524.154627150107	157.81963254289397	3258.3342685173106
597626421.2273525	177380977167.76883	114148361547.69524	1773577944.827672	-10131.613080566	21439.06308365353	158.64744990701232	3256.6461895807165
597684021.2273525	176793619958.88165	115380786772.69673	1782740199.9745271	-10262.600492322723	21353.38184540534	159.48865322745453	3254.9521229574793
597741621.2273525	176198741006.51178	116608259969.5213	1791951297.6559706	-10392.785017978626	21267.119001838517	160.343396962158	3253.252172157701
597799221.2273525	175596386506.37656	117830747868.59012	1801212022.2401412	-10522.16842272288	21180.282555357982	161.21183522833832	3251.5464391208457
597856821.2273525	174986602550.64053	119048217658.75182	1810523166.96186	-10650.752536696547	21092.880421157573	162.09412177524743	3249.835024177567
597914421.2273525	174369435124.21716	120260636982.25479	1819885533.9006546	-10778.539253515646	21004.920427053832	162.9904099567403	3248.1180260114534
597972021.2273525	173744930101.1548	121467973929.70926	1829299933.9571803	-10905.530528803203	20916.410313336193	163.90085270365	3246.3955416206986
598029621.2273525	173113133241.10693	122670197035.04234	1838767186.8280609	-11031.7283787304	20827.35773263343	164.82560249597478	3244.6676662797026
598087221.2273525	172474090185.88684	123867275270.44496	1848288120.9791114	-11157.134878566878	20737.770249796016	165.7648113348771	3242.9344935006056
598144821.2273525	171827846456.10477	125059178041.31293	1857863573.6169474	-11281.752161240232	20647.65534179414	166.71863071449675	3241.196114994766
598202421.2273525	171174447447.8881	126245875181.18245	1867494390.6589646	-11405.58241590487	20557.02039763111	167.68721159357892	3239.452620634185
598260021.2273525	170513938429.6838	127427336946.66125	1877181426.7016788	-11528.6278865202	20465.87271827193	168.6707043669196	3237.7040984128903
598317621.2273525	169846364539.14224	128603534012.35559	1886925544.9874125	-11650.890870438263	20374.219516586705	169.66925883662884	3235.950634408282
598375221.2273525	169171770780.08234	129774437465.79507	1896727617.3693304	-11772.373717000857	20282.067917308654	170.68302418321454	3234.1923127424566
598432821.2273525	168490202019.53717	130940018802.35468	1906588524.2747917	-11893.078826146175	20189.42495700653	171.71214893648693	3232.4292155435114
598490421.2273525	167801702984.87924	132100249920.17622	1916509154.6670303	-12013.008647025108	20096.297584071097	172.75678094628702	3230.6614229068464
598548021.2273525	167106318261.02585	133255103115.08957	1926490406.0051441	-12132.16567662709	20002.692658715412	173.81706735303885	3228.8890128564717
598605621.2273525	166404092287.7225	134404551075.53348	1936533184.2023768	-12250.55245841571	19908.616952988836	174.89315455812897	3227.1120613063363
598663221.2273525	165695069356.90543	135548566877.4781	1946638403.5826905	-12368.171580973929	19814.077150804274	175.98518819411288	3225.330642021685
598720821.2273525	164979293610.1414	136687123979.3498	1956806986.8356233	-12485.025676659165	19719.079847978574	177.09331309475184	3223.5448265804657
598778421.2273525	164256809036.14453	137820196216.95804	1967039864.9694123	-12601.117420268067	19623.631552285762	178.21767326488109	3221.7546843347973
598836021.2273525	163527659468.37045	138947757798.42587	1977337977.2623694	-12716.4495277111	19527.738683522985	179.3584118501102	3219.9602823725145
598893621.2273525	162791888582.6858	140069783299.12482	1987702271.2125185	-12831.02475469698	19431.407573588735	180.51567110635926	3218.161685478809
598951221.2273525	162049539895.11353	141186247656.61465	1998133702.4854689	-12944.845895426934	19334.64446657331	181.6895923692312	3216.358956097982
599008821.2273525	161300656759.65326	142297126165.5879	2008633234.860513	-13057.91578129875	19237.455518861178	182.88031602322198	3214.552154295332
599066421.2273525	160545282366.17557	143402394472.82193	2019201840.174959	-13170.237279620838	19139.846799245042	184.08798147077195	3212.7413377191897
599124021.2273525	159783459738.39047	144502028572.13666	2029840498.266664	-13281.813292335972	19041.824289051397	185.31272710115792	3210.9265615631316
599181621.2273525	159015231731.88928	145596004799.36084	2040550196.9147809	-13392.646754755044	18943.39388227728	186.55469025922991	3209.1078785283876
599239221.2273525	158240641032.2584	146684299827.30585	2051331931.778691	-13502.74063430062	18844.561385738143	187.81400721399316	3207.2853387864684
599296821.2273525	157459730153.26572	147766890660.74854	2062186706.3351285	-13612.097929260435	18745.332519226515	189.09081312703793	3205.458989942036
599354421.2273525	156672541435.11874	148843754631.4236	2073115531.8134825	-13720.721667550628	18645.71291568119	190.38524202081808	3203.6288769960465
599412021.2273525	155879117042.79306	149914869393.026	2084119427.1292622	-13828.614905489003	18545.70812136695	191.69742674678196	3201.7950423091884
599469621.2273525	155079498964.43176	150980212916.22366	2095199418.815727	-13935.780726577948	18445.323596064365	193.0274989533555	3199.9575255656473
599527221.2273525	154273729009.81396	152039763483.6821	2106356540.9536688	-14042.222240297377	18344.564713269625	194.37558905378182	3198.1163637372238
599584821.2273525	153461848808.89368	153093499685.10007	2117591835.0993316	-14147.942580907289	18243.436760404133	195.74182619381665	3196.2715910478387
599642421.2273525	152643899810.40567	154141400412.25955	2128906350.2104943	-14252.944906260445	18141.944939033667	197.12633821928586	3194.4232389384542
599700021.2273525	151819923280.5435	155183444854.0802	2140301142.5705597	-14357.232396623796	18040.094365097153	198.52925164349327	3192.5713360324444
599757621.2273525	150989960301.69647	156219612491.70715	2151777275.711046	-14460.808253511956	17937.89006914403	199.95069161451786	3190.715908101453
599815221.2273525	150154051771.2649	157249883093.58682	2163335820.331822	-14563.67569852739	17835.336996581427	201.39078188234194	3188.8569780317666
599872821.2273525	149312238400.53247	158274236710.5777	2174977854.2197347	-14665.837972212701	17732.44000792954	202.84964476587413	3186.9945657912485
599930421.2273525	148464560713.61206	159292653671.06033	2186704462.165117	-14767.29833291074	17629.203879086108	204.32740111982127	3185.128688396864
599988021.2273525	147611059046.44632	160305114576.08588	2198516735.8766947	-14868.060055636884	17525.633301598624	205.82417030146124	3183.259359882839
600045621.2273525	146751773545.88843	161311600294.50528	2210415773.8941007	-14968.126430957072	17421.732882945966	207.34007013724494	3181.38659126949
600103221.2273525	145886744168.82907	162312091958.15683	2222402681.4990263	-15067.500763879969	17317.507146826803	208.87521688932804	3179.510390532772
600160821.2273525	145016010681.40564	163306570957.02725	2234478570.623857	-15166.186372753842	17212.96053345728	210.42972522192446	3177.6307625745753
600218421.2273525	144139612658.2559	164295018934.47342	2246644559.758954	-15264.186588177712	17108.097399875107	212.0037081675968	3175.747709193829
600276021.2273525	143257589481.8532	165277417782.41904	2258901773.857404	-15361.504751917159	17002.922020252645	213.59727709337335	3173.8612290584388
600333621.2273525	142369980341.88437	166253749636.61172	2271251344.2384005	-15458.144215834223	16897.438586216045	215.2105416668054	3171.971317678119
600391221.2273525	141476824234.70877	167223996871.85663	2283694408.4880733	-15554.10834082191	16791.65120717304	216.84360982185615	3170.077967378152
600448821.2273525	140578159962.85846	168188142097.3117	2296232110.358954	-15649.400495752705	16685.563910646462	218.49658772473455	3168.1811672741314
600506421.2273525	139674026134.61884	169146168151.75943	2308865599.666864	-15744.02405643159	16579.180642616197	220.16957973956522	3166.2809032477253
600564021.2273525	138764461163.64905	170098058098.94098	2321596032.1864157	-15837.982404562903	16472.50526786646	221.86268839400785	3164.377157923519
600621621.2273525	137849503268.68192	171043795222.86896	2334424569.5439563	-15931.278926721683	16365.541570341258	223.57601434471695	3162.469910646974
600679221.2273525	136929190473.26262	171983363023.20187	2347352379.1090827	-16023.9170133387	16258.293253504882	225.3096563427569	3160.5591374635596
600736821.2273525	136003560605.56584	172916745210.59842	2360380633.8835964	-16115.900057689856	16150.763940710276	227.06371119886097	3158.6448110991
600794421.2273525	135072651298.25041	173843925702.13452	2373510512.3890224	-16207.23145489916	16042.957175572214	228.8382737486505	3156.726900941389
600852021.2273525	134136499988.39177	174764888616.70056	2386743198.5515537	-16297.914600945953	15934.876422348047	230.63343681770334	3154.8053730231195
600909621.2273525	133195143917.45082	175679618270.46246	2400079881.585554	-16387.952891685614	15826.525066322954	232.44929118658743	3152.8801900061767
600967221.2273525	132248620131.31917	176588099172.30292	2413521755.8744626	-16477.349721874354	15717.906414202585	234.28592555574767	3150.951311167343
601024821.2273525	131296965480.40025	177490316019.32788	2427070020.8502584	-16566.10848420734	15609.02369450988	236.14342651036267	3149.0186923854626
601082421.2273525	130340216619.76555	178386253692.35388	2440725880.870318	-16654.232568360927	15499.880057989109	238.02187848506213	3147.0822861301103
601140021.2273525	129378410009.34601	179275897251.46024	2454490545.0928082	-16741.72536004784	15390.478578013759	239.9213637286153	3145.1420414518198
601197621.2273525	128411581914.19704	180159231931.52393	2468365227.349484	-16828.59024007659	15280.822251001475	241.84196226848798	3143.1979039739044
601255221.2273525	127439768404.7981	181036243137.81976	2482351146.0169964	-16914.83058342357	15170.913996832585	243.78375187537543	3141.249815885927
601312821.2273525	126463005357.42531	181906916441.60336	2496449523.8856034	-17000.449758309227	15060.756659275463	245.74680802760685	3139.2977159388533
601370421.2273525	125481328454.55649	182771237575.75967	2510661588.0263734	-17085.451125286847	14950.353006415295	247.73120387553286	3137.3415394419376
601428021.2273525	124494773185.34943	183629192430.43604	2524988569.6557975	-17169.838036335295	14839.705731089387	249.7370102057891	3135.3812182613774
601485621.2273525	123503374846.1512	184480767048.74057	2539431703.9988794	-17253.61383396411	14728.817451325744	251.76429540554784	3133.416680820778
601543221.2273525	122507168541.07954	185325947622.42627	2553992230.149624	-17336.781850322557	14617.69071078797	253.8131254266514	3131.447852103462
601600821.2273525	121506189182.63487	186164720487.63968	2568671390.929998	-17419.34540632081	14506.32797922324	255.88356374973762	3129.4746536566618
601658421.2273525	120500471492.383	186997072120.65753	2583470432.7462854	-17501.307810754934	14394.731652916413	257.97567134825397	3127.4970035976253
601716021.2273525	119490050001.6674	187822989133.68713	2598390605.443903	-17582.672359443954	14282.904055146999	260.0895066524689	3125.514816621666
601773621.2273525	118474959052.39197	188642458270.65582	2613433162.1596074	-17663.44233437049	14170.847436652166	262.2251255133754	3123.5280040121847
601831221.2273525	117455232797.83221	189455466403.06476	2628599359.172157	-17743.62100283327	14058.563976092357	264.38258116659875	3121.5364736526917
601888821.2273525	116430905203.51553	190262000525.83228	2643890455.7503624	-17823.211616603283	13946.055780522795	266.5619241962023	3119.540130040844
601946421.2273525	115402010048.12917	191062047753.20108	2659307713.999565	-17902.217411091486	13833.324885867485	268.76320249850113	3117.538874304525
602004021.2273525	114368580924.49713	191855595314.63733	2674852398.705536	-17980.641604520006	13720.3732573989	270.98646124578096	3115.5326042199767
602061621.2273525	113330651240.58327	192642630550.79227	2690525777.176769	-18058.487397104807	13607.202790220026	273.2317428500294	3113.5212142319992
602119221.2273525	112288254220.56227	193423140909.45718	2706329119.084194	-18135.75797024176	13493.815309751943	275.49908692657795	3111.5045954762277
602176821.2273525	111241422905.9166	194197113941.58154	2722263696.299299	-18212.4564857039	13380.212572223658	277.78853025776317	3109.48263580349
602234421.2273525	110190190156.5999	194964537297.2837	2738330782.7296405	-18288.586084842016	13266.39626516733	280.1001067565028	3107.4552198062474
602292021.2273525	109134588652.2264	195725398721.92603	2754531654.1527686	-18364.14988779622	13152.368007915593	282.4338474298959	3105.422228847117
602349621.2273525	108074650893.32469	196479686052.1839	2770867588.0475616	-18439.150992710845	13038.129352104159	284.78978034274735	3103.383541089469
602407221.2273525	107010409202.61746	197227387212.17783	2787339863.423936	-18513.592474960038	12923.681782176434	287.16793058111864	3101.3390315300912
602464821.2273525	105941895726.3651	197968490209.6008	2803949760.649982	-18587.47738637654	12809.026715893267	289.5683202158084	3099.288572033901
602522421.2273525	104869142435.73366	198702983131.9091	2820698561.277471	-18660.80875449109	12694.165504844626	291.9909682658675	3097.232031370693
602580021.2273525	103792181128.2266	199430854142.50906	2837587547.8647876	-18733.58958177485	12579.099434966301	294.4358906620486	3095.169275253898
602637621.2273525	102711043429.13979	200152091477.00644	2854618003.7982244	-18805.822844892195	12463.82972705845	296.90310021029507	3093.1001663813217
602695221.2273525	101625760793.07906	200866683439.454	2871791213.110708	-18877.51149395664	12348.357537309037	299.3926065551719	3091.0245644778433
602752821.2273525	100536364505.50128	201574618398.66043	2889108460.298883	-18948.658451796695	12232.683957819088	301.9044161433401	3088.942326340028
602810421.2273525	99442885684.31662	202275884784.4985	2906571030.13763	-19019.266613224878	12116.810017132757	304.43853218698115	3086.8533058826224
602868021.2273525	98345355281.51332	202970471084.27554	2924180207.492936	-19089.338844316502	12000.736680769052	306.99495462726844	3084.757354186886
602925621.2273525	97243804084.84332	203658365839.10257	2941937277.132204	-19158.877981691498	11884.464851758397	309.5736800977964	3082.654319550714
602983221.2273525	96138262719.5301	204339557640.326	2959843523.532905	-19227.886831805707	11767.995371180772	312.1747018880614	3080.5440475405
603040821.2273525	95028761650.03537	205014035125.95987	2977900230.6886926	-19296.368170245318	11651.329018708551	314.79800990690796	3078.4263810446846
603098421.2273525	93915331181.8483	205681786977.17935	2996108681.913838	-19364.324741030505	11534.466513150957	317.44359064603157	3076.3011603289315
603156021.2273525	92798001463.33179	206342801914.8177	3014470159.645162	-19431.75925592223	11417.408513003053	320.1114271434557	3074.1682230928695
603213621.2273525	91676802487.59726	206997068695.91302	3032985945.242126	-19498.674393736936	11300.155616996848	322.8014989470534	3072.0274045283372
603271221.2273525	90551764094.41638	207644576110.29	3051657318.784866	-19565.072799667596	11182.708364655344	325.513782078098	3069.878537379062
603328821.2273525	89422915972.18738	208285312977.15057	3070485558.8697925	-19630.95708460806	11065.067236850806	328.2482489948003	3067.7214520016996
603386421.2273525	88290287659.9248	208919268141.71933	3089471942.4034214	-19696.32982448573	10947.232656364899	331.0048685559103	3065.5559764281666
603444021.2273525	87153908549.28781	209546430471.92047	3108617744.3940997	-19761.193559599884	10829.204988451827	333.7836059843488	3063.3819364291835
603501621.2273525	86013807886.66107	210166788855.06686	3127924237.741326	-19825.550793963408	10710.984541405656	336.58442283083934	3061.199155578954
603559221.2273525	84870014775.25867	210780332194.60245	3147392693.02329	-19889.403994652508	10592.57156712946	339.4072769376113	3059.0074553209
603616821.2273525	83722558177.26585	211387049406.8768	3167024378.2823195	-19952.755591161807	10473.966261707492	342.25212240214285	3056.8066550343683
603674421.2273525	82571466916.03127	211986929417.93387	3186820558.80794	-20015.60797476296	10355.168765981452	345.118909540915	3054.596572102225
603732021.2273525	81416769678.28235	212579961160.35278	3206782496.9181433	-20077.963497870733	10236.179166128604	348.00758485324485	3052.3770219792555
603789621.2273525	80258495016.37712	213166133570.12268	3226911451.7385783	-20139.824473414552	10116.997494242914	350.91809098516796	3050.1478182612823
603847221.2273525	79096671350.60556	213745435583.53125	3247208678.9793715	-20201.193174213233	9997.623728920249	353.85036669334244	3047.9087727549113
603904821.2273525	77931326971.51328	214317856134.1069	3267675430.710151	-20262.071832357153	9878.057795845496	356.8043468090412	3045.6596955478235
603962421.2273525	76762490042.26079	214883384149.59354	3288312955.133006	-20322.462638595494	9758.299568382667	359.77996220220234	3043.4003950795222
604020021.2273525	75590188601.03111	215442008548.94263	3309122496.3530965	-20382.367741726826	9638.348868169098	362.7771397455125	3041.1306782124484
604077621.2273525	74414450563.45763	215993718239.35828	3330105294.147495	-20441.789247996898	9518.205465711453	365.79580227858935	3038.850350303377
604135221.2273525	73235303725.0955	216538502113.36496	3351262583.731787	-20500.729220500205	9397.86908098555	368.835868572213	3036.559215275008
604192821.2273525	72052775763.9177	217076349045.9247	3372595595.524834	-20559.18967858805	9277.339384038323	371.8972532926515	3034.2570756876653
604250421.2273525	70866894242.86139	217607247891.56317	3394105554.911091	-20617.17259727904	9156.615995594313	374.9798669660239	3031.9437328110216
604308021.2273525	69677686612.392	218131187481.55655	3415793682.001271	-20674.679906677073	9035.69848766383	378.0836159427804	3029.61898669576
604365621.2273525	68485180213.10972	218648156621.1381	3437661191.3907237	-20731.713491392693	8914.586384155016	381.20840236224217	3027.282636245098
604423221.2273525	67289402278.38061	219158144086.75415	3459709291.9159985	-20788.27518997069	8793.279161488252	384.3541241172486	3024.9344792860848
604480821.2273525	66090379937.01561	219661138623.3338	3481939186.409026	-20844.366794320205	8671.77624921501	387.52067481885535	3022.5743126406046
604538421.2273525	64888140215.966576	220157128941.61508	3504352071.449604	-20899.990049151926	8550.077030638571	390.70794376116305	3020.201932195999
604596021.2273525	63682710043.06302	220646103715.49777	3526949137.115702	-20955.14665141878	8428.180843438582	393.9158158862208	3017.817132975239
604653621.2273525	62474116249.78037	221128051579.43057	3549731566.7317367	-21009.83824976138	8306.086980298871	397.14417174903014	3015.4197092065824
604711221.2273525	61262385574.03156	221602961125.847	3572700536.6150165	-21064.066443959295	8183.79468953773	400.3928874826691	3013.0094543926325
604768821.2273525	60047544663.00802	222070820902.6142	3595857215.81982	-21117.8327843845	8061.303175743026	403.66183476348164	3010.586161378748
604826421.2273525	58829620076.033676	222531619410.54184	3619202765.879832	-21171.138771461865	7938.611600409093	406.9508807764171	3008.149622420732
604884021.2273525	57608638287.45951	222985345100.91592	3642738340.548408	-21223.98585513296	7815.719082577758	410.25988818046	3005.6996292517438
604941621.2273525	56384625689.58643	223431986373.07205	3666465085.536889	-21276.375434324662	7692.624699482561	413.58871507417996	3003.235973148374
604999221.2273525	55157608595.62082	223871531572.00378	3690384138.250892	-21328.30885642197	7569.327487196597	416.9372149613963	3000.758444995833
605056821.2273525	53927613242.65156	224303968986.01904	3714496627.524809	-21379.787416746487	7445.826441283057	420.3052367169833	2998.266835352203
605114421.2273525	52694665794.67392	224729286844.4128	3738803673.353986	-21430.812358037063	7322.120517450734	423.6926245527633	2995.7609345117
605172021.2273525	51458792345.62639	225147473315.19928	3763306386.625298	-21481.38486993714	7198.208632211623	427.09921798356606	2993.2405325669097
605229621.2273525	50220018922.4655	225558516502.87045	3788005868.845589	-21531.50608848535	7074.0896635428635	430.52485179340215	2990.7054194699563
