573319221.2273525	585162266.5067824	148771950837.92908	207055437776.99597	0.0002449500569230677
573319222.2273525	585162118.9995695	148771951404.3979	207055420647.07858	0.00024495008732894986
573319226.2273525	585161528.9745107	148771953670.27524	207055352127.4085	0.0002449502089525367
573319242.2273525	585159168.9334285	148771962733.817	207055078048.71707	0.00024495069544791954
573319306.2273525	585149729.7113768	148771998988.49753	207053981733.77588	0.0002449526414458926
573319562.2273525	585111987.9039377	148772144015.43378	207049596471.2081	0.00024496042570089187
573320586.2273525	584961262.2201622	148772724254.6058	207032055376.13077	0.0002449915669289071
573324682.2273525	584362240.4790188	148775047314.33545	206961890282.01285	0.00024511619906215194
573341066.2273525	582029290.4474112	148784373214.845	206681218684.0981	0.00024561579628780384
573406602.2273525	573774304.9353191	148822216225.1356	205558365555.22913	0.00024763084770397606
573668746.2273525	562041986.0444753	148982270269.94235	201065106406.6122	0.0002559301539568748
574098304.9214795	636561620.7205822	149274943479.57693	193702189924.32452	0.0002701557966960444
574522066.9176903	821830760.9719115	149601278363.53384	186449871521.10648	0.00028461651068076543
574938213.1085457	1083528318.6748579	149958695187.74515	179351336007.2245	0.00029889928990524823
575345225.1506443	1393985097.9417543	150344156893.12668	172442973694.31775	0.00031267325658597867
575741441.5998788	1733422925.477208	150753852035.7557	165761538403.30417	0.00032567334597682186
576124870.637519	2086837533.1586113	151182957318.67368	159346837454.78665	0.00033769131202423776
576492897.5153047	2444317854.0547023	151625194270.19556	153246025062.54877	0.00034856541559317235
576841712.2725545	2798479890.350477	152071909016.63773	147522192590.89398	0.0003581666271927284
577164883.2867445	3140554362.814597	152509771434.9312	142276190512.07922	0.0003663714451152641
577356657.6086136	3350410803.73888	152780519948.3177	139191394649.39905	0.00037089989142101264
577584773.4675854	3606893700.116457	153113158135.95328	135551346122.84293	0.0003759364216227516
577846772.5101602	3910175030.411749	153509376437.6393	131412255766.75142	0.00038122957029034405
578154265.5311096	4276288121.4983974	153993680511.23505	126614878507.9168	0.00038673964194387565
578490849.1852084	4687251366.775782	154547594768.10495	121443509324.76573	0.00039186210376744514
578849285.4891245	5135536436.160995	155164671153.31555	116034466822.7214	0.0003962295395026948
579225405.0407734	5619423679.476854	155842141177.82962	110474625481.79251	0.0003995641054079336
579616482.02467	6142075802.528888	156578778180.20142	104827800088.27695	0.0004016379433427945
580020591.5175912	6710337094.064148	157374079785.93848	99145187275.05257	0.0004022583088811297
580436313.8956327	7329463256.777818	158227913204.30225	93470187659.9127	0.00040126124118055337
580862573.0039991	8001352390.589556	159140329815.3681	87841055216.52664	0.0003985086152724912
581298552.3602799	8730820559.176712	160111488670.03333	82292334165.86276	0.0003938866297877667
581743642.7100136	9529777321.74156	161141619185.10968	76855822061.25453	0.00038730483705778153
582197416.0027518	10417400661.916346	162231026137.11224	71561181528.90004	0.00037869523001019483
582659608.1029096	11415665604.39563	163380105657.10678	66436461924.38953	0.0003680112805386926
583130116.608316	12539866837.175909	164589392134.6539	61508476183.22542	0.0003552266695260019
583609005.2970761	13804670189.825787	165859620249.29456	56803148434.86011	0.00034033373604416015
584096513.4191773	15233226938.549963	167191798982.3013	52345836528.710655	0.00032334173027713113
584593079.1000434	16858088444.590057	168587324420.38766	48161510732.10095	0.00030427461200880745
585099368.0593734	18715286792.54595	170048110327.2841	44274818019.52371	0.0002831687501904698
585616324.9363934	20831725510.62926	171576787018.9891	40709785871.78661	0.0002600700610991455
586145242.9647272	23235574366.5798	173176961218.8505	37489083542.495125	0.0002350310268529423
586663951.456882	25843211985.360397	174778985569.13477	34749022872.32962	0.00020931713558678807
587168745.9409066	28638905713.66365	176366486347.67816	32472556388.132584	0.0001834129214963701
587662968.2560042	31635847114.421535	177945361906.79263	30601293209.23738	0.00015742834227318767
588149505.2427273	34837457578.69953	179521005578.5771	29081970933.651844	0.00013146884027088402
588631028.926406	38252712586.10228	181098820998.51947	27864152004.31128	0.00010565330980697387
589110141.8650839	41901356752.27208	182684518350.1385	26899448645.77188	8.016651005673852e-05
589589475.4124051	45812116951.931145	184284301515.09686	26141534472.560513	5.54450887299572e-05
590071752.3310362	50015081853.66618	185904958314.49823	25546464107.428467	3.3126695989129774e-05
590559835.1111445	54536673971.36467	187553908627.5191	25072941847.419067	2.2026590920000898e-05
591056774.9118264	59411669693.01416	189239249928.75616	24682356657.213696	3.4977805602806375e-05
591565877.8324366	64690426920.523834	190969847704.66953	24338524921.22384	5.7392843774399724e-05
592090819.3924193	70440109033.31508	192755564891.14774	24007147782.647953	8.167861765523336e-05
592635849.9652997	76736354058.79053	194607758240.8046	23654992893.69155	0.00010639469733057852
593206173.8596779	83662067479.53845	196540287808.47504	23248717789.50951	0.00013110636215223233
593808704.7968591	91335505510.63667	198571649580.43723	22752998586.61696	0.00015560383851845764
594453776.6571928	99948831300.49622	200729987949.4664	22126884160.024067	0.00017976760382450315
595160018.3698714	109833230348.43314	203067766133.57617	21314254254.659374	0.0002036056274911638
595976203.3451799	121779473595.73685	205728874112.19778	20203114115.42916	0.00022764846521093794
596806407.7379186	134439324013.13855	208382536579.15884	18889580581.477333	0.00024830850958689035
597634741.2181488	147527858322.33	210968780327.84628	17412427044.184414	0.000265381099761547
598396341.0574378	159875331491.73938	213286553623.95895	15930125438.858416	0.00027839517606743366
599121851.0924627	171844937950.06177	215436712739.16397	14431391709.461143	0.0002889594898502728
599816463.759369	183453007534.4705	217439603986.5888	12940798568.231749	0.00029804219070145077
600474454.0225374	194524958403.28522	219284840621.96835	11500687982.844154	0.00030640473379992894
601081640.8126876	204753150580.9803	220941748633.23358	10166740410.628893	0.00031457253996469703
601448687.5711337	210925807678.5749	221921839625.89877	9365842528.246702	0.00032000271842219647
601852077.3995904	217694007656.78455	222980275059.8985	8496363439.826624	0.0003266180951746173
602329592.6892389	225671946628.4199	224208041522.02072	7489182070.186283	0.0003355995710060229
602882836.2828565	234840774641.9548	225596854959.1953	6364410270.586051	0.00034798571312984926
603478240.3346347	244581905376.6124	227052097006.99713	5221907471.391481	0.00036423031561621855
604096945.6204615	254535770229.27875	228522629847.55447	4131767316.799017	0.00038488346647044553
604726201.4130753	264464698922.61206	229977016824.04013	3151894240.8194585	0.00041034544083001795
605356745.4223915	274181510180.77676	231395690563.0521	2333716133.1280527	0.00044076754438415527
