573319221.2273525	585162266.5060655	148771950837.92905	207055437776.99603	0.0002449500569230677
573376821.2273525	577303978.2429224	148804912445.04068	206068646248.3713	0.00024671191156401496
573434421.2273525	570832005.7394931	148838541422.8059	205081659329.0431	0.00024849399746592287
573492021.2273525	565908916.8394362	148872839783.85138	204094508846.34818	0.00025029524158250106
573549621.2273525	562690329.318589	148907809510.29425	203107226690.32007	0.00025211458245809625
573607221.2273525	561320172.1309655	148943452553.69427	202119844810.3365	0.00025395097083091606
573664821.2273525	561925978.5036272	148979770835.00555	201132395213.98404	0.0002558033701611998
573722421.2273525	564614615.3039957	149016766244.5313	200144909963.27325	0.00025767075708896795
573780021.2273525	569468871.7346437	149054440641.8782	199157421173.87726	0.0002595521218259519
573837621.2273525	576545273.3224894	149092795855.91312	198169961010.8921	0.0002614464684862143
573895221.2273525	585873355.05264	149131833684.72018	197182561688.43695	0.0002633528153598674
573952821.2273525	597456444.5783141	149171555895.55997	196195255465.3684	0.0002652701951341639
574010421.2273525	611273813.8545703	149211964224.82877	195208074644.57965	0.00026719765506608785
574068021.2273525	627283899.0565791	149253060378.02042	194221051569.07837	0.0002691342571104256
574125621.2273525	645428195.4842201	149294846029.68808	193234218620.91733	0.00027107907800708085
574183221.2273525	665635416.2209004	149337322823.40802	192247608217.72385	0.000273031209331262
574240821.2273525	687825549.757761	149380492371.74435	191261252811.11563	0.0002749897575099688
574298421.2273525	711913538.9587147	149424356256.21512	190275184883.68924	0.0002769538438080034
574356021.2273525	737812405.3606286	149468916027.25958	189289436946.9526	0.00027892260428653625
574413621.2273525	765435737.7985837	149514173204.20624	188304041538.89728	0.00028089518973711927
574471221.2273525	794699540.3339251	149560129275.24307	187319031221.15576	0.0002828707655937974
574528821.2273525	825523487.3098482	149606785697.38806	186334438577.36835	0.00028484851182580443
574586421.2273525	857831664.6982781	149654143896.46164	185350296209.6928	0.0002868276228131876
574644021.2273525	891552891.183796	149702205267.05975	184366636737.72543	0.0002888073072074827
574701621.2273525	926620714.6612706	149750971172.52853	183383492794.5721	0.00029078678777943675
574759221.2273525	962973174.2821678	149800442944.94046	182400897025.92496	0.0002927653012556175
574816821.2273525	1000552408.0408821	149850621885.0708	181418882086.22473	0.0002947420981455847
574874421.2273525	1039304173.3367023	149901509262.3767	180437480637.68277	0.00029671644256117286
574932021.2273525	1079177334.5672593	149953106314.9759	179456725346.30374	0.00029868761202927606
574989621.2273525	1120123358.8744223	150005414249.6283	178476648881.13257	0.00030065489729946636
575047221.2273525	1162095849.7149386	150058434241.7172	177497283910.1092	0.00030261760214756107
575104821.2273525	1205050138.7421103	150112167435.2332	176518663099.264	0.0003045750431762427
575162421.2273525	1248942949.8794973	150166614942.75848	175540819108.91788	0.0003065265496136478
575220021.2273525	1293732145.229242	150221777845.45236	174563784592.23618	0.0003084714631108458
575277621.2273525	1339376559.8210316	150277657193.03845	173587592192.26376	0.0003104091375388943
575335221.2273525	1385835929.9930031	150334254003.79282	172612274539.81253	0.0003123389387862503
575392821.2273525	1433070917.1458519	150391569264.53342	171637864251.01837	0.00031426024455709193
575450421.2273525	1481043223.7037544	150449603930.61115	170664393924.8285	0.0003161724441711127
575508021.2273525	1529715791.0481381	150508358925.90097	169691896140.85675	0.00031807493836526196
575565621.2273525	1579053060.6112084	150567835142.796	168720403456.63675	0.0003199671390978909
575623221.2273525	1629021270.898516	150628033442.20142	167749948405.936	0.00032184846935557704
575680821.2273525	1679588757.236253	150688954653.5303	166780563495.35406	0.0003237183629630559
575738421.2273525	1730726219.647888	150750599574.70062	165812281203.3624	0.000325576264396428
575796021.2273525	1782406928.5665848	150812968972.13315	164845133976.35944	0.0003274216285999607
575853621.2273525	1834606847.5884492	150876063580.75134	163879154228.0135	0.00032925392080656457
575911221.2273525	1887304665.1210942	150939884103.98135	162914374335.40643	0.0003310726163622422
575968821.2273525	1940481739.7070022	151004431213.75464	161950826638.15588	0.0003328772005544785
576026421.2273525	1994121974.2834022	151069705550.51053	160988543434.9118	0.0003346671684447952
576084021.2273525	2048211641.0176542	151135707723.20108	160027556982.34134	0.0003364420247054808
576141621.2273525	2102739180.2457252	151202438309.2964	159067899491.5561	0.00033820128346054697
576199221.2273525	2157694995.2116885	151269897854.79163	158109603127.27295	0.00033994446813094493
576256821.2273525	2213071260.0636597	151338086874.21527	157152700004.36713	0.0003416711112840772
576314421.2273525	2268861753.2851586	151407005850.63837	156197222186.70422	0.0003433807544875447
576372021.2273525	2325061723.463628	151476655235.68512	155243201684.2753	0.00034507294816717334
576429621.2273525	2381667789.6350145	151547035449.5448	154290670451.3689	0.0003467472514692233
576487221.2273525	2438677874.570377	151618146880.98514	153339660384.49564	0.0003484032321267933
576544821.2273525	2496091166.2204404	151689989887.3662	152390203319.97885	0.00035004046633033327
576602421.2273525	2553908099.8732877	151762564794.65643	151442331032.34	0.0003516585386021899
576660021.2273525	2612130351.185283	151835871897.44946	150496075231.71585	0.0003532570416751774
576717621.2273525	2670760827.975375	151909911458.98172	149551467562.49356	0.000354835576375012
576775221.2273525	2729803646.5699906	151984683711.15253	148608539600.57266	0.00035639375150660894
576832821.2273525	2789264076.8058844	152060188854.54425	147667322852.2531	0.00035793118374409917
576890421.2273525	2849148439.08521	152136427058.444	146727848751.19522	0.00035944749752450433
576948021.2273525	2909463937.8560424	152213398460.86722	145790148657.82785	0.000360942324944971
577005621.2273525	2970218419.3964868	152291103168.58148	144854253855.97375	0.0003624153056634845
577063221.2273525	3031420048.4190736	152369541257.13235	143920195552.4411	0.0003638660868029152
577120821.2273525	3093076907.8135414	152448712770.8702	142988004873.83264	0.0003652943228583721
577178421.2273525	3155196537.8930397	152528617722.9779	142057712865.9374	0.00036669967560772727
577236021.2273525	3217785443.7840543	152609256095.50055	141129350490.8714	0.00036808181402517206
577293621.2273525	3280848609.3012714	152690627839.37573	140202948626.3344	0.00036944041419781376
577351221.2273525	3344389059.9825788	152772732874.46524	139278538062.94852	0.0003707751592450874
577408821.2273525	3408407515.2035365	152855571089.58807	138356149503.53436	0.00037208573924098735
577466421.2273525	3472902159.645121	152939142342.5551	137435813560.59833	0.0003733718511389629
577524021.2273525	3537868550.0738783	153023446460.2037	136517560755.31297	0.00037463319869939177
577581621.2273525	3603299657.9301434	153108483238.43512	135601421515.66547	0.0003758694924195632
577639221.2273525	3669186035.095891	153194252442.252	134687426174.78233	0.0003770804494660305
577696821.2273525	3735516081.7547197	153280753805.79794	133775604969.92699	0.00037826579360929425
577754421.2273525	3802276392.0010333	153367987032.39737	132865988040.14435	0.0003794252551606775
577812021.2273525	3869452153.8014674	153455951794.5975	131958605425.9053	0.0003805585709113358
577869621.2273525	3937027583.164076	153544647734.21118	131053487066.57007	0.00038166548407329404
577927221.2273525	4004986375.9974527	153634074462.36063	130150662800.09703	0.0003827457442224456
577984821.2273525	4073312163.753955	153724231559.5231	129250162360.62337	0.000383799107243401
578042421.2273525	4141988960.00518	153815118575.57715	128352015378.43234	0.0003848253352761506
578100021.2273525	4211001584.8835893	153906735029.8504	127456251377.20078	0.0003858241966644028
578157621.2273525	4280336053.6892123	153999080411.16864	126562899774.54758	0.0003867954659055748
578215221.2273525	4349979915.9701	154092154177.9057	125671989878.96077	0.0003877389236023181
578272821.2273525	4419922532.905843	154185955758.03516	124783550890.4272	0.0003886543564155412
578330421.2273525	4490155284.22791	154280484549.18262	123897611897.79341	0.00038954155701881814
578388021.2273525	4560671700.953496	154375739918.67984	123014201878.99837	0.00039040032405416295
578445621.2273525	4631467526.11395	154471721203.61957	122133349698.99893	0.0003912304620890649
578503221.2273525	4702540711.382876	154568427710.9117	121255084109.64398	0.0003920317815747063
578560821.2273525	4773891362.076452	154665858717.34082	120379433748.11421	0.000392804098805363
578618421.2273525	4845521645.762953	154764013469.62497	119506427136.48665	0.0003935472358788544
578676021.2273525	4917435680.475424	154862891184.47516	118636092680.62794	0.0003942610206580403
578733621.2273525	4989639417.489242	154962491048.65686	117768458669.40686	0.0003949452867332406
578791221.2273525	5062140531.246388	155062812219.05194	116903553274.37741	0.00039559987338561373
578848821.2273525	5134948325.831382	155163853822.7221	116041404548.1179	0.00039622462555136454
578906421.2273525	5208073663.863117	155265614956.97366	115182040424.87645	0.0003968193937867284
578964021.2273525	5281528920.066885	155368094689.42343	114325488718.402	0.0003973840342337594
579021621.2273525	5355327958.22656	155471292058.06558	113471777122.92412	0.0003979184085867743
579079221.2273525	5429486126.662761	155575206071.34006	112620933211.14381	0.00039842238405947986
579136821.2273525	5504020263.720599	155679835708.2017	111772984435.14745	0.0003988958333526956
579194421.2273525	5578948700.901154	155785179918.19122	110927958124.53299	0.00039933863462264334
579252021.2273525	5654291247.288274	155891237621.50674	110085881487.56381	0.0003997506714497755
579309621.2273525	5730069135.158721	155998007709.07672	109246781609.17519	0.00040013183280806553
579367221.2273525	5806304903.86934	156105489042.63425	108410685452.28049	0.0004004820130347517
579424821.2273525	5883022198.540444	156213680454.79224	107577619856.01854	0.00040080111180049687
579482421.2273525	5960245463.329467	156322580749.1202	106747611536.80426	0.0004010890340798969
579540021.2273525	6037999517.836125	156432188700.22128	105920687087.2346	0.0004013456901223467
579597621.2273525	6116309020.273808	156542503053.81174	105096872976.40651	0.0004015709954231874
579655221.2273525	6195197841.612851	156653522526.80087	104276195549.75139	0.00040176487069515176
579712821.2273525	6274688397.558211	156765245807.37152	103458681028.74785	0.00040192724184000386
579770421.2273525	6354801004.182825	156877671555.0633	102644355511.42169	0.000402058039920435
579828021.2273525	6435553331.636126	156990798400.8555	101833244971.67937	0.0004021572011321156
579885621.2273525	6516960023.831868	157104624947.25192	101025375260.30016	0.00040222466677589076
579943221.2273525	6599032530.158422	157219149768.36655	100220772103.97858	0.00040226038323013533
580000821.2273525	6681779163.282354	157334371410.01065	99419461106.84247	0.0004022643019231753
580058421.2273525	6765205363.856776	157450288389.78085	98621467749.00853	0.0004022363793058248
580116021.2273525	6849314127.19871	157566899197.14832	97826817388.69127	0.00040217657682393537
580173621.2273525	6934106534.041743	157684202293.54895	97035535260.63245	0.0004020848608910256
580231221.2273525	7019582327.724664	157802196112.47534	96247646478.14832	0.00040196120286088537
580288821.2273525	7105740490.129459	157920879059.5691	95463176031.91136	0.00040180557900019705
580346421.2273525	7192579783.203078	158040249512.71457	94682148791.72229	0.0004016179704611284
580404021.2273525	7280099237.34717	158160305822.1343	93904589505.76218	0.0004013983632538639
580461621.2273525	7368298579.385406	158281046310.48434	93130522802.13237	0.000401146748219113
580519221.2273525	7457178600.132473	158402469272.952	92359973188.37035	0.000400863121000502
580576821.2273525	7546741465.053633	158524572977.3538	91592965052.8725	0.0004005474820168877
580634421.2273525	7636990972.190237	158647355664.23508	90829522664.79115	0.0004001998364345976
580692021.2273525	7727932760.678428	158770815546.97052	90069670174.9967	0.00039982019413949463
580749621.2273525	7819574471.948045	158894950811.86557	89313431616.62215	0.00039940856970894465
580807221.2273525	7911925864.870501	159019759618.25964	88560830905.34952	0.0003989649823836484
580864821.2273525	8004998886.144251	159145240098.62943	87811891840.8098	0.0003984894560392827
580922421.2273525	8098807698.137241	159271390358.69427	87066638106.24104	0.00039798201915799904
580980021.2273525	8193368667.999957	159398208477.5221	86325093270.24194	0.00039744270479975113
581037621.2273525	8288700323.735894	159525692507.6365	85587280786.35162	0.00039687155057342244
581095221.2273525	8384823284.610529	159653840475.1251	84853223994.89714	0.000396268598607767
581152821.2273525	8481760174.423316	159782650379.74887	84122946122.4746	0.0003956338955221382
581210421.2273525	8579535526.531869	159912120195.05243	83396470284.04765	0.00039496749239702287
581268021.2273525	8678175689.016642	160042247868.4758	82673819482.10754	0.00039426944474435635
581325621.2273525	8777708737.054665	160173031321.46674	81955016609.03435	0.00039353981247761333
581383221.2273525	8878164397.558372	160304468449.59457	81240084446.14928	0.00039277865988165603
581440821.2273525	8979573988.530264	160436557122.66492	80529045665.77586	0.00039198605558238633
581498421.2273525	9081970372.488768	160569295184.83536	79821922830.8272	0.0003911620725161209
581556021.2273525	9185387919.73122	160702680454.7324	79118738396.28589	0.0003903067878987527
581613621.2273525	9289862473.128914	160836710725.56967	78419514709.17677	0.0003894202831946659
581671221.2273525	9395431301.59401	160971383765.2662	77724274009.62189	0.0003885026440853848
581728821.2273525	9502133024.527267	161106697316.56738	77033038431.03941	0.00038755396043799726
581786421.2273525	9610007484.932213	161242649097.16525	76345830000.93588	0.00038657432627332464
581844021.2273525	9719095545.52221	161379236799.82104	75662670641.4021	0.0003855638397338127
581901621.2273525	9829438781.718603	161516458092.48853	74983582169.22763	0.0003845226030512111
581959221.2273525	9941079050.205658	161654310618.43762	74308586296.95876	0.00038345072251396096
582016821.2273525	10054057923.983227	161792791996.38037	73637704632.26566	0.00038234830843436547
582074421.2273525	10168416005.892157	161931899820.59674	72970958679.37834	0.000381215475115476
582132021.2273525	10284192161.012106	162071631661.0622	72308369837.97392	0.00038005234081774694
582189621.2273525	10401422738.774347	162211985063.5758	71649959404.51128	0.00037885902772542916
582247221.2273525	10520140878.865768	162352957549.88986	70995748571.05867	0.00037763566191271905
582304821.2273525	10640376000.607512	162494546617.83987	70345758426.43874	0.00037638237330967633
582362421.2273525	10762153556.818085	162636749741.4766	69700009954.70088	0.0003750992956678658
582420021.2273525	10885495091.947718	162779564371.19772	69058524036.1324	0.00037378656652579
582477621.2273525	11010418591.670988	162922987933.8817	68421321445.472595	0.0003724443271740627
582535221.2273525	11136939063.27422	163067017833.02206	67788422852.635155	0.00037107272262037425
582592821.2273525	11265069256.852657	163211651448.86255	67159848820.764145	0.0003696719015541944
582650421.2273525	11394820432.039722	163356886138.5341	66535619806.2698	0.00036824201631128253
582708021.2273525	11526203090.103409	163502719236.19144	65915756157.02252	0.0003667832228379708
582765621.2273525	11659227617.610596	163649148053.152	65300278111.55864	0.0003652956806552164
582823221.2273525	11793904815.789839	163796169878.03516	64689205797.24277	0.00036377955282246164
582880821.2273525	11930246312.482687	163943781976.9024	64082559228.68067	0.00036223500590130985
582938421.2273525	12068264868.36066	164091981593.3985	63480358305.904274	0.0003606622099189623
582996021.2273525	12207974596.143862	164240765948.89413	62882622811.898285	0.00035906133833151323
583053621.2273525	12349391112.757547	164390132242.6287	62289372410.68288	0.00035743256798702924
583111221.2273525	12492531641.95983	164540077651.85464	61700626643.74288	0.00035577607908849663
583168821.2273525	12637415080.902634	164690599331.98264	61116404928.27774	0.0003540920551565612
583226421.2273525	12784062039.751724	164841694416.72742	60536726552.445915	0.000352380682992135
583284021.2273525	12932494859.749538	164993360018.25513	59961610673.28965	0.00035064215263887503
583341621.2273525	13082737612.384205	165145593227.33087	59391076311.24769	0.00034887665734550005
583399221.2273525	13234816080.766249	165298391113.4678	58825142347.28878	0.0003470843935279829
583456821.2273525	13388757723.81792	165451750725.07693	58263827516.85092	0.0003452655607316441
583514421.2273525	13544591624.22471	165605669089.61777	57707150406.09155	0.00034342036159315173
583572021.2273525	13702348421.958487	165760143213.74994	57155129445.0043	0.0003415490018023838
583629621.2273525	13862060236.220194	165915170083.48605	56607782902.91568	0.00033965169006426924
583687221.2273525	14023760579.522642	166070746664.3447	56065128880.86462	0.00033772863806052686
583744821.2273525	14187484268.07563	166226869901.5052	55527185305.83172	0.00033578006041135445
583802421.2273525	14353267332.447618	166383536719.9627	54993969922.6462	0.00033380617463710835
583860021.2273525	14521146931.550545	166540744024.6846	54465500286.5181	0.00033180720111992436
583917621.2273525	14691161271.28594	166698488700.76724	53941793754.73867	0.00032978336306535317
583975221.2273525	14863349526.705772	166856767613.59412	53422867477.43444	0.00032773488646400484
584032821.2273525	15037751763.301945	167015577608.99472	52908738388.58248	0.0003256620000532027
584090421.2273525	15214408849.144283	167174915513.40417	52399423195.29053	0.00032356493527871324
584148021.2273525	15393362345.175629	167334778134.024	51894938367.90648	0.0003214439262565201
584205621.2273525	15574654356.45003	167495162258.98325	51395300127.671005	0.0003192992097346831
584263221.2273525	15758327323.161228	167656064657.5011	50900524436.0366	0.0003171310250553034
584320821.2273525	15944423728.240273	167817482080.05005	50410626980.49107	0.00031493961411663545
584378421.2273525	16132985699.962158	167979411258.51968	49925623163.01416	0.0003127252213353179
584436021.2273525	16324054495.744669	168141848906.38196	49445528084.198074	0.00031048809360881887
584493621.2273525	16517669869.257782	168304791718.85657	48970356530.18179	0.00030822848027806484
584551221.2273525	16713869347.702072	168468236373.0777	48500122955.64677	0.00030594663309030287
584608821.2273525	16912687476.967068	168632179528.26123	48034841468.87382	0.0003036428061622188
584666421.2273525	17114155122.120655	168796617825.87335	47574525813.52531	0.000301317255943374
584724021.2273525	17318298928.21876	168961547889.79922	47119189351.85938	0.00029897024117994696
584781621.2273525	17525141040.64913	169126966326.5129	46668845045.130745	0.00029660202287884924
584839221.2273525	17734699150.163525	169292869725.2483	46223505434.973816	0.0002942128642722225
584896821.2273525	17946986871.51848	169459254658.17026	45783182622.61963	0.0002918030307824187
584954421.2273525	18162014402.93984	169626117680.5471	45347888247.95293	0.00028937278998742317
585012021.2273525	18379789366.509346	169793455330.92383	44917633467.938354	0.0002869224115868488
585069621.2273525	18600317710.779053	169961264131.29538	44492428933.21485	0.00028445216736846385
585127221.2273525	18823604567.980965	170129540587.28207	44072284765.66041	0.0002819623311754209
585184821.2273525	19049654989.76969	170298281188.30444	43657210532.61508	0.00027945317887411776
585242421.2273525	19278474523.821983	170467482407.7599	43247215223.2752	0.00027692498832285515
585300021.2273525	19510069627.257496	170637140703.1994	42842307221.154205	0.00027437803934131036
585357621.2273525	19744447935.734615	170807252516.50534	42442494278.94751	0.00027181261368087767
585415221.2273525	19981618418.444458	170977814274.06967	42047783489.3513	0.00026922899499602583
585472821.2273525	20221591451.477043	171148822386.974	41658181258.60994	0.00026662746881668146
585530421.2273525	20464378838.567017	171320273251.16858	41273693275.74908	0.00026400832252178086
585588021.2273525	20709993802.052734	171492163247.6538	40894324484.75774	0.000261371845314045
585645621.2273525	20958450960.089977	171664488742.66147	40520079052.74822	0.00025871832819614264
585703221.2273525	21209766299.96524	171837246087.83676	40150960340.417	0.00025604806394830155
585760821.2273525	21463957152.298836	172010431620.42133	39786970869.80392	0.0002533613471075373
585818421.2273525	21721042167.18116	172184041663.43695	39428112292.959435	0.0002506584739486092
585876021.2273525	21981041290.80516	172358072525.87015	39074385359.338806	0.0002479397424668796
585933621.2273525	22243975739.817398	172532520502.85663	38725789883.22214	0.00024520545236323
585991221.2273525	22509867970.23549	172707381875.86777	38382324710.88608	0.00024245590503121805
586048821.2273525	22778741638.148125	172882652912.89655	38043987687.104034	0.00023969140354667957
586106421.2273525	23050621550.301327	173058329868.64487	37710775622.33417	0.0002369122526599955
586164021.2273525	23325533603.779922	173234408984.71167	37382684258.595116	0.00023411875879126204
586221621.2273525	23603504715.035137	173410886489.78082	37059708237.30967	0.00023131123002863494
586279221.2273525	23884562739.198906	173587758599.81107	36741841064.535126	0.0002284899761301443
586336821.2273525	24168736380.709137	173765021518.22522	36429075079.9232	0.0002256553085292954
586394421.2273525	24456055095.58541	173942671436.10117	36121401422.22313	0.00022280754034484861
586452021.2273525	24746548984.13425	174120704532.3626	35818809998.92814	0.00021994698639511242
586509621.2273525	25040248670.46315	174299116973.9714	35521289453.28737	0.0002170739632172788
586567221.2273525	25337185162.062954	174477904916.11935	35228827134.69847	0.00021418878909222277
586624821.2273525	25637389679.214653	174657064502.42188	34941409067.56879	0.00021129178407535947
586682421.2273525	25940893440.607517	174836591865.11154	34659019923.39136	0.0002083832700341545
586740021.2273525	26247727389.219574	175016483125.23233	34381642991.75903	0.00020546357069296803
586797621.2273525	26557921842.4895	175196734392.83472	34109260154.55716	0.00020253301168602112
586855221.2273525	26871506054.776413	175377341767.171	33841851859.987602	0.00019959192061932537
586912821.2273525	27188507689.84834	175558301336.89188	33579397098.949505	0.00019664062714253372
586970421.2273525	27508952217.834328	175739609180.24298	33321873382.990726	0.00019367946303184435
587028021.2273525	27832862274.128727	175921261365.2622	33069256723.25236	0.0001907087622851104
587085621.2273525	28160257043.46312	176103253949.9779	32821521612.75014	0.00018772886123061576
587143221.2273525	28491151753.402756	176285582982.60715	32578641008.84644	0.00018474009865099872
587200821.2273525	28825557368.17098	176468244501.755	32340586319.800365	0.00018174281592418893
587258421.2273525	29163480557.79442	176651234536.61404	32107327391.531624	0.00017873735718327538
587316021.2273525	29504923977.694977	176834549107.16492	31878832499.05295	0.00017572406949765472
587373621.2273525	29849886838.691647	177018184224.37677	31655068337.728992	0.0001727033030780649
587431221.2273525	30198365693.65596	177202135890.4089	31436000020.247177	0.00016967541150846816
587488821.2273525	30550355332.255646	177386400098.81232	31221591072.781494	0.00016664075200820066
587546421.2273525	30905849669.064983	177570972834.73242	31011803437.51449	0.0001635996857283386
587604021.2273525	31264842530.866234	177755850075.11182	30806597474.708492	0.00016055257808676005
587661621.2273525	31627328285.22028	177941027788.89392	30605931970.335297	0.00015749979914713206
587719221.2273525	31993302290.878326	178126501937.22662	30409764144.666687	0.0001544417240478141
587776821.2273525	32362761181.291653	178312268473.66724	30218049665.311207	0.00015137873348769268
587834421.2273525	32735703011.067135	178498323344.38712	30030742662.196503	0.00014831121427701487
587892021.2273525	33112127302.349815	178684662488.37723	29847795746.440483	0.00014523955996268917
587949621.2273525	33492035026.96554	178871281837.6542	29669160031.545067	0.0001421641715391013
588007221.2273525	33875428554.372906	179058177317.46683	29494785158.046364	0.00013908545825738516
588064821.2273525	34262311587.95815	179245344846.50272	29324619321.23288	0.00013600383854837157
588122421.2273525	34652689104.78203	179432780337.09616	29158609301.191574	0.00013291974107716787
588180021.2273525	35046567307.438705	179620479695.43552	28996700496.9392	0.00012983360595062528
588237621.2273525	35443953591.515045	179808438821.77173	28838836961.69857	0.0001267458861029103
588295221.2273525	35844856528.18104	179996653610.62723	28684961443.129505	0.00012365704888922925
588352821.2273525	36249285858.57479	180185119951.00485	28535015423.64396	0.00012056757792365969
588410421.2273525	36657252494.712555	180373833726.59784	28388939165.90921	0.00011747797520424775
588468021.2273525	37068768520.54628	180562790815.99933	28246671758.274418	0.00011438876357726857
588525621.2273525	37483847186.45747	180751987092.91357	28108151165.016205	0.00011130048960364092
588583221.2273525	37902502890.82734	180941418426.36612	27973314276.073418	0.0001082137269038188
588640821.2273525	38324751143.27447	181131080680.9158	27842096961.632915	0.0001051290800743717
588698421.2273525	38750608505.50839	181320969716.86584	27714434125.778652	0.00010204718929053012
588756021.2273525	39180092507.26623	181511081390.47632	27590259764.391483	9.896873573530449e-05
588813621.2273525	39613221536.163574	181701411554.1764	27469507022.544353	9.589444802922444e-05
588871221.2273525	40050014701.17767	181891956056.7775	27352108254.60406	9.282510987704756e-05
588928821.2273525	40490491669.64327	182082710743.68628	27237995084.82015	8.976156920184219e-05
588986421.2273525	40934672476.94582	182273671457.11823	27127098469.098045	8.670474910609541e-05
589044021.2273525	41382577306.6365	182464834036.3119	27019348757.697777	8.365566108893185e-05
589101621.2273525	41834226236.77687	182656194317.7427	26914675758.04227	8.061542106430129e-05
589159221.2273525	42289638946.56564	182847748135.3381	26813008798.829063	7.758526887605452e-05
589216821.2273525	42748834376.56686	183039491320.69232	26714276793.28216	7.456659220370909e-05
589274421.2273525	43211830337.264366	183231419703.28146	26618408303.86827	7.156095601321572e-05
589332021.2273525	43678643065.37955	183423529110.67957	26525331604.992638	6.857013905184522e-05
589389621.2273525	44149286736.34412	183615815368.7742	26434974747.946	6.559617934414309e-05
589447221.2273525	44623772954.6334	183808274301.98303	26347265622.372486	6.264143125586998e-05
589504821.2273525	45102110259.934364	184000901733.46982	26262132020.35914	5.970863750674939e-05
589562421.2273525	45584303702.85516	184193693485.36212	26179501696.568832	5.680102059781529e-05
589620021.2273525	46070354553.59674	184386645378.96756	26099302430.37683	5.3922399559609794e-05
589677621.2273525	46560260204.63384	184579753234.99167	26021462084.31733	5.107733982143264e-05
589735221.2273525	47054014309.99454	184773012873.75555	25945908663.6816	4.8271346445355516e-05
589792821.2273525	47551607170.28147	184966420115.4138	25872570372.53058	4.551111401342959e-05
589850421.2273525	48053026331.58178	185159970780.17233	25801375670.42026	4.280485000397779e-05
589908021.2273525	48558257329.67801	185353660688.50757	25732253325.79754	4.016269206216764e-05
589965621.2273525	49067284489.75897	185547485661.3845	25665132468.936497	3.7597241813179356e-05
590023221.2273525	49580091691.71986	185741441520.4756	25599942642.658268	3.512423561858466e-05
590080821.2273525	50096663029.89854	185935524088.38043	25536613851.031773	3.276335926418737e-05
590138421.2273525	50616983325.57514	186129729188.8447	25475076607.029667	3.053917624278911e-05
590196021.2273525	51141038481.06827	186324052646.9797	25415261977.057316	2.848205674456456e-05
590253621.2273525	51668815688.49483	186518490289.4824	25357101624.91698	2.6628838945470335e-05
590311221.2273525	52200303520.98869	186713037944.855	25300527852.046127	2.5022711087636604e-05
590368821.2273525	52735491939.808525	186907691443.62576	25245473637.896805	2.3711529843963213e-05
590426421.2273525	53274372249.679	187102446618.56854	25191872675.581066	2.274371921410032e-05
590484021.2273525	53816937029.75958	187297299304.9239	25139659408.479088	2.216146145203745e-05
590541621.2273525	54363180061.16088	187492245340.6195	25088769061.406357	2.1992396689331823e-05
590599221.2273525	54913096265.43264	187687280566.491	25039137673.4187	2.2242850258975953e-05
590656821.2273525	55466681662.67189	187882400826.5031	24990702124.833206	2.2895927131779833e-05
590714421.2273525	56023933353.05456	188077601967.97083	24943400165.600876	2.3915552150408546e-05
590772021.2273525	56584849521.59602	188272879841.7802	24897170438.801975	2.525430994200881e-05
590829621.2273525	57149429462.631805	188468230302.6103	24851952504.45482	2.6861551980078187e-05
590887221.2273525	57717673617.72332	188663649209.15466	24807686859.608456	2.8689311759774015e-05
590944821.2273525	58289583618.4014	188859132424.34247	24764314957.831596	3.069544618131335e-05
591002421.2273525	58865162323.43278	189054675815.56085	24721779225.91675	3.2844613334744286e-05
591060021.2273525	59444413839.29675	189250275254.87622	24680023079.225563	3.510798286330391e-05
591117621.2273525	60027343512.519394	189445926619.2567	24638990935.476295	3.746238452045582e-05
591175221.2273525	60613957883.57208	189641625790.79373	24598628225.7843	3.988931627805143e-05
591232821.2273525	61204264594.24037	189837368656.92426	24558881405.796864	4.237401606136887e-05
591290421.2273525	61798272243.50063	190033151110.65295	24519697963.02842	4.490467269714019e-05
591348021.2273525	62395990190.5806	190228969050.77454	24481026425.247665	4.747178758490721e-05
591405621.2273525	62997428307.4569	190424818382.0957	24442816364.43575	5.0067671797270116e-05
591463221.2273525	63602596685.94495	190620695015.6577	24405018402.462914	5.268605524082158e-05
591520821.2273525	64211505306.35583	190816594868.9587	24367584212.29517	5.532178471149916e-05
591578421.2273525	64824163675.3385	191012513866.1758	24330466520.95987	5.797059090568631e-05
591636021.2273525	65440580440.31637	191208447938.38803	24293619108.127934	6.062890831599555e-05
591693621.2273525	66060762987.57054	191404393023.7982	24256996806.90759	6.329373549283504e-05
591751221.2273525	66684717031.43062	191600345067.95547	24220555500.057255	6.59625260952363e-05
591808821.2273525	67312446204.07318	191796300023.97815	24184252118.400883	6.863310347169194e-05
591866421.2273525	67943951659.61171	191992253852.77554	24148044635.632713	7.130359328786471e-05
591924021.2273525	68579231712.276955	192188202523.2706	24111892063.87925	7.397237006032748e-05
591981621.2273525	69218281535.37544	192384142012.62247	24075754447.78126	7.663801446242578e-05
592039221.2273525	69861092953.18304	192580068306.44818	24039592857.572437	7.929927902227977e-05
592096821.2273525	70507654359.15855	192775977399.04587	24003369382.129597	8.195506039709855e-05
592154421.2273525	71157950788.2002	192971865293.61633	23967047120.17397	8.460437683167019e-05
592212021.2273525	71811964156.9654	193167728002.48538	23930590172.3326	8.724634972769477e-05
592269621.2273525	72469673665.86862	193363561547.32614	23893963630.705315	8.988018849194513e-05
592327221.2273525	73131056333.46454	193559361959.38083	23857133570.247707	9.250517801453857e-05
592384821.2273525	73796087614.37071	193755125279.6831	23820067036.701897	9.512066826868553e-05
592442421.2273525	74464742041.152	193950847559.27948	23782732037.60982	9.77260656308902e-05
592500021.2273525	75136993831.41927	194146524859.45166	23745097529.00989	0.00010032082560362564
592557621.2273525	75812817412.88828	194342153251.93784	23707133405.69692	0.00010290444668704151
592615221.2273525	76492187837.29782	194537728819.1543	23668810487.448658	0.00010547646519664794
592672821.2273525	77175081073.7587	194733247654.4173	23630100508.28044	0.00010803645086338606
592730421.2273525	77861474188.87006	194928705862.1639	23590976102.572666	0.00011058400308377557
592788021.2273525	78551345432.3718	195124099558.17365	23551410793.43772	0.00011311874771242763
592845621.2273525	79244674252.73041	195319424869.7892	23511378978.641815	0.00011564033430906463
592903221.2273525	79941441267.90408	195514677936.1376	23470855918.43477	0.00011814843376784319
592960821.2273525	80641628214.16927	195709854908.351	23429817721.497383	0.00012064273626952945
593018421.2273525	81345217891.8466	195904951949.7872	23388241331.85492	0.0001231229495073358
593076021.2273525	82052194122.1932	196099965236.2499	23346104515.648224	0.00012558879714553414
593133621.2273525	82762541725.25111	196294890956.2096	23303385846.815304	0.00012804001747673948
593191221.2273525	83476246524.32173	196489725311.02304	23260064694.661358	0.00013047636224934877
593248821.2273525	84193295378.92627	196684464515.15335	23216121209.01075	0.00013289759564113793
593306421.2273525	84913676244.43245	196879104796.38962	23171536307.845135	0.0001353034933588449
593364021.2273525	85637378252.81915	197073642396.0667	23126291662.539722	0.00013769384184659445
593421621.2273525	86364391805.20636	197268073569.28418	23080369685.64845	0.00014006843758870318
593479221.2273525	87094708662.95285	197462394585.12546	23033753516.034065	0.00014242708649451664
593536821.2273525	87828322020.65938	197656601726.8767	22986427006.910122	0.0001447696033547168
593594421.2273525	88565226541.98802	197850691292.2454	22938374711.03113	0.00014709581136011473
593652021.2273525	89305418338.60837	198044659593.57834	22889581868.99286	0.0001494055416751513
593709621.2273525	90048894874.6155	198238502958.08032	22840034394.583424	0.00015169863305947395
593767221.2273525	90795654783.86678	198432217728.03152	22789718863.16041	0.00015397493153179663
593824821.2273525	91545697595.67513	198625800261.00516	22738622497.759632	0.00015623429007111827
593882421.2273525	92299023374.14107	198819246930.0849	22686733157.019344	0.00015847656835092105
593940021.2273525	93055632286.40039	199012554124.08142	22634039322.242027	0.00016070163250266083
593997621.2273525	93815524123.20587	199205718247.7499	22580530085.11019	0.00016290935490521845
594055221.2273525	94578697799.90997	199398735722.00555	22526195135.38606	0.00016509961399751606
594112821.2273525	95345150866.39478	199591602984.14038	22471024748.677994	0.00016727229411174545
594170421.2273525	96114879051.24179	199784316488.03857	22415009774.839066	0.00016942728532507578
594228021.2273525	96887875859.90457	199976872704.39227	22358141625.444847	0.0001715644833278517
594285621.2273525	97664132240.64613	200169268120.91626	22300412263.278557	0.00017368378930666156
594343221.2273525	98443636327.12267	200361499242.56357	22241814189.52259	0.000175785109840705
594400821.2273525	99226373263.53958	200553562591.73907	22182340434.00406	0.000177868356810207
594458421.2273525	100012325117.18172	200745454708.51404	22121984542.570652	0.00017993344731568543
594516021.2273525	100801470882.86375	200937172150.83997	22060740567.786995	0.0001819803036070129
594573621.2273525	101593786583.1122	201128711494.76166	21998603056.82166	0.00018400885302140283
594631221.2273525	102389245465.34991	201320069334.63065	21935567042.107777	0.0001860190279294503
594688821.2273525	103187818292.30565	201511242283.31754	21871628029.993496	0.00018801076568855969
594746421.2273525	103989473714.55064	201702226972.42432	21806781991.661423	0.00018998400860304916
594804021.2273525	104794178705.73949	201893020052.4963	21741025351.99664	0.00019193870389039807
594861621.2273525	105601899033.79445	202083618193.23376	21674354981.053665	0.0001938748036530849
594919221.2273525	106412599736.93819	202274018083.70245	21606768183.34076	0.00019579226485558654
594976821.2273525	107226245573.52988	202464216432.54483	21538262689.27125	0.00019769104930609805
595034421.2273525	108042801419.26443	202654209968.19006	21468836645.482666	0.00019957112364258345
595092021.2273525	108862232593.4371	202843995439.06375	21398488605.921764	0.00020143245932287832
595149621.2273525	109684505105.82066	203033569613.7972	21327217523.14984	0.00020327503261847066
595207221.2273525	110509585825.29022	203222929281.43695	21255022739.397842	0.0002050988246117434
595264821.2273525	111337442579.10756	203412071251.65228	21181903978.532543	0.00020690382119639784
595322421.2273525	112168044196.96367	203600992354.94385	21107861337.160473	0.00020869001308084094
595380021.2273525	113001360516.39111	203789689442.8514	21032895277.237858	0.00021045739579436234
595437621.2273525	113837362366.4535	203978159388.1602	20957006617.12742	0.000212205969695858
595495221.2273525	114676021545.35439	204166399085.10822	20880196525.073235	0.00021393573998500836
595552821.2273525	115517310805.42065	204354405449.59177	20802466510.070652	0.00021564671671568957
595610421.2273525	116361203856.27307	204542175419.3717	20723818415.984806	0.0002173389148115362
595668021.2273525	117207675394.1131	204729705954.27777	20644254412.74397	0.00021901235408348447
595725621.2273525	118056701161.93712	204916994036.41403	20563776990.581326	0.0002206670592492205
595783221.2273525	118908258041.95363	205104036670.36218	20482388951.823803	0.00022230305995438334
595840821.2273525	119762324177.26352	205290830883.386	20400093405.167927	0.00022392039079547268
595898421.2273525	120618879114.737	205477373725.63358	20316893758.053944	0.00022551909134432572
595956021.2273525	121477903954.9488	205663662270.34033	20232793711.138626	0.00022709920617413663
596013621.2273525	122339381488.38136	205849693614.03073	20147797250.88192	0.00022866078488684093
596071221.2273525	123203296290.81952	206035464876.71994	20061908644.19991	0.00023020388214194665
596128821.2273525	124069634746.55722	206220973202.1146	19975132431.788353	0.00023172855768657918
596186421.2273525	124938384967.8094	206406215757.81305	19887473422.316463	0.0002332348763867948
596244021.2273525	125809536584.59485	206591189735.50522	19798936686.903027	0.00023472290826004563
596301621.2273525	126683080392.3194	206775892351.17172	19709527552.73993	0.00023619272850876452
596359221.2273525	127559007863.36157	206960320845.28253	19619251598.44353	0.0002376444175549957
596416821.2273525	128437310550.71036	207144472482.99487	19528114647.59347	0.00023907806107602644
596474421.2273525	129317979430.83893	207328344554.35077	19436122764.587578	0.00024049375004099604
596532021.2273525	130201004244.19382	207511934374.4735	19343282248.088787	0.0002418915807483697
596589621.2273525	131086372891.6546	207695239283.76447	19249599627.48199	0.00024327165486429765
596647221.2273525	131974070934.38423	207878256648.09818	19155081656.375496	0.00024463407946176755
596704821.2273525	132864081226.298	208060983859.0174	19059735309.328472	0.0002459789670605207
596762421.2273525	133756383688.34122	208243418333.92767	18963567775.431477	0.00024730643566767856
596820021.2273525	134650955216.83904	208425557516.29065	18866586455.41456	0.0002486166088190466
596877621.2273525	135547769707.31044	208607398875.8176	18768798955.5661	0.0002499096156210226
596935221.2273525	136446798170.82147	208788939908.66144	18670213084.645973	0.00025118559079307263
596992821.2273525	137348008920.82321	208970178137.60864	18570836848.57718	0.0002524446747107513
597050421.2273525	138251367812.2235	209151111112.2705	18470678447.092705	0.00025368701344917303
597108021.2273525	139156838518.9655	209331736409.27338	18369746269.027645	0.00025491275882689774
597165621.2273525	140064382840.0116	209512051632.44843	18268048888.83948	0.00025612206845021144
597223221.2273525	140973961025.549	209692054413.02072	18165595062.445427	0.00025731510575767783
597280821.2273525	141885532115.4121	209871742409.7979	18062393723.460285	0.0002584920400649926
597338421.2273525	142799054280.6888	210051113309.35764	17958453979.983196	0.00025965304660998393
597396021.2273525	143714485158.11218	210230164826.2343	17853785110.08064	0.0002607983065977777
597453621.2273525	144631782166.0017	210408894703.10602	17748396559.515488	0.0002619280072460331
597511221.2273525	145550902790.86624	210587300710.97977	17642297936.850494	0.00026304234183016916
597568821.2273525	146471804835.58478	210765380649.37634	17535499011.832146	0.00026414150972852487
597626421.2273525	147394446623.17923	210943132346.51453	17428009710.34644	0.0002652257164673968
597684021.2273525	148318787154.09964	211120553659.49454	17319840113.035126	0.00026629517376584855
597741621.2273525	149244786219.03513	211297642474.48047	17211000450.5324	0.0002673500995802226
597799221.2273525	150172404472.94196	211474396706.8828	17101501102.12335	0.0002683907181482991
597856821.2273525	151101603478.83243	211650814301.53885	16991352591.157524	0.00026941726003295956
597914421.2273525	152032345731.7117	211826893232.89383	16880565583.77915	0.0002704299621653249
597972021.2273525	152964594673.89236	212002631505.18008	16769150884.661829	0.0002714290678872276
598029621.2273525	153898314712.90814	212178027152.59628	16657119435.564732	0.00027241482699294137
598087221.2273525	154833471252.53595	212353078239.4855	16544482311.716734	0.000273387495770076
598144821.2273525	155770030746.12228	212527782860.51236	16431250719.720797	0.00027434733703948853
598202421.2273525	156707960779.46042	212702139140.83978	16317435994.903513	0.00027529462019414787
598260021.2273525	157647230187.67178	212876145236.30478	16203049598.713099	0.00027622962123680295
598317621.2273525	158587809206.58423	213049799333.5934	16088103116.668192	0.0002771526228163574
598375221.2273525	159529669653.5362	213223099650.41483	15972608255.474762	0.0002780639142627971
598432821.2273525	160472785125.07428	213396044435.67465	15856576841.551332	0.00027896379162056057
598490421.2273525	161417131189.72174	213568631969.6478	15740020817.663412	0.00027985255768022115
598548021.2273525	162362685543.7365	213740860564.1498	15622952242.29863	0.00028073052200831556
598605621.2273525	163309428088.61057	213912728562.7079	15505383285.691404	0.00028159800097520357
598663221.2273525	164257340884.32574	214084234340.73105	15387326229.710148	0.00028245531778077655
598720821.2273525	165206407936.1905	214255376305.67917	15268793464.014423	0.0002833028024778929
598778421.2273525	166156614788.8299	214426152897.23163	15149797485.805447	0.00028414079199335756
598836021.2273525	167107947928.9569	214596562587.4544	15030350896.314806	0.00028496963014628345
598893621.2273525	168060394034.4145	214766603880.96698	14910466400.359728	0.00028578966766367185
598951221.2273525	169013939141.19174	214936275315.10828	14790156803.385883	0.0002866012621930435
599008821.2273525	169968567821.40344	215105575460.1011	14669435010.7587	0.0002874047783119149
599066421.2273525	170924262465.5182	215274502919.21674	14548314025.13718	0.0002882005875339711
599124021.2273525	171881002740.8718	215443056328.93762	14426806945.621046	0.00028898906831172896
599181621.2273525	172838765263.1419	215611234359.1199	14304926965.592524	0.00028977060603549936
599239221.2273525	173797523479.65683	215779035713.15482	14182687371.379324	0.0002905455930284539
599296821.2273525	174757247733.65527	215946459128.12875	14060101540.904087	0.0002913144285376136
599354421.2273525	175717905462.4092	216113503374.98346	13937182941.636892	0.0002920775187205486
599412021.2273525	176679461479.33636	216280167258.67404	13813945130.060665	0.00029283527662756983
599469621.2273525	177641878297.0677	216446449618.3271	13690401749.26046	0.0002935881221792487
599527221.2273525	178605116459.9582	216612349327.39755	13566566528.697422	0.0002943364821390013
599584821.2273525	179569134866.6102	216777865293.82397	13442453281.649294	0.0002950807900806014
599642421.2273525	180533891073.048	216942996460.18423	13318075905.450146	0.00029582148635032783
599700021.2273525	181499341574.16327	217107741803.84927	13193448378.697065	0.0002965590180236325
599757621.2273525	182465442064.92075	217272100337.1353	13068584761.762217	0.00029729383885603467
599815221.2273525	183432147684.13123	217436071107.4574	12943499193.961859	0.00029802640922809863
599872821.2273525	184399413243.15082	217599653197.47928	12818205894.201303	0.00029875719608425633
599930421.2273525	185367193440.48022	217762845725.2641	12692719158.339867	0.00029948667286528884
599988021.2273525	186335443061.6227	217925647844.42368	12567053359.48031	0.00030021531943426896
600045621.2273525	187304117162.28854	218088058744.26617	12441222946.105562	0.00030094362199575907
600103221.2273525	188273171232.46426	218250077649.94385	12315242441.791918	0.0003016720730081037
600160821.2273525	189242561339.14105	218411703822.59897	12189126443.927729	0.00030240117108861115
600218421.2273525	190212244246.57925	218572936559.50897	12062889623.218073	0.0003031314209114604
600276021.2273525	191182177514.65692	218733775194.2309	11936546722.602165	0.00030386333309818296
600333621.2273525	192152319577.84857	218894219096.7445	11810112556.77474	0.00030459742410053625
600391221.2273525	193122629809.38208	219054267673.59427	11683602011.51978	0.0003053342160756598
600448821.2273525	194093068576.90103	219213920368.03082	11557030042.702084	0.000306074236753351
600506421.2273525	195063597297.30353	219373176660.1508	11430411676.418203	0.00030681801929536954
600564021.2273525	196034178499.2304	219532036067.03604	11303762007.387016	0.0003075661021466392
600621621.2273525	197004775901.80157	219690498142.89185	11177096199.698305	0.0003083190288782831
600679221.2273525	197975354517.5094	219848562479.18347	11050429485.02805	0.00030907734802240917
600736821.2273525	198945880785.41364	220006228704.7726	10923777163.501873	0.0003098416128985839
600794421.2273525	199916322737.56067	220163496486.05182	10797154602.160791	0.000310612381431975
600852021.2273525	200886650196.3729	220320365527.07877	10670577235.87676	0.0003113902159631415
600909621.2273525	201856834993.1276	220476835569.7085	10544060565.83359	0.00031217568304947255
600967221.2273525	202826851187.3847	220632906393.72552	10417620160.68833	0.00031296935325830023
601024821.2273525	203796675254.88287	220788577816.9741	10291271655.08353	0.00031377180095177253
601082421.2273525	204766286198.9628	220943849695.48773	10165030750.887794	0.00031458360406350083
601140021.2273525	205735665531.78012	221098721923.61774	10038913216.111488	0.00031540534386714694
601197621.2273525	206704797071.82425	221253194434.16037	9912934885.690737	0.0003162376047370439
601255221.2273525	207673666519.08398	221407267198.4829	9787111661.253077	0.00031708097390100587
601312821.2273525	208642260801.11002	221560940226.64908	9661459511.362677	0.0003179360411855268
601370421.2273525	209610567228.38986	221714213567.54233	9535994471.828993	0.0003188033987535701
601428021.2273525	210578572544.19653	221867087308.9891	9410732646.025887	0.0003196836408351825
601485621.2273525	211546261986.09344	222019561577.88028	9285690205.372923	0.00032057736345122333
601543221.2273525	212513618480.0869	222171636540.29202	9160883389.623209	0.00032148516413048903
601600821.2273525	213480622061.01285	222323312401.60437	9036328508.06344	0.0003224076416205644
601658421.2273525	214447249563.9121	222474589406.6202	8912041939.130424	0.00032334539559277284
601716021.2273525	215413474578.29504	222625467839.68198	8788040132.633484	0.00032429902634160084
601773621.2273525	216379267616.50784	222775948024.7874	8664339609.045305	0.00032526913447901586
601831221.2273525	217344596427.1268	222926030325.7041	8540956962.138226	0.00032625632062412846
601888821.2273525	218309426383.67868	223075715146.08362	8417908858.434484	0.00032726118508866745
601946421.2273525	219273720891.5634	223225002929.57315	8295212040.014346	0.0003282843275587657
602004021.2273525	220237441774.16537	223373894159.92648	8172883324.39523	0.0003293263467735938
602061621.2273525	221200549616.8425	223522389361.11478	8050939607.313584	0.00033038784020137204
602119221.2273525	222163004061.54153	223670489097.4343	7929397863.135989	0.00033146940371336345
602176821.2273525	223124764054.26062	223818193973.61426	7808275147.854949	0.0003325716312564143
602234421.2273525	224085788052.85565	223965504634.9231	7687588599.866453	0.00033369511452466396
602292021.2273525	225046034204.73016	224112421767.27332	7567355443.063	0.00033484044263108195
602349621.2273525	226005460503.7835	224258946097.32538	7447592988.412708	0.00033600820177944157
602407221.2273525	226964024934.49533	224405078392.58972	7328318636.73015	0.0003371989749374208
602464821.2273525	227921685608.85687	224550819461.5288	7209549881.435219	0.0003384133415114836
602522421.2273525	228878400899.53485	224696170153.6565	7091304311.021006	0.0003396518770242511
602580021.2273525	229834129570.5403	224841131359.63678	6973599612.714454	0.00034091515279501905
602637621.2273525	230788830905.0488	224985704011.38138	6856453575.132309	0.0003422037356241213
602695221.2273525	231742464829.06332	225129889082.14563	6739884092.70244	0.00034351818748185254
602752821.2273525	232694992029.40637	225273687586.624	6623909168.448033	0.00034485906520260106
602810421.2273525	233646374065.04572	225417100581.04245	6508546919.46856	0.000346226920184917
602868021.2273525	234596573471.88837	225560129163.2518	6393815579.868598	0.00034762229809814297
602925621.2273525	235545553862.69308	225702774472.81784	6279733507.309049	0.00034904573859631625
602983221.2273525	236493280025.41833	225845037691.11157	6166319186.152834	0.0003504977750399679
603040821.2273525	237439718024.83212	225986920041.3968	6053591234.916181	0.00035197893422644455
603098421.2273525	238384835313.28598	226128422788.9174	5941568410.368508	0.00035348973612938555
603156021.2273525	239328600856.85007	226269547240.98306	5830269615.199717	0.00035503069364792674
603213621.2273525	240270985282.18674	226410294747.053	5719713903.664257	0.00035660231236621327
603271221.2273525	241211961047.15106	226550666698.819	5609920489.482898	0.00035820509032372127
603328821.2273525	242151502633.684	226690664530.28732	5500908752.92585	0.0003598395177969402
603386421.2273525	243089586754.64325	226830289717.85794	5392698249.349206	0.00036150607709284984
603444021.2273525	244026192556.61957	226969543780.40396	5285308717.62668	0.00036320524235465096
603501621.2273525	244961301788.9981	227108428279.34857	5178760089.312335	0.0003649374793801336
603559221.2273525	245894898897.29138	227246944818.74106	5073072498.92508	0.00036670324545306463
603616821.2273525	246826970989.57886	227385095045.33105	4968266293.499773	0.0003685029891878915
603674421.2273525	247757507623.90137	227522880648.64212	4864362044.850919	0.0003703371503880709
603732021.2273525	248686500377.2941	227660303361.04266	4761380559.758102	0.0003722061599182261
603789621.2273525	249613942187.0257	227797364957.8167	4659342893.940423	0.00037411043959036615
603847221.2273525	250539826498.84348	227934067257.23236	4558270363.490647	0.00037605040206428606
603904821.2273525	251464146304.9451	228070412120.6092	4458184560.180397	0.0003780264507622735
603962421.2273525	252386893189.58752	228206401452.38373	4359107364.352777	0.00038003897979817377
604020021.2273525	253308056507.72217	228342037200.17465	4261060961.7109904	0.0003820883739208483
604077621.2273525	254227622796.62637	228477321354.84445	4164067857.4387975	0.00038417500847197844
604135221.2273525	255145575470.64612	228612255950.5618	4068150894.354458	0.0003862992493581769
604192821.2273525	256061894792.72495	228746843064.86087	3973333268.5016813	0.00038846145303726373
604250421.2273525	256976558071.38397	228881084818.69986	3879638548.0816164	0.0003906619665185912
604308021.2273525	257889540008.3972	229014983376.5179	3787090690.7311134	0.00039290112737720863
604365621.2273525	258800813120.73456	229148540946.29044	3695714062.3040743	0.00039517926378163657
604423221.2273525	259710348173.77017	229281759779.58246	3605533455.5424566	0.00039749669453500037
604480821.2273525	260618114582.73172	229414642171.6015	3516574108.44578	0.00039985372912922096
604538421.2273525	261524080759.11734	229547190461.2478	3428861723.0745726	0.00040225066781191795
604596021.2273525	262428214394.60678	229679407031.16354	3342422482.814083	0.0004046878016656863
604653621.2273525	263330482685.71832	229811294307.78058	3257283070.002638	0.0004071654126993407
604711221.2273525	264230852508.6184	229942854761.366	3173470680.3660016	0.0004096837739507122
604768821.2273525	265129290556.18417	230074090906.06677	3091013037.885103	0.0004122431496005679
604826421.2273525	266025763449.78906	230205005299.95236	3009938403.9603424	0.0004148437950971807
604884021.2273525	266920237837.23978	230335600545.05615	2930275586.448458	0.00041748595729108125
604941621.2273525	267812680486.45895	230465879287.41452	2852053940.804274	0.0004201698745794773
604999221.2273525	268703058382.27716	230595844217.1051	2775303369.047058	0.0004228957770598613
605056821.2273525	269591338831.3266	230725498068.28296	2700054308.398196	0.0004256638866922399
605114421.2273525	270477489577.69836	230854843619.215	2626337714.472316	0.0004284744174695058
605172021.2273525	271361478929.93726	230983883692.31317	2554185031.56808	0.00043132757559536256
605229621.2273525	272243275898.23785	231112621154.16547	2483628152.811614	0.0004342235596693073
