573319221.2273525	-141584065527.5679	45684190946.168434	-21033367.695290826	-9932.994316409347	-28939.53050481742	0.9006915523863099	4000.0
573376821.2273525	-142146693194.52014	44013851700.242874	-20979709.50104873	-9602.451652562782	-29057.714198643436	0.9628716763311608	3998.0752709636495
573434421.2273525	-142690241134.40842	42336816839.791916	-20922394.736211605	-9270.511939613454	-29172.014096660143	1.0276633330882396	3996.1376037007803
573492021.2273525	-143214630287.53528	40653310587.45657	-20861271.682715908	-8937.224193179944	-29282.41239478638	1.0951113344882188	3994.1868639175677
573549621.2273525	-143719784425.31702	38963558171.875534	-20796186.060572162	-8602.637698475231	-29388.891967462987	1.1652598231037514	3992.222926090149
573607221.2273525	-144205630165.51172	37267785788.459335	-20726981.06664718	-8266.801999829202	-29491.436372589687	1.2381522641920957	3990.2456733557283
573664821.2273525	-144672096986.8392	35566220559.88539	-20653497.413905278	-7929.766890107008	-29590.029856279776	1.3138314378072993	3988.2549973991627
573722421.2273525	-145119117242.9904	33859090496.32427	-20575573.371099208	-7591.5824000266975	-29684.65735742999	1.392339431082431	3986.250798335615
573780021.2273525	-145546626176.01706	32146624455.408268	-20493044.8029005	-7252.298787379936	-29775.304512103237	1.4737176306822086	3984.232984589815
573837621.2273525	-145954561929.09894	30429052101.952976	-20405745.210459743	-6911.966526159375	-29861.95765772196	1.55800671542646	3982.2014727724363
573895221.2273525	-146342865558.6812	28706603867.442806	-20313505.772386763	-6570.6362955964305	-29944.60383706989	1.6452466490847668	3980.1561875540624
573952821.2273525	-146711481045.97897	26979510909.291615	-20216155.386140954	-6228.358969113269	-30023.23080210025	1.7354766733426212	3978.097061537175
574010421.2273525	-147060355307.84192	25248005069.889404	-20113520.709821716	-5885.1856031928155	-30097.827017548098	1.828735300939492	3976.02403512657
574068021.2273525	-147389438206.97675	23512318835.446934	-20005426.204349298	-5541.167426170727	-30168.38166434525	1.9250603089790412	3973.9370563985763
574125621.2273525	-147698682561.52097	21772685294.649235	-19891694.176025912	-5196.355826953268	-30234.884642835546	2.0244887324118457	3971.8360809694054
574183221.2273525	-147988044153.96518	20029338097.1295	-19772144.819467295	-4850.802343664982	-30297.326575789048	2.127056857690881	3969.7210718629563
574240821.2273525	-148257481739.41956	18282511411.77566	-19646596.26089476	-4504.55865223036	-30355.698811213202	2.2328002166000194	3967.5919993783486
574298421.2273525	-148506957053.22083	16532439884.880445	-19514864.60177772	-4157.676554893446	-30409.99342495962	2.341753580255815	3965.448840957445
574356021.2273525	-148736434817.87625	14779358598.147558	-19376763.962816726	-3810.2079686795537	-30460.20322312485	2.4539509532827526	3963.2915810525915
574413621.2273525	-148945882749.34122	13023503026.565292	-19232106.528256908	-3462.204913803235	-30506.32174424372	2.5694255681622287	3961.120210994784
574471221.2273525	-149135271562.6281	11265108996.16007	-19080702.590522133	-3113.7195020267195	-30548.343261274058	2.6882098797553886	3958.9347288624485
574528821.2273525	-149304574976.743	9504412641.64132	-18922360.59515936	-2764.8039249729904	-30586.262783371574	2.8103355600000364	3956.735139350999
574586421.2273525	-149453769718.94812	7741650363.950686	-18756887.186083674	-2415.510442397847	-30620.076057453483	2.935833492781751	3954.5214536433195
574644021.2273525	-149582835528.34747	5977058787.726863	-18584087.25111358	-2065.8913704251318	-30649.779569550454	3.0647337689793295	3952.2936892813022
574701621.2273525	-149691755158.79413	4210874718.698853	-18403763.96778667	-1715.9990697495175	-30675.370545945265	3.197065681684704	3950.051870038548
574759221.2273525	-149780514381.11725	2443335101.0198174	-18215718.849445697	-1365.8859338111517	-30696.846954097797	3.33285772159739	3947.796025794334
574816821.2273525	-149849101984.6666	674676974.5536982	-18019751.79158474	-1015.6043769465166	-30714.207503355585	3.472137572593581	3945.5261924089295
574874421.2273525	-149897509778.1751	-1094862567.8726556	-17815661.118445747	-665.2068225199306	-30727.451645449037	3.614932107469913	3943.2424116003285
574932021.2273525	-149925732589.93588	-2865046423.2400384	-17603243.629854977	-314.74569103998004	-30736.579574771076	3.761267383861989	3940.9447308224626
574989621.2273525	-149933768267.29605	-4635637521.116888	-17382294.648289762	35.726611734558304	-30741.592228440644	3.9111686403376185	3938.6332031449415
575047221.2273525	-149921617675.4637	-6406398866.437114	-17152608.066165023	386.1577066950404	-30742.491286149667	4.064660292664858	3936.307887134361
575104821.2273525	-149889284695.6306	-8177093582.262565	-16913976.393329892	736.4952532849625	-30739.279169793434	4.221765930254751	3933.96884673721
575162421.2273525	-149836776222.40878	-9947484952.518234	-16666190.804764107	1086.6869613993138	-30731.959042884097	4.382508312778841	3931.6161511643963
575220021.2273525	-149764102160.5816	-11717336464.68722	-16409041.188464206	1436.6806032767577	-30720.534809747227	4.546909366961303	3929.249874777413
575277621.2273525	-149671275421.17096	-13486411852.453184	-16142316.193509541	1786.4240253802118	-30705.0111145017	4.714990183545687	3926.8700969761485
575335221.2273525	-149558311916.82007	-15254475138.277937	-15865803.2782979	2135.8651602614364	-30685.393339822935	4.886771014436196	3924.476902088348
575392821.2273525	-149425230556.49332	-17021290675.901464	-15579288.7589408	2484.9520384051125	-30661.687605489675	5.062271270013346	3922.0703792607273
575450421.2273525	-149272053239.49536	-18786623192.752113	-15282557.857808389	2833.6328000480376	-30633.900766714865	5.241509516623932	3919.6506223517263
575508021.2273525	-149098804848.8088	-20550237832.2542	-14975394.752213875	3181.8557069689336	-30602.04041226106	5.424503474245133	3917.2177298259003
575565621.2273525	-148905513243.75555	-22311900196.02106	-14657582.62322755	3529.569154244532	-30566.11486234073	5.611270014322628	3914.7718046499313
575623221.2273525	-148692209251.9806	-24071376385.92119	-14328903.704610256	3876.721681967509	-30526.1331663025	5.801825157782505	3912.3129541902463
575680821.2273525	-148458926660.76285	-25828433046.004387	-13989139.331856428	4223.261986921801	-30482.105100103687	5.9961840732168055	3909.841290112221
575738421.2273525	-148205702207.65466	-27582837404.276703	-13638069.99133663	4569.13893421105	-30434.041163570342	6.194361075242497	3907.356928280953
575796021.2273525	-147932575570.45258	-29334357314.31128	-13275475.369529597	4914.301568835745	-30381.95257744562	6.396369623033585	3904.859988663575
575853621.2273525	-147639589356.50378	-31082761296.683163	-12901134.4023339	5258.699127214767	-30325.851280227565	6.6022223190262235	3902.3505952330916
575911221.2273525	-147326789091.3493	-32827818580.215622	-12514825.324449189	5602.281048646959	-30265.749924797336	6.811930907796429	3899.8288758737067
575968821.2273525	-146994223206.71017	-34569299143.02682	-12116325.71881712	5944.996986708605	-30201.661874839574	7.02550627511025	3897.2949622876235
576026421.2273525	-146641943027.81796	-36306973753.36393	-11705412.566112021	6286.796820582391	-30133.60120105566	7.2429584471459725	3894.7489899032803
576084021.2273525	-146270002760.09573	-38040614010.21323	-11281862.294271441	6627.630666313733	-30061.582677171828	7.464296589888138	3892.1910977850007
576141621.2273525	-145878459475.19202	-39769992383.67461	-10845450.828056633	6967.448887990302	-29985.621775743475	7.689529008692973	3889.62142854403
576199221.2273525	-145467373096.37375	-41494882255.08827	-10395953.63863316	7306.202108840527	-29905.73466375727	7.918663148024917	3887.040128250925
576256821.2273525	-145036806383.28223	-43215057956.902596	-9933145.793161796	7643.8412222470215	-29821.938198032887	8.151705591363841	3884.447346349271
576314421.2273525	-144586824916.05698	-44930294812.271416	-9456802.004389701	7980.317402670975	-29734.249920426253	8.388662061282647	3881.843235570698
576372021.2273525	-144117497078.8333	-46640369174.36903	-8966696.68023249	8315.58211648322	-29642.688052836023	8.629537419694685	3879.2279518511673
576429621.2273525	-143628894042.61868	-48345058465.41233	-8462603.973336926	8649.5871326983	-29547.271492015534	8.87433566827081	3876.6016542484977
576487221.2273525	-143121089747.55392	-50044141215.37836	-7944297.830614865	8982.284533607464	-29448.01980419216	9.123059949025363	3873.964504861107
576544821.2273525	-142594160884.56433	-51737397100.40641	-7411552.042738533	9313.626725306665	-29344.95321949635	9.37571254507084	3871.316668747938
576602421.2273525	-142048186876.40836	-53424606980.87394	-6864140.293587532	9643.566448115931	-29238.092626202597	9.632294881540624	3868.6583138495444
576660021.2273525	-141483249858.12875	-55105552939.13538	-6301836.209637781	9972.05678688614	-29127.4595647847	9.892807526679414	3865.989610910308
576717621.2273525	-140899434656.91327	-56780018316.913055	-5724413.409282945	10299.051181189612	-29013.076221787764	10.157250193100735	3863.3107334017614
576775221.2273525	-140296828771.3726	-58447787752.330284	-5131645.552078524	10624.503435390872	-28894.965423519403	10.425621739211044	3860.621857446993
576832821.2273525	-139675522350.2408	-60108647216.57554	-4523306.38789921	10948.367728593885	-28773.150629562897	10.697920170799943	3857.9231617461064
576890421.2273525	-139035608170.50714	-61762384050.1881	-3899169.805999846	11270.598624462382	-28647.655926114792	10.974142642795815	3855.2148275027102
576948021.2273525	-138377181614.9857	-63408786998.95513	-3259009.8839705065	11591.151080909713	-28518.50601914984	11.254285461186445	3852.4970383514183
577005621.2273525	-137700340649.33044	-65047646249.40973	-2602600.936576198	11909.980459654855	-28385.72622741608	11.538344085103914	3849.769980286334
577063221.2273525	-137005185798.50467	-66678753463.92105	-1929717.564471807	12227.042535641289	-28249.34247526292	11.826313129073242	3847.033841590497
577120821.2273525	-136291820122.71092	-68301901815.36646	-1240134.7027827676	12542.29350631545	-28109.381285305317	12.118186365424124	3844.288812766273
577178421.2273525	-135560349192.79102	-69916886021.37637	-533627.6695421494	12855.690000761526	-27965.869770926856	12.413956726865058	3841.5350864666625
577236021.2273525	-134810881065.10448	-71523502378.14297	190027.7860251517	13167.189088689634	-27818.835628625227	12.713616309219326	3838.7728574275125
577293621.2273525	-134043526255.89288	-73121548793.7833	931055.4353805393	13476.748289274105	-27668.30713020285	13.017156374322024	3836.002322400611
577351221.2273525	-133258397715.14008	-74710824821.24828	1689678.5227212266	13784.325579839184	-27514.313114806297	13.324567353077535	3833.2236800876412
577408821.2273525	-132455610799.93599	-76291131690.76897	2466119.7172105527	14089.879404389038	-27356.882980817463	13.635838848676684	3830.4371310749852
577466421.2273525	-131635283247.35461	-77862272341.83148	3260601.065398164	14393.368681979406	-27196.04667760016	13.950959639972915	3827.642877769354
577524021.2273525	-130797535146.85306	-79424051454.67236	4073343.9438391575	14694.752814928046	-27031.8346971053	14.269917685016626	3824.8411243342293
577581621.2273525	-129942488912.2036	-80976275481.28659	4904569.011921467	14993.991696861494	-26864.278065338367	14.592700124747045	3822.0320766271025
577639221.2273525	-129070269252.96637	-82518752675.94014	5754496.164910273	15291.045720595399	-26693.408333692558	14.919293286840764	3819.2159421374954
577696821.2273525	-128181003145.51329	-84051293125.17958	6623344.487218731	15585.875785846105	-26519.25757015123	15.249682689716217	3816.3929299257456
577754421.2273525	-127274819803.61232	-85573708777.3313	7511332.205913738	15878.44330677099	-26341.858350363364	15.583853046693218	3813.5632505625467
577812021.2273525	-126351850648.58296	-87085813471.48285	8418676.644465672	16168.710219335293	-26161.243748595592	15.921788270306841	3810.7271160692267
577869621.2273525	-125412229279.03198	-88587422965.94017	9345594.17675127	16456.63898850321	-25977.44732856459	16.263471476774658	3807.8847398587536
577927221.2273525	-124456091440.18033	-90078354966.15266	10292300.181317886	16742.192615251155	-25790.503134153656	16.608884990616627	3805.036336677457
577984821.2273525	-123483574992.7911	-91558429152.10118	11259008.995918518	17025.334643401013	-25600.445680017176	16.95801034942666	3802.1821225474514
578042421.2273525	-122494819881.70927	-93027467205.14091	12245933.872325854	17306.02916627172	-25407.309942076943	17.31082830879509	3799.322314709754
578100021.2273525	-121489968104.02338	-94485292834.29434	13253286.931434294	17584.240833146938	-25211.13134791407	17.667318847380944	3796.457131568082
578157621.2273525	-120469163676.86028	-95931731801.98772	14281279.118658328	17859.934855557323	-25011.9457670606	18.027461172133325	3793.586792633323
578215221.2273525	-119432552604.82315	-97366611949.22534	15330120.159635998	18133.07701337568	-24809.78950119461	18.391233723660893	3790.71151846867
578272821.2273525	-118380282847.08414	-98789763220.19666	16400018.516245797	18403.633660723193	-24604.69927424284	18.758614181748356	3787.8315306354048
578330421.2273525	-117312504284.14189	-100201017686.31067	17491181.34294569	18671.57173168559	-24396.712222394926	19.129579471019287	3784.947051639333
578388021.2273525	-116229368684.25581	-101600209569.65248	18603814.443442322	18936.858745837584	-24185.865884033108	19.504105766744026	3782.05830487785
578445621.2273525	-115131029669.56728	-102987175265.85785	19738122.22769903	19199.462813574282	-23972.19818958162	19.88216850079181	3779.1655145876393
578503221.2273525	-114017642681.9194	-104361753366.40045	20894307.669290926	19459.352641248584	-23755.74745127977	20.26374236772613	3776.268905792993
578560821.2273525	-112889364948.3868	-105723784680.28813	22072572.26311479	19716.49753611311	-23536.552352882783	20.648801331042232	3773.368704254744
578618421.2273525	-111746355446.52603	-107073112255.1642	23273115.98346279	19970.86741106596	-23314.651939294574	21.037318629545766	3770.46513641981
578676021.2273525	-110588774869.35847	-108409581397.80911	24496137.242467318	20222.432789199152	-23090.085606136432	21.42926678387147	3767.5584293713378
578733621.2273525	-109416785590.09706	-109733039694.04034	25741832.848925516	20471.164808148973	-22862.893089255955	21.824617603140982	3764.648810779444
578791221.2273525	-108230551626.62778	-111043337028.00554	27010397.967511073	20717.035224247535	-22633.114454180195	22.223342191758476	3761.736508852546
578848821.2273525	-107030238605.75804	-112340325600.86736	28302026.078381572	20960.016416474817	-22400.79008551715	22.625410956343167	3758.821752289279
578906421.2273525	-105816013727.24335	-113623859948.87587	29616908.937188935	21200.081390210747	-22165.960676309987	23.030793612797662	3755.904770230992
578964021.2273525	-104588045727.60326	-114893796960.82703	30955236.53550101	21437.20378078669	-21928.667217347756	23.43945919351074	3752.9857922148194
579021621.2273525	-103346504843.73875	-116149995894.90385	32317197.061641745	21671.35785683616	-21688.95098643706	23.8513760546937	3750.0650481273246
579079221.2273525	-102091562776.3623	-117392318394.899	33702976.861958005	21902.518523444392	-21446.85353763871	24.266511883849116	3747.1427681587093
579136821.2273525	-100823392653.25244	-118620628505.81601	35112760.40251994	22130.66132509656	-21202.416690473456	24.684833707370537	3744.219182757585
579194421.2273525	-99542168992.34416	-119834792688.84857	36546730.23126335	22355.762448424633	-20955.682519100963	25.106307898272384	3741.2945225863027
579252021.2273525	-98248067664.66725	-121034679835.73523	38005066.94058049	22577.798724752793	-20706.693341476217	25.53090018404849	3738.3690184768407
579309621.2273525	-96941265857.1431	-122220161282.48944	39487949.13036776	22796.747632441624	-20455.491708487254	25.95857565465831	3735.4429013872386
579367221.2273525	-95621942035.2531	-123391110822.50334	40995553.37153667	23012.587299031115	-20202.120393078552	26.38929877063939	3732.5164023585844
579424821.2273525	-94290275905.58878	-124547404719.02454	42528054.169995636	23225.29650318281	-19946.622379364035	26.823033371345037	3729.5897524725433
579482421.2273525	-92946448378.29654	-125688921717.00584	44085623.931110024	23434.85467642158	-19689.04085173375	27.259742683305948	3726.6631828094305
579540021.2273525	-91590641529.42648	-126815543054.32741	45668432.92464759	23641.241904677237	-19429.41918395809	27.699389328714197	3723.7369244068223
579597621.2273525	-90223038563.19984	-127927152472.39128	47276649.2502156	23844.438929626805	-19167.80092829404	28.141935334028894	3720.811208218703
579655221.2273525	-88843823774.20392	-129023636226.08875	48910438.80319741	24044.427149837822	-18904.229804596856	28.587342138701715	3717.886265075147
579712821.2273525	-87453182509.52672	-130104883093.14003	50569965.241194785	24241.188621713525	-18638.74968944149	29.035570604021185	3714.9623256425307
579770421.2273525	-86051301130.8435	-131170784382.80922	52255389.95098358	24434.70606024078	-18371.40460525767	29.486581022074557	3712.039620384273
579828021.2273525	-84638366976.46538	-132221233943.99236	53966872.01598836	24624.962839541404	-18102.238709482295	29.94033312482568	3709.118379522104
579885621.2273525	-83214568323.36171	-133256128172.68231	55704568.18428379	24811.94299322815	-17831.296283733303	30.39678609330776	3706.1988329978567
579943221.2273525	-81780094349.16837	-134275366018.81012	57468632.83712804	24995.63121456611	-17558.621723008688	30.85589856692955	3703.2812104357804
580000821.2273525	-80335135094.19127	-135278848992.46558	59259217.958036505	25176.012856440917	-17284.259524914374	31.317628652893525	3700.365741105374
580058421.2273525	-78879881423.41803	-136266481169.4978	61076473.10240018	25353.07393113469	-17008.254278924964	31.78193393572497	3697.452653884738
580116021.2273525	-77414524988.54779	-137238169196.49858	62920545.36765667	25526.801109911332	-16730.65065568079	32.24877148691022	3694.5421772244413
580173621.2273525	-75939258190.05002	-138193822295.17	64791579.36401943	25697.181722412184	-16451.493396325066	32.71809787464293	3691.6345391119007
580231221.2273525	-74454274139.26443	-139133352266.07962	66689717.18577109	25864.203755863793	-16170.827301884865	33.18986917367686	3688.729967036276
580288821.2273525	-72959766620.55095	-140056673491.80493	68615098.38312781	26027.85585409906	-15888.697222699258	33.66404097528372	3685.828687953869
580346421.2273525	-71455930053.50195	-140963702939.4704	70567859.93467993	26188.127316393537	-15605.148047898401	34.14056839731476	3682.930928254037
580404021.2273525	-69942959455.2267	-141854360162.68057	72548136.22041537	26345.008096118403	-15320.224694936873	34.619406094364535	3680.0369137256066
580461621.2273525	-68421050402.71843	-142728567302.85083	74556058.99533094	26498.488799211864	-15033.972099184824	35.10050826803545	3677.1468695237954
580519221.2273525	-66890398995.315155	-143586249089.94156	76591757.36363809	26648.56068247083	-14746.435203580262	35.58382867730169	3674.2610201376337
580576821.2273525	-65351201817.26353	-144427332842.5972	78655357.75356808	26795.215651664712	-14457.658948345836	36.069320648970915	3671.379589357888
580634421.2273525	-63803655900.39649	-145251748467.69556	80746983.89278328	26938.446259473218	-14167.688260773306	36.556937088242336	3668.5028002454824
580692021.2273525	-62247958686.93475	-146059428459.31042	82866756.78439878	27078.24570325014	-13876.568045079	37.04663048935955	3665.6308751004153
580749621.2273525	-60684307992.42233	-146850307897.0919	85014794.68362005	27214.607822615282	-13584.343172333593	37.53835294635693	3662.7640354311743
580807221.2273525	-59112901968.80541	-147624324444.06934	87191213.07500291	27347.52709687647	-13291.058470468879	38.032056163897636	3659.902501924639
580864821.2273525	-57533939067.6644	-148381418343.8802	89396124.65033986	27476.998642284	-12996.758714365014	38.52769146820195	3657.0464944164796
580922421.2273525	-55947618003.60932	-149121532417.4312	91629639.28717875	27603.018209119597	-12701.488616021032	39.0252098180645	3654.196231862038
580980021.2273525	-54354137717.84711	-149844612058.99524	93891864.02797869	27725.58217862229	-12405.292814811513	39.52456181595851	3651.3519323077026
581037621.2273525	-52753697341.9312	-150550605231.74948	96182903.05990714	27844.687559753438	-12108.215867832447	40.02569771922581	3648.5138128627627
581095221.2273525	-51146496161.701416	-151239462462.76062	98502857.69528535	27960.331985803336	-11810.302240338879	40.52856745135088	3645.682089671748
581152821.2273525	-49532733581.4242	-151911136837.42163	100851826.35268445	28072.513710841886	-11511.596296277241	41.03312061331741	3642.856977887248
581210421.2273525	-47912609088.141624	-152565583993.34573	103229904.53867845	28181.231606015688	-11212.14228891498	41.539306495045615	3640.038691643207
581268021.2273525	-46286322216.238	-153202762113.72437	105637184.83025853	28286.485155694365	-10911.984351570072	42.04707408690917	3637.2274440287024
581325621.2273525	-44654072512.23298	-153822631920.153	108073756.85791226	28388.274453468177	-10611.166488443045	42.5563720913295	3634.4234470621873
581383221.2273525	-43016059499.808815	-154425156664.93295	110539707.2893739	28486.600198000255	-10309.732565553782	43.06714893444636	3631.626911666213
581440821.2273525	-41372482645.08162	-155010302122.8532	113035119.81404781	28581.463688735414	-10007.726301785882	43.57935277786278	3628.8380476426155
581498421.2273525	-39723541322.122734	-155578036582.46054	115560075.12811175	28672.86682146879	-9705.191260040416	44.09293153046283	3626.0570636481707
581556021.2273525	-38069434778.74018	-156128330836.82254	118114650.92030196	28760.81208377664	-9402.170838501823	44.60783286030052	3623.284167170714
581613621.2273525	-36410362102.52703	-156661158173.79144	120698921.8583856	28845.302550312485	-9098.708262017866	45.1240042065584	3620.5195645057224
581671221.2273525	-34746522187.184105	-157176494365.77383	123312959.57632346	28926.341877970866	-8794.846573595818	45.64139279157369	3617.7634607333525
581728821.2273525	-33078113699.12537	-157674317659.0154	125956832.66212833	29003.934300922185	-8490.628626016964	46.15994563293091	3615.0160596959404
581786421.2273525	-31405335044.373104	-158154608762.4046	128630606.64642012	29078.084625520976	-8186.097073571486	46.6796095556188	3612.27756397595
581844021.2273525	-29728384335.749397	-158617350835.80478	131334343.99168482	29148.79822509071	-7881.294363915446	47.200331204250126	3609.5481748743778
581901621.2273525	-28047459360.37203	-159062529477.92056	134068104.08223768	29216.081034588235	-7576.262730051909	47.72205705534266	3606.8280923896014
581959221.2273525	-26362757547.46091	-159490132713.7056	136831943.21489608	29279.939545150377	-7271.04418243787	48.244733429659455	3604.1175151966772
582016821.2273525	-24674475936.461685	-159900150981.32007	139625914.59036556	29340.380798526177	-6965.680501218687	48.76830650460698	3601.4166406270783
582074421.2273525	-22982811145.493675	-160292577118.64386	142450068.30534002	29397.412381397266	-6660.213228591706	49.29272232668908	3598.725664648873
582132021.2273525	-21287959340.12807	-160667406349.35416	145304451.3453221	29451.0424195898	-6354.683661300606	49.81792682401531	3596.0447818473413
582189621.2273525	-19590116202.502216	-161024636268.57413	148189107.57816523	29501.27957218077	-6049.132843261887	50.34386581886176	3593.3741854060204
582247221.2273525	-17889476900.77669	-161364266828.10107	151104077.74834037	29548.133025501793	-5743.601558325015	50.87048504028272	3590.714067088186
582304821.2273525	-16186236058.94046	-161686300321.22113	154049399.471931	29591.612487043243	-5438.130323167468	51.39773013677115	3588.0646172187567
582362421.2273525	-14480587726.970133	-161990741367.11923	157025107.23235857	29631.72817926242	-5132.759380326056	51.925546688966946	3585.4260246666254
582420021.2273525	-12772725351.348295	-162277596894.89056	160031232.37684122	29668.49083329789	-4827.528691365558	52.45388022241007	3582.7984768274064
582477621.2273525	-11062841745.946735	-162546876127.16367	163067803.1135882	29701.911682593993	-4522.477930185967	52.98267622033797	3580.182159606604
582535221.2273525	-9351129063.27937	-162798590563.34137	166134844.50973323	29732.002456438033	-4217.646476469277	53.51188013652473	3577.577257403192
582592821.2273525	-7637778766.129855	-163032753962.46832	169232378.49000743	29758.775373413508	-3913.073409266838	54.041437408160526	3574.9839530936056
582650421.2273525	-5922981599.558653	-163249382325.7337	172360423.83615664	29782.243134772372	-3608.7975007281857	54.571293468769355	3572.4024280161343
582708021.2273525	-4206927563.2937055	-163448493878.61615	175518996.18710318	29802.418917729632	-3304.857209972111	55.10139376116353	3569.8328619557237
582765621.2273525	-2489805884.5104976	-163630109052.6803	178708108.0398541	29819.316368683107	-3001.2906771009634	55.631683750432956	3567.2754331291717
582823221.2273525	-771804991.0036765	-163794250467.0325	181927768.7511599	29832.94959636165	-2698.1357173585598	56.162108936967385	3564.730318170721
582880821.2273525	946887515.2440757	-163940942909.44415	185177984.5399234	29843.333164905005	-2395.429815432601	56.692614869510024	3562.1976921180435
582938421.2273525	2666084884.092894	-164070213317.15088	188458758.49036145	29850.48208687805	-2093.2101199019967	57.223147158240195	3559.677728398609
582996021.2273525	4385601242.872307	-164182090757.33658	191770090.55592135	29854.411816223066	-1791.5134378296952	57.753651487884035	3557.1705988164404
583053621.2273525	6105251621.600127	-164276606407.3096	195111977.5639527	29855.138241152556	-1490.3762295013648	58.28407363085053	3554.6764735392458
583111221.2273525	7824851977.790294	-164353793534.38037	198484413.2211365	29852.677676986106	-1189.83460331034	58.814359460391806	3552.195521085926
583168821.2273525	9544219220.846798	-164413687475.44888	201887388.11967412	29847.046858934158	-889.9243107890605	59.344454963785246	3549.7279083144517
583226421.2273525	11263171236.040607	-164456325616.30948	205320889.744235	29838.262934831804	-590.6807417872385	59.87430625553586	3547.273800410108
583284021.2273525	12981526908.065805	-164481747370.68307	208784902.47966504	29826.34345782562	-292.13891979709723	60.403859590597236	3544.8333608741
583341621.2273525	14699106144.174398	-164489994158.9835	212279407.61945826	29811.306379016634	5.666502574579906	60.93306137760902	3542.406751512517
583399221.2273525	16415729896.885458	-164481109386.82773	215804383.37499046	29793.170040062345	302.70124798723276	61.4618581921487	3539.994132425648
583456821.2273525	18131220186.26723	-164455138423.29797	219359804.8855172	29771.953165740888	598.9314186003402	61.99019678999684	3537.595661997646
583514421.2273525	19845400121.789684	-164412128578.96393	222945644.2289348	29747.674856480226	894.3235001602607	62.51802412041273	3535.211496886538
583572021.2273525	21558093923.74622	-164352129083.67416	226561870.43330833	29720.3545808554	1188.844365940383	63.0452873394196	3532.841792014571
583629621.2273525	23269126944.24212	-164275191064.12457	230208449.48916358	29690.012168056735	1482.4612805346785	63.571933823096735	3530.4867005588944
583687221.2273525	24978325687.74837	-164181367521.2124	233885344.36254504	29656.66780033191	1775.1419035049764	64.09791118087703	3528.14637394257
583744821.2273525	26685517831.219654	-164070713307.18472	237592515.0088405	29620.342005404782	2066.8542928823076	64.6231672688482	3525.8209618259084
583802421.2273525	28390532243.774803	-163943285102.58923	241329918.3873714	29581.055648873975	2357.566908522664	65.14765020305558	3523.510612098123
583860021.2273525	30093199005.939106	-163799141393.036	245097508.47674918	29538.82992659361	2647.2486153176624	65.6713083728042	3521.2154708693
583917621.2273525	31793349428.447285	-163638342445.77835	248895236.29099867	29493.686357039755	2935.868686260606	66.19409045395956	3518.935682462675
583975221.2273525	33490816070.60641	-163460950286.12128	252723049.89644668	29445.646773664503	3223.396805368483	66.71594542224345	3516.671389407215
584032821.2273525	35185432758.2178	-163267028673.66605	256580894.42937607	29394.733317241145	3509.803070460463	67.2368225665246	3514.4227324305007
584090421.2273525	36877034601.05824	-163056643078.39835	260468712.1144457	29340.968428202876	3795.0579957936934	67.75667150210101	3512.1898504518977
584148021.2273525	38565458009.92006	-162829860656.62912	264386442.28387627	29284.374838977437	4079.1325145570427	68.27544218397276	3509.972880576018
584205621.2273525	40250540713.20866	-162586750226.7956	268334021.39739776	29224.975566321064	4361.997981223405	68.79308492010318	3507.7719580864623
584263221.2273525	41932121773.09916	-162327382245.13086	272311383.0629615	29162.793903653594	4643.626173761621	69.30955038466657	3505.5872164398384
584320821.2273525	43610041601.25194	-162051828781.2104	276318458.0582167	29097.85341339787	4923.989295708777	69.82478963128032	3503.4187872600505
584378421.2273525	45284141974.08657	-161760163493.38263	280355174.352746	29030.177919325768	5203.059978103727	70.33875410621991	3501.2668003328513
584436021.2273525	46954266047.61494	-161452461604.09293	284421457.13106227	28959.791498913426	5480.811281282819	70.8513956616148	3499.1313836006525
584493621.2273525	48620258371.835144	-161128799875.10724	288517228.8163659	28886.718475708047	5757.216696538951	71.36266656862271	3497.0126631575886
584551221.2273525	50281964904.685646	-160789256582.64465	292642409.0950603	28810.983411709003	6032.25014764486	71.87251953058141	3494.9107632448226
584608821.2273525	51939233025.56093	-160433911492.42572	296796914.9420225	28732.611099765294	6305.885992241727	72.38090769613527	3492.8258062460955
584666421.2273525	53591911548.39004	-160062845834.6452	300980660.6466311	28651.62655599205	6578.099023094341	72.88778467233513	3490.7579126835035
584724021.2273525	55239850734.27854	-159676142278.87582	305193557.8395461	28568.05501220825	6848.864469213833	73.3931045377094	3488.707201213502
584781621.2273525	56882902303.71646	-159273884908.91095	309435515.5202431	28481.921908397846	7118.157996849422	73.89682185530425	3486.673788623128
584839221.2273525	58520919448.35132	-158856159197.55493	313706440.08529514	28393.252885196922	7385.955710350073	74.39889168569167	3484.657789826436
584896821.2273525	60153756842.330475	-158423051981.36618	318006235.35740423	28302.07377640866	7652.23415289771	74.89926959994277	3482.65931786113
584954421.2273525	61781270653.21249	-157974651435.36267	322334802.61517906	28208.41060154856	7916.97030711306	75.39791169256469	3480.678483885401
585012021.2273525	63403318552.450584	-157511047047.69595	326692040.6236575	28112.289558422	8180.141595535593	75.89477459439941	3478.7153971749444
585069621.2273525	65019759725.44859	-157032329594.3004	331077845.6655677	28013.73701573616	8441.725880978838	76.38981548548217	3476.7701651201614
585127221.2273525	66630454881.19347	-156538591113.52692	335492111.57333285	27912.779505748375	8701.701466762643	76.88299210785789	3474.8428932235306
585184821.2273525	68235266261.46472	-156029924880.7655	339934729.76181036	27809.443716953036	8960.047096823711	77.37426277835355	3472.9336850971417
585242421.2273525	69834057649.62433	-155506425383.0656	344405589.2617665	27703.756486808747	9216.741955705917	77.86358640130463	3471.0426424603825
585300021.2273525	71426694378.98831	-154968188293.76044	348904576.75408185	27595.744794508064	9471.765668431935	78.35092248123388	3469.16986513777
585357621.2273525	73013043340.78362	-154415310447.1015	353431576.6046864	27485.435753791106	9725.098300257669	78.83623113547992	3467.315451056916
585415221.2273525	74592972991.69176	-153847889812.9112	357986470.9002184	27372.85660580553	9976.720356311065	79.31947310677498	3465.479496246615
585472821.2273525	76166353360.98381	-153266025471.25964	362569139.4844113	27258.0347120141	10226.612781116983	79.80060977576824	3463.6620948350446
585530421.2273525	77733056057.24687	-152669817587.17123	367179459.9951945	27140.997547151917	10474.756958009553	80.2796031734943	3461.8633390480704
585588021.2273525	79292954274.70695	-152059367385.36935	371817307.9025141	27021.77269223491	10721.134708433727	80.75641599378424	3460.083319207637
585645621.2273525	80845922799.15097	-151434777125.0636	376482556.54686606	26900.38782762122	10965.728291137824	81.23101160561733	3458.322123730238
585703221.2273525	82391838013.45027	-150796150074.787	381175077.1785396	26776.870726127057	11208.520401258527	81.7033540654116	3456.57983912545
585760821.2273525	83930577902.68896	-150143590487.2889	385894738.99756426	26651.24924619872	11449.494169300062	82.17340812925154	3454.856549994514
585818421.2273525	85462022058.90128	-149477203574.48987	390641409.19436324	26523.55132514219	11688.633160009444	82.64113926505081	3453.1523390289576
585876021.2273525	86986051685.42021	-148797095482.50418	395414952.9911026	26393.804972411755	11925.921371149307	83.10651366464829	3451.467287009231
585933621.2273525	88502549600.84152	-148103373266.7354	400215233.6837364	26262.038262959148	12161.343232170224	83.5694982558351	3449.8014728033495
585991221.2273525	90011400242.60608	-147396144867.05255	405042112.68474156	26128.279330644604	12394.883602784084	84.03006071431165	3448.1549733655215
586048821.2273525	91512489670.20496	-146675519083.0498	409895449.5665408	25992.556361711086	12626.527771440544	84.48816947557165	3446.52786373474
586106421.2273525	93005705568.0101	-145941605549.39767	414775102.1056067	25854.897588323016	12856.261453708137	84.9437937467122	3444.920217033325
586164021.2273525	94490937247.73532	-145194514711.2899	419680926.32724506	25715.331282170788	13084.070790561947	85.39690351816762	3443.3321044653867
586221621.2273525	95968075650.52982	-144434357799.99103	424612776.5510506	25573.8857481423	13309.942346579643	85.84746957536518	3441.763595315191
586279221.2273525	97437013348.71022	-143661246808.49185	429570505.4370326	25430.589318062444	13533.863108047579	86.29546351030092	3440.214756945405
586336821.2273525	98897644547.13303	-142875294467.27502	434553964.03240377	25285.47034450199	13755.82048097893	86.74085773303379	3438.685654795185
586394421.2273525	100349865084.21344	-142076614220.19824	439563001.81903124	25138.55719465672	13975.802289045705	87.1836254830962	3437.1763523780915
586452021.2273525	101793572432.59288	-141265320200.49838	444597466.7615398	24989.878244297848	14193.796771426316	87.62374084081871	3435.686911279787
586509621.2273525	103228665699.4607	-140441527206.92276	449657205.35606676	24839.4618717948	14409.792580570696	88.06117873856799	3434.2173911554946
586567221.2273525	104655045626.53288	-139605350679.99054	454742062.6796587	24687.336452211246	14623.778779884742	88.49591497189517	3432.7678497271645
586624821.2273525	106072614589.69427	-138756906678.3904	459851882.4403128	24533.530351475256	14835.744841336018	88.92792621059321	3431.338342780325
586682421.2273525	107481276598.30553	-137896311855.5185	464986507.0276473	24378.071920624538	15045.680642982417	89.35719000966179	3429.9289241605597
586740021.2273525	108880937294.18172	-137023683436.16022	470145777.5642034	24220.989490127384	15253.576466425848	89.7836848201771	3428.5396457695683
586797621.2273525	110271503950.24594	-136139139193.32133	475329533.9573701	24062.311364280245	15459.422994192613	90.20739000006533	3427.170557560759
586855221.2273525	111652885468.86201	-135242797425.2119	480537614.9519262	23902.06581568266	15663.211307042457	90.62828582477793	3425.8217075343073
586912821.2273525	113024992379.85204	-134334776932.3871	485769858.183196	23740.281079790097	15864.932881208164	91.04635349786642	3424.493141731624
586970421.2273525	114387736838.20139	-133415196995.04932	491026100.2308094	23576.985349545557	16064.579585567348	91.46157516145571	3423.184904229155
587028021.2273525	115741032621.45737	-132484177350.51471	496306176.6730618	23412.206770090328	16262.143678748642	91.87393390661356	3421.8970371314385
587085621.2273525	117084795126.82582	-131541838170.84831	501609922.1418715	23245.973433554514	16457.617806173723	92.2834137836139	3420.629580563327
587143221.2273525	118418941367.96898	-130588300040.67168	506937170.3783207	23078.31337392812	16650.99499703746	92.68999981209402	3419.3825726612827
587200821.2273525	119743389971.51118	-129623683935.14583	512287754.28878206	22909.254562012655	16842.268661227576	93.09367799110149	3418.1560495636327
587258421.2273525	121058061173.25569	-128648111198.13347	517661506.00161904	22738.82490045425	17031.43258618608	93.49443530903099	3416.950045399667
587316021.2273525	122362876814.11803	-127661703520.54353	523058256.9244565	22567.05221885831	17218.480933713967	93.89225975344789	3415.764592277444
587373621.2273525	123657760335.77974	-126664582918.86176	528477837.8020117	22393.964268986285	17403.408236721123	94.28714032079806	3414.599720270151
587431221.2273525	124942636776.06856	-125656871713.86938	533920078.774484	22219.58872003482	17586.20939592343	94.67906702600105	3413.4554574008507
587488821.2273525	126217432764.06833	-124638692509.55405	539384809.4364909	22043.953153997467	17766.87967648847	95.06803091192526	3412.331829625427
587546421.2273525	127482076514.96504	-123610168172.21495	544871858.8965502	21867.0850611095	17945.41470463207	95.45402405874394	3411.228860813508
587604021.2273525	128736497824.63194	-122571421809.76582	550381055.8370932	21689.01183537576	18121.810464167138	95.83703959316928	3410.1465727271348
587661621.2273525	129980628063.96013	-121522576751.23788	555912228.57501	21509.760770181885	18296.06329300672	96.2170716975638	3409.084984996888
587719221.2273525	131214400172.93802	-120463756526.48528	561465205.122712	21329.35905398907	18468.169879622976	96.59411561892652	3408.044115095174
587776821.2273525	132437748654.48637	-119395084846.09601	567039813.2497132	21147.83376611236	18638.127259463945	96.96816767775286	3407.0239783063075
587834421.2273525	133650609568.05138	-118316685581.51036	572635880.5447145	20965.21187258277	18805.932811329665	97.33922527676623	3406.0245876929885
587892021.2273525	134852920522.96263	-117228682745.3487	578253234.4781884	20781.52022209297	18971.584253709458	97.70728690951917	3405.0459540587162
587949621.2273525	136044620671.5596	-116131200471.95229	583891702.465456	20596.785542026933	19135.079641082142	98.07235216886384	3404.088085905603
588007221.2273525	137225650702.0918	-115024362998.1375	589551111.9302465	20411.034434573277	19296.41736018077	98.43442175528824	3403.1509893869843
588064821.2273525	138395952831.39783	-113908294644.16608	595231290.3687344	20224.293372922202	19455.596126223645	98.7934974851178	3402.2346682541233
588122421.2273525	139555470797.36728	-112783119794.93442	600932065.4140441	20036.58869754634	19612.6149791132	99.14958229858057	3401.3391237961937
588180021.2273525	140704149851.19147	-111648962881.38103	606653264.9012175	19847.946612564785	19767.473279604532	99.50268026773337	3400.464354772606
588237621.2273525	141841936749.40628	-110505948362.11723	612394716.9326289	19658.39318219084	19920.170705445074	99.85279660424891	3399.61035733658
588295221.2273525	142968779745.73373	-109354200705.28	618156249.9438515	19467.95432726287	20070.707247487124	100.19993766706065	3398.7771249486873
588352821.2273525	144084628582.7253	-108193844370.60938	623937692.7699534	19276.65582185811	20219.083205774743	100.54411096986448	3397.964648278869
588410421.2273525	145189434483.21338	-107025003791.75296	629738874.7122263	19084.52328998951	20365.29918560678	100.88532518847606	3397.1729150951737
588468021.2273525	146283150141.57376	-105847803358.79634	635559625.6053307	18891.582202384943	20509.35609357728	101.22359016804091	3396.401910137148
588525621.2273525	147365729714.80646	-104662367401.02388	641399775.8848548	18697.857873348912	20651.255133595238	101.55891693009748	3395.6516149714284
588583221.2273525	148437128813.43637	-103468820169.90785	647259156.6552721	18503.37545770609	20790.997802884776	101.89131767948963	3394.9220078266253
588640821.2273525	149497304492.24234	-102267285822.32927	653137599.7583003	18308.15994782661	20928.585887967703	102.22080581112826	3394.213063404041
588698421.2273525	150546215240.8149	-101057888404.03064	659034937.8416336	18112.236170732802	21064.021460629494	102.54739591660062	3393.524752660057
588756021.2273525	151583820973.9516	-99840751833.30107	664951004.4280628	17915.628785286655	21197.30687387059	102.8711037906244	3392.8570425552093
588813621.2273525	152610083021.8915	-98615999884.89534	670885633.9849554	17718.362279458106	21328.444757844147	103.19194643734694	3392.2098957639178
588871221.2273525	153624964120.39542	-97383756174.18713	676838661.9940983	17520.46096767317	21457.438015781823	103.50994207648588	3391.58327033755
588928821.2273525	154628428400.67487	-96144144141.55748	682809925.0218848	17321.948988242133	21584.28981990901	103.82511014931231	3390.9771193119077
588986421.2273525	155620441379.1761	-94897287037.01826	688799260.7898475	17122.8503008666	21709.00360735082	104.13747132447193	3390.3913902481945
589044021.2273525	156600969947.2221	-93643307905.07233	694806508.245518	16923.188684225617	21831.58307603028	104.4470475036454	3389.8260246940094
589101621.2273525	157569982360.51794	-92382329569.8098	700831507.6336071	16722.98773363985	21952.032180560047	104.75386182704484	3389.2809575476913
589159221.2273525	158527448228.52414	-91114474620.24123	706874100.5675005	16522.270858813557	22070.355128128936	105.05793867874536	3388.7561163052574
589216821.2273525	159473338503.70206	-89839865395.86755	712934130.1010549	16321.061281653725	22186.556374384647	105.35930369185006	3388.2514201639465
589274421.2273525	160407625470.63528	-88558623972.48772	719011440.8006845	16119.382034165837	22300.640619313926	105.65798375348771	3387.7667789496354
589332021.2273525	161330282735.03323	-87270872148.24342	725105878.8177359	15917.255956425703	22412.612803121403	105.9540070096408	3387.3020918266675
589389621.2273525	162241285212.61887	-85976731429.90126	731217291.9611301	15714.705694626635	22522.47810210836	106.24740286980241	3386.8572457372593
589447221.2273525	163140609117.90707	-84676323019.37193	737345529.7702738	15511.753699201588	22630.241924552785	106.53820201146188	3386.4321135027767
589504821.2273525	164028231952.87592	-83369767800.46739	743490443.5882179	15308.422223019377	22735.909906591543	106.82643638441617	3386.026551499608
589562421.2273525	164904132495.53754	-82057186325.8947	749651886.6350639	15104.73331965456	22839.487908106323	107.11213921490672	3385.6403967965566
589620021.2273525	165768290788.41013	-80738698804.48628	755829714.0816022	14900.708841730098	22940.98200861413	107.39534500957966	3385.2734636065684
589677621.2273525	166620688126.8974	-79414425088.66739	762023783.1231731	14696.370439332317	23040.398503163644	107.6760895592683	3384.9255388605093
589735221.2273525	167461307047.57855	-78084484662.15953	768233953.0537399	14491.739558497342	23137.74389823844	107.95440994259685	3384.5963766513096
589792821.2273525	168290131316.41302	-76748996627.91965	774460085.3401664	14286.83743976845	23233.02490766832	108.23034452940371	3384.285691219233
589850421.2273525	169107145916.86395	-75408079696.3145	780702043.6966826	14081.685116823435	23326.24844854959	108.50393298398268	3383.9931480495134
589908021.2273525	169912337037.94562	-74061852173.52951	786959694.1595386	13876.303415171387	23417.421637175532	108.77521626814104	3383.718352530126
589965621.2273525	170705692062.19632	-72710431950.21231	793232905.1618205	13670.71295091815	23506.55178497798	109.04423664407403	3383.4608354736256
590023221.2273525	171487199553.5829	-71353936490.34932	799521547.608432	13464.93412959972	23593.646394480947	109.31103767705291	3383.22003466072
590080821.2273525	172256849245.34042	-69992482820.3747	805825494.9512283	13258.987145082627	23678.713155267535	109.5756642379262	3382.9952714638152
590138421.2273525	173014632027.74957	-68626187518.51204	812144623.2642804	13052.891978530872	23761.759939960637	109.83816250543296	3382.785721668122
590196021.2273525	173760539935.85678	-67255166704.34622	818478811.3192738	12846.668397438323	23842.794800218788	110.09857996832636	3382.5903800499677
590253621.2273525	174494566137.14072	-65879536028.62627	824827940.6610214	12640.33595472605	23921.825962747866	110.35696542730685	3382.4080194869184
590311221.2273525	175216704919.12802	-64499410663.29708	831191895.6830816	12433.913987903532	23998.86182532944	110.61336899676313	3382.237147911878
590368821.2273525	175926951676.9637	-63114905291.75899	837570563.7034756	12227.42161829315	24073.91095286693	110.86784210632005	3382.0759707374546
590426421.2273525	176625302900.93726	-61726134099.35541	843963835.0404813	12020.877750317044	24146.982073450057	111.1204375021922	3381.9223720221826
590484021.2273525	177311756163.97034	-60333210764.08611	850371603.0885049	11814.30107084561	24218.084074438622	111.37120924834197	3381.7739319207276
590541621.2273525	177986310109.0686	-58936248447.54554	856793764.3940114	11607.710048606703	24287.225998566446	111.62021272744128	3381.627995366325
590599221.2273525	178648964436.74097	-57535359786.084946	863230218.7315054	11401.12293365475	24354.417040066008	111.86750464163501	3381.4817926538176
590656821.2273525	179299719892.39035	-56130656882.197	869680869.1795502	11194.557756898932	24419.66654081476	112.11314301310519	3381.332590202615
590714421.2273525	179938578253.6786	-54722251296.12227	876145622.1968132	10988.032329689779	24482.983986503805	112.35718718443638	3381.177833879921
590772021.2273525	180565542317.86917	-53310254037.675	882624387.6981258	10781.564243462952	24544.379002829493	112.59969781877844	3381.0152511244182
590829621.2273525	181180615889.15146	-51894775558.288246	889117079.1305487	10575.170869439738	24603.861351708867	112.84073689980798	3380.8428984294796
590887221.2273525	181783803765.94925	-50475925743.275604	895623613.5494298	10368.869358383172	24661.440927519445	113.08036773148584	3380.659161591863
590944821.2273525	182375111728.2161	-49053813904.30934	902143911.6944377	10162.67664040902	24717.127753363966	113.31865493761046	3380.462726100016
591002421.2273525	182954546524.72244	-47628548772.11305	908677898.0655681	9956.609424850829	24770.931977360913	113.55566446116602	3380.252534383606
591060021.2273525	183522115860.33548	-46200238489.36644	915225500.9991051	9750.684200177977	24822.863868961227	113.79146356346347	3380.027741256627
591117621.2273525	184077828383.2968	-44768990603.822464	921786652.7435278	9544.917233966124	24872.933815291886	114.02612082307465	3379.7876734496867
591175221.2273525	184621693672.4989	-43334912061.63361	928361289.535347	9339.324572918986	24921.15231752686	114.2597061345575	3379.531795409588
591232821.2273525	185153722224.76474	-41898109200.88673	934949351.6748651	9133.922042940683	24967.529987286063	114.4922907069722	3379.2596815257075
591290421.2273525	185673925442.13333	-40458687745.34428	941550783.6018448	8928.725249257746	25012.07754306273	114.7239470621863	3378.97099406103
591348021.2273525	186182315619.1533	-39016752798.39061	948165533.9710724	8723.749576589957	25054.80580667985	114.95474903296903	3378.6654658049583
591405621.2273525	186678905930.18735	-37572408837.18173	954793555.7278038	8519.010189369137	25095.725699775914	115.18477176087299	3378.3428864921857
591463221.2273525	187163710416.73178	-36125759706.99606	961434806.1830873	8314.522032004967	25134.848240320753	115.4140916939025	3378.0030921667785
591520821.2273525	187636743974.75146	-34676908615.785736	968089247.0889407	8110.299829197095	25172.184539161597	115.64278658396819	3377.645956827457
591578421.2273525	188098022342.03467	-33225958128.925518	974756844.7133787	7906.358086292567	25207.745796600044	115.87093548412625	3377.271385833594
591636021.2273525	188547562085.57013	-31773010164.157986	981437569.9152738	7702.711089687711	25241.543299000146	116.09861874560188	3376.879310670682
591693621.2273525	188985380588.94754	-30318165986.733116	988131398.219041	7499.372907273675	25273.588415428145	116.32591801459584	3376.4696847683763
591751221.2273525	189411496039.78595	-28861526204.740864	994838309.8891299	7296.357388924757	25303.892594324127	116.55291622887374	3376.042480137012
591808821.2273525	189825927417.19092	-27403190764.63414	1001558290.0043164	7093.678167028623	25332.467360206025	116.7796976141367	3375.597684643907
591866421.2273525	190228694479.2435	-25943258946.941277	1008291328.5317775	6891.348657057654	25359.324310406253	117.00634768017319	3375.1352997926806
591924021.2273525	190619817750.5233	-24481829362.16463	1015037420.400937	6689.382058180382	25384.475111841282	117.23295321679048	3374.655338900452
591981621.2273525	190999318509.66824	-23018999946.86503	1021796565.577076	6487.791353912387	25407.93149781455	117.45960228952535	3374.1578255917266
592039221.2273525	191367218776.97192	-21554867959.92885	1028568769.1346817	6286.589312805664	25429.705264852866	117.68638423513362	3373.6427925458897
592096821.2273525	191723541302.0235	-20089529979.017273	1035354041.3305384	6085.78848917576	25449.808269576668	117.9133896568577	3373.110280449039
592154421.2273525	192068309551.38864	-18623081897.193474	1042152397.6765329	5885.401223865607	25468.252425604303	118.14071041947042	3372.5603371114335
592212021.2273525	192401547696.33667	-17155618919.728558	1048963859.0121698	5685.439645045542	25485.049700490672	118.36843964409634	3371.993016719953
592269621.2273525	192723280600.61462	-15687235561.081373	1055788451.5767872	5485.915669048314	25500.212112700323	118.59667170280737	3371.408379201227
592327221.2273525	193033533808.27005	-14218025642.053415	1062626207.0814444	5286.841001238714	25513.751728615338	118.82550221299535	3370.806489675965
592384821.2273525	193332333531.5254	-12748082287.113192	1069477162.7804897	5088.227136916481	25525.68065957811	119.05502803151721	3370.187417988844
592442421.2273525	193619706638.7046	-11277497921.89158	1076341361.5427756	4890.085362252162	25536.011058969107	119.28534724861527	3369.5512383012788
592500021.2273525	193895680642.21558	-9806364270.843025	1083218851.9225266	4692.426755254736	25544.755119320063	119.51655918160989	3368.898028736798
592557621.2273525	194160283686.58823	-8334772355.073513	1090109688.2298248	4495.262186770541	25551.925069462337	119.74876436836553	3368.227871070608
592615221.2273525	194413544536.57144	-6862812490.330447	1097013930.6007242	4298.602321512368	25557.533171710944	119.9820645605282	3367.540850456441
592672821.2273525	194655492565.29053	-5390574285.154253	1103931645.0669646	4102.457619118183	25561.59171908413	120.21656271653487	3366.8370551849944
592730421.2273525	194886157742.46558	-3918146639.189326	1110862903.6252732	3906.8383352386263	25564.113032558635	120.45236299439364	3366.1165764692364
592788021.2273525	195105570622.6942	-2445617741.6515203	1117807784.30625	3711.754522652442	25565.109458360857	120.6895707442344	3365.3795082526503
592845621.2273525	195313762333.79868	-973075069.951421	1124766371.2428088	3517.216032409229	25564.59336529379	120.92829250063022	3364.62594703713
592903221.2273525	195510764565.23975	499394611.5304484	1131738754.7381792	3323.2325149985018	25562.5771421	121.16863597468692	3363.8559917277703
592960821.2273525	195696609556.59915	1971705252.5170283	1138725031.3334403	3129.8134215445307	25559.073194860463	121.41071004590279	3363.0697434922286
593018421.2273525	195871330086.13068	3443771517.7589197	1145725303.8745785	2936.9680050261973	25554.093944429525	121.6546247537968	3362.2673056326944
593076021.2273525	196034959459.38284	4915508787.812988	1152739681.57906	2744.705321520881	25547.651823905864	121.9004912893045	3361.448783468796
593133621.2273525	196187531497.89404	6386833159.674833	1159768280.1018972	2553.034231472053	25539.75927613946	122.1484219859429	3360.614284230027
593191221.2273525	196329080527.9608	7857661447.270453	1166811221.6012037	2361.9634009793504	25530.42875127468	122.39853031074117	3359.763916956474
593248821.2273525	196459641369.48126	9327911181.805683	1173868634.8032153	2171.5013031109415	25519.672704329307	122.65093085494033	3358.8977924068145
593306421.2273525	196579249324.87482	10797500611.978767	1180940655.0667727	1981.6562192369734	25507.503592809702	122.90573932445811	3358.0160229726766
593364021.2273525	196687940168.07962	12266348704.055159	1188027424.4472456	1792.4362403838422	25493.933874361748	123.16307253012145	3357.1187225986014
593421621.2273525	196785750133.62778	13734375141.809532	1195129091.7598915	1603.8492686081725	25478.97600445792	123.4230483776644	3356.206006706934
593479221.2273525	196872715905.801	15201500326.33409	1202245812.642624	1415.9030183902285	25462.64243412005	123.6857858574926	3355.2779921270667
593536821.2273525	196948874607.8667	16667645375.71805	1209377749.618193	1228.6050180456996	25444.945607678004	123.95140503421275	3354.3347970285276
593594421.2273525	197014263791.396	18132732124.598152	1216525072.1557505	1041.962611155475	25425.89796056401	124.22002703592801	3353.3765408574823
593652021.2273525	197068921425.66446	19596683123.583717	1223687956.7317927	855.982958012564	25405.511917142623	124.49177404329829	3352.40334427626
593709621.2273525	197112885887.13718	21059421638.557213	1230866586.8904684	670.673037085643	25383.79988857628	124.76676927836594	3351.4153291055704
593767221.2273525	197146195949.03778	22520871649.853657	1238061153.3032358	486.03964649840236	25360.77427072621	125.0451369931455	3350.4126182691134
593824821.2273525	197168890771.0038	23980957851.319298	1245271853.8278527	302.08940552428805	25336.447442088684	125.32700245797908	3349.39533574033
593882421.2273525	197181009888.82828	25439605649.252632	1252498893.566691	118.8287560958533	25310.831761766458	125.61249194965585	3348.3636064910565
593940021.2273525	197182593204.28842	26896741161.230385	1259742484.9243617	-63.73603567198124	25283.93956747528	125.90173273929543	3347.317556441883
593997621.2273525	197173680975.06335	28352291214.81845	1267002847.6646342	-245.59887794506145	25255.783173585296	126.19485307999686	3346.257312414042
594055221.2273525	197154313804.73935	29806183346.17187	1274280208.9666333	-426.75385162050424	25226.37486919718	126.49198219425048	3345.183002082663
594112821.2273525	197124532632.90607	31258345798.524796	1281574803.4803133	-607.1952087648951	25195.72691625299	126.79325026111498	3344.0947539312483
594170421.2273525	197084378725.34198	32708707520.572426	1288886873.3811777	-786.917371040884	25163.85154768134	127.09878840315837	3342.9926972072594
594228021.2273525	197033893664.29166	34157198164.74717	1296216668.4242435	-965.9149281227345	25130.760965576945	127.40872867316288	3341.8769618786823
594285621.2273525	196973119338.8336	35603748085.39132	1303564445.9972343	-1144.1826361014296	25096.467339414135	127.72320404059408	3340.7476785914864
594343221.2273525	196902097935.34164	37048288336.827194	1310930471.1729875	-1321.715415879797	25060.9828042945	128.04234837783477	3339.60497862788
594400821.2273525	196820871928.03735	38490750671.32761	1318315016.7610557	-1498.5083515583067	25024.319459227954	128.36629644618242	3338.4489938652855
594458421.2273525	196729484069.6371	39931067536.988304	1325718363.358502	-1674.5566888120336	24986.489365447575	128.69518388161114	3337.279856735959
594516021.2273525	196627977382.09213	41369172075.50479	1333140799.3998678	-1849.8558332594052	24947.50454475765	129.02914718029825	3336.0977001871934
594573621.2273525	196516395147.42307	42804998119.8535	1340582621.2062926	-2024.4013488229964	24907.37697791482	129.3683236839156	3334.902657642039
594631221.2273525	196394780898.64893	44238480191.882385	1348044133.0337908	-2198.188956083276	24866.11860304214	129.71285156468474	3333.694862960499
594688821.2273525	196263178410.8111	45669553499.81027	1355525647.120653	-2371.2145306255384	24823.741314075756	130.06286981019755	3332.4744504011455
594746421.2273525	196121631692.09305	47098153935.63705	1363027483.7339654	-2543.4741013804683	24780.25695924412	130.4185182080024	3331.241554583111
594804021.2273525	195970184975.03534	48524218072.46886	1370549971.2152438	-2714.96384895921	24735.677339579302	130.77993732995384	3329.9963104484214
594861621.2273525	195808882707.8472	49947683161.75681	1378093446.0251498	-2885.6801039828924	24690.01420746035	131.1472685163296	3328.738853224633
594919221.2273525	195637769545.81366	51368487130.4535	1385658252.7872875	-3055.619345407519	24643.27926518833	131.52065385971207	3327.4693183877407
594976821.2273525	195456890342.80045	52786568578.08836	1393244744.3310695	-3224.778198844459	24595.484163592875	131.90023618863626	3326.1878416253244
595034421.2273525	195266290142.8547	54201866773.76358	1400853281.7336311	-3393.153434877065	24546.640500669982	132.28615905100344	3324.894558799915
595092021.2273525	195066014171.90317	55614321653.07193	1408484234.360778	-3560.7419673738073	24496.759820250696	132.67856669726194	3323.589605912546
595149621.2273525	194856107829.54767	57023873814.94002	1416137979.9069693	-3727.5408517985056	24445.853610700655	133.07760406335433	3322.273119066475
595207221.2273525	194636616680.95822	58430464518.396324	1423814904.4343026	-3893.5472835178807	24393.93330364996	133.48341675343187	3320.9452344310494
595264821.2273525	194407586448.8629	59834035679.26711	1431515402.4104965	-4058.7585961069503	24341.010272753323	133.8961510223369	3319.6060882057022
595322421.2273525	194169063005.63635	61234529866.80238	1439239876.745864	-4223.17225965276	24287.095832480092	134.3159537578527	3318.2558165840555
595380021.2273525	193921092365.48535	62631890300.23299	1446988738.829254	-4386.78587905675	24232.20123693393	134.74297246272172	3316.8945557181187
595437621.2273525	193663720676.7324	64026060845.259674	1454762408.5629458	-4549.597192336082	24176.337678701886	135.17735523643296	3315.5224416825654
595495221.2273525	193396994214.19733	65416986010.47762	1462561314.3964942	-4711.604068924509	24119.51628773252	135.6192507567784	3314.139610439075
595552821.2273525	193120959371.67654	66804610943.736626	1470385893.3595018	-4872.804507972986	24061.748130242948	136.0688082611796	3312.746197800727
595610421.2273525	192835662654.52036	68188881428.43961	1478236591.0933115	-5033.196636650509	24003.044207654242	136.52617752778323	3311.342339396433
595668021.2273525	192541150672.30783	69569743879.78024	1486113861.8816004	-5192.77870844547	23943.415455555274	136.99150885632912	3309.9281706354045
595725621.2273525	192237470131.62006	70947145340.92178	1494018168.6798692	-5351.549101467902	23882.872742694373	137.4649530487884	3308.5038266716306
595783221.2273525	191924667828.91034	72321033479.11893	1501949983.1438065	-5509.506316752999	23821.42686999868	137.9466613897736	3307.069442368372
595840821.2273525	191602790643.47302	73691356581.7838	1509909785.6565218	-5666.648976566192	23759.08856962096	138.43678562672167	3305.6251522626535
595898421.2273525	191271885530.50916	75058063552.49709	1517898065.354623	-5822.975822710027	23695.86850401342	138.93547794985017	3304.171090529746
595956021.2273525	190931999514.28976	76421103906.96791	1525915320.1531415	-5978.485714833453	23631.777265028315	139.44289097188607	3302.707390947636
596013621.2273525	190583179681.41672	77780427768.94167	1533962056.7692778	-6133.177628743483	23566.82537304512	139.9591777075705	3301.2341868614717
596071221.2273525	190225473174.1804	79135985866.05919	1542038790.7449658	-6287.050654719819	23501.023276123757	140.4844915529363	3299.7516111479745
596128821.2273525	189858927184.01483	80487729525.66649	1550146046.4682262	-6440.103995832446	23434.381349183932	141.01898626436437	3298.25979617982
596186421.2273525	189483588945.049	81835610670.57976	1558284357.1933203	-6592.336966262848	23366.909893209857	141.56281593741306	3296.758873789973
596244021.2273525	189099505727.75528	83179581814.80382	1566454265.0596678	-6743.748989628767	23298.619134480414	142.1161349854274	3295.2489752359743
596301621.2273525	188706724832.6941	84519596059.20761	1574656321.1095312	-6894.33959731299	23229.51922382426	142.67909811792484	3293.7302311641733
596359221.2273525	188305293584.35446	85855607087.15782	1582891085.3044484	-7044.1084267964625	23159.620235899587	143.25186031875967	3292.2027715739036
596416821.2273525	187895259325.09094	87187569160.11061	1591159126.540398	-7193.055219995731	23088.932168498424	143.8345768240682	3290.6667257815943
596474421.2273525	187476669409.15564	88515437113.1654	1599461022.6616933	-7341.179821605336	23017.46494187483	144.4274030999926	3289.1222223848113
596532021.2273525	187049571196.8259	89839166350.57909	1607797360.4735794	-7488.482177444986	22945.22839809704	145.0304948201873	3287.5693892262298
596589621.2273525	186614012048.62708	91158712841.24527	1616168735.7535384	-7634.962332812208	22872.232300423027	145.64400784310666	3286.008353357528
596647221.2273525	186170039319.64984	92474033114.1371	1624575753.2612727	-7780.6204308402885	22798.486332699245	146.2680981890756	3284.4392410032037
596704821.2273525	185717700353.96194	93785084253.71584	1633019026.7473583	-7925.456710861874	22724.000098782275	146.90292201714502	3282.8621775243046
596762421.2273525	185257042479.11435	95091823895.30814	1641499178.960571	-8069.471506778681	22648.783121983088	147.5486356017308	3281.277287382077
596820021.2273525	184788113000.7404	96394210220.45071	1650016841.6538503	-8212.665245437092	22572.84484453346	148.205395309039	3279.6846941015206
596877621.2273525	184310959197.2494	97692201952.20534	1658572655.5888999	-8355.038445010188	22496.194627074572	148.87335757327878	3278.0845202348582
596935221.2273525	183825628314.6122	98985758350.44511	1667167270.5394187	-8496.591713386259	22418.841748167033	149.5526788726608	3276.4768873249063
596992821.2273525	183332167561.24014	100274839207.11305	1675801345.2929358	-8637.325746564027	22340.79540382255	150.24351570518735	3274.8619158683528
597050421.2273525	182830624102.9557	101559404841.45427	1684475547.6512508	-8777.241327054746	22262.064707056466	150.94602456422948	3273.239725278938
597108021.2273525	182321045058.0554	102839416095.22313	1693190554.4294596	-8916.33932229134	22182.658687461153	151.6603619138968	3271.6104338505343
597165621.2273525	181803477492.46393	104114834327.86578	1701947051.4535472	-9054.620683044746	22102.586290799944	152.38668416419907	3269.974158720131
597223221.2273525	181277968414.9792	105385621411.68108	1710745733.5565615	-9192.086441847772	22021.8563786212	153.12514764600013	3268.3310158307145
597280821.2273525	180744564772.60828	106651739726.95863	1719587304.5733197	-9328.737711426307	21940.47772789224	153.87590858576655	3266.6811198940477
597338421.2273525	180203313445.99326	107913152157.09715	1728472477.333669	-9464.575683138422	21858.45903065296	154.63912308011194	3265.0245843533517
597396021.2273525	179654261244.92627	109169822083.70302	1737401973.6542642	-9599.601625421206	21775.808893688638	155.4149470701368	3263.3615213458834
597453621.2273525	179097454903.95496	110421713381.67079	1746376524.3288703	-9733.816882245617	21692.53583822186	156.20353631556725	3261.6920416654143
597511221.2273525	178532941078.07587	111668790414.246	1755396869.1171622	-9867.222871579397	21608.648299623193	157.00504636869286	3260.01625472461
597568821.2273525	177960766338.51608	112911018028.07272	1764463756.7320247	-9999.821083858364	21524.154627140175	157.81963254810307	3258.3342685173106
597626421.2273525	177380977168.603	114148361548.2251	1773577944.8253267	-10131.613080465948	21439.063083644523	158.64744991222688	3256.6461895807165
597684021.2273525	176793619959.72144	115380786773.22543	1782740199.9721718	-10262.60049222127	21353.381845397278	159.48865323267458	3254.9521229574793
597741621.2273525	176198741007.35718	116608259970.04881	1791951297.6536021	-10392.785017875774	21267.11900183141	160.3433969673833	3253.252172157701
597799221.2273525	175596386507.2277	117830747869.1165	1801212022.2377565	-10522.168422618646	21180.282555351852	161.21183523356893	3251.5464391208457
597856821.2273525	174986602551.49747	119048217659.27722	1810523166.9594579	-10650.752536590944	21092.880421152437	162.0941217804833	3249.835024177567
597914421.2273525	174369435125.08005	120260636982.77924	1819885533.8982322	-10778.539253408671	21004.920427049696	162.99040996198133	3248.1180260114534
597972021.2273525	173744930102.02368	121467973930.23279	1829299933.9547348	-10905.53052869487	20916.410313333086	163.90085270889628	3246.3955416206986
598029621.2273525	173113133241.98196	122670197035.565	1838767186.8255904	-11031.728378620724	20827.35773263136	164.8256025012262	3244.6676662797026
598087221.2273525	172474090186.76822	123867275270.96678	1848288120.9766135	-11157.134878455856	20737.77024979501	165.76481134013386	3242.9344935006056
598144821.2273525	171827846456.99246	125059178041.83405	1857863573.6144202	-11281.752161127879	20647.655341794194	166.71863071975864	3241.196114994766
598202421.2273525	171174447448.78226	126245875181.70291	1867494390.656406	-11405.582415791205	20557.020397632266	167.6872115988461	3239.452620634185
598260021.2273525	170513938430.58444	127427336947.18117	1877181426.6990855	-11528.627886405236	20465.872718274186	168.6707043721918	3237.7040984128903
598317621.2273525	169846364540.0495	128603534012.8751	1886925544.9847836	-11650.890870322004	20374.21951659006	169.66925884190613	3235.950634408282
598375221.2273525	169171770780.99643	129774437466.31404	1896727617.366662	-11772.373716883301	20282.06791731316	170.68302418849711	3234.1923127424566
598432821.2273525	168490202020.45804	130940018802.87321	1906588524.2720819	-11893.078826027346	20189.424957012183	171.71214894177464	3232.4292155435114
598490421.2273525	167801702985.807	132100249920.69453	1916509154.664278	-12013.008646905017	20096.297584077904	172.75678095157986	3230.6614229068464
598548021.2273525	167106318261.96063	133255103115.60767	1926490406.0023465	-12132.165676505743	20002.69265872341	173.81706735833697	3228.8890128564717
598605621.2273525	166404092288.66437	134404551076.05139	1936533184.1995308	-12250.552458293116	19908.61695299803	174.89315456343223	3227.1120613063363
598663221.2273525	165695069357.85452	135548566877.99594	1946638403.5797946	-12368.17158085011	19814.07715081468	175.98518819942137	3225.330642021685
598720821.2273525	164979293611.0976	136687123979.86766	1956806986.832676	-12485.02567653413	19719.07984799019	177.09331310006553	3223.5448265804657
598778421.2273525	164256809037.10815	137820196217.47598	1967039864.966411	-12601.117420141829	19623.631552298626	178.21767327020012	3221.7546843347973
598836021.2273525	163527659469.34155	138947757798.94397	1977337977.2593112	-12716.449527583656	19527.738683537103	179.35841185543458	3219.9602823725145
598893621.2273525	162791888583.66443	140069783299.6432	1987702271.2094014	-12831.024754568349	19431.40757360412	180.51567111168893	3218.161685478809
598951221.2273525	162049539896.09982	141186247657.13333	1998133702.4822907	-12944.845895297121	19334.644466589983	181.68959237456627	3216.358956097982
599008821.2273525	161300656760.64716	142297126166.107	2008633234.857272	-13057.915781167789	19237.455518879142	182.88031602856245	3214.552154295332
599066421.2273525	160545282367.17715	143402394473.34155	2019201840.171653	-13170.23727948873	19139.846799264316	184.0879814761177	3212.7413377191897
599124021.2273525	159783459739.40002	144502028572.65686	2029840498.2632914	-13281.81329220273	19041.824289071996	185.31272710650916	3210.9265615631316
599181621.2273525	159015231732.9067	145596004799.88177	2040550196.9113398	-13392.646754620677	18943.393882299213	186.55469026458655	3209.1078785283876
599239221.2273525	158240641033.28384	146684299827.8276	2051331931.7751791	-13502.740634165144	18844.561385761433	187.8140072193554	3207.2853387864684
599296821.2273525	157459730154.2993	147766890661.27115	2062186706.3315442	-13612.09792912385	18745.33251925116	189.0908131324057	3205.458989942036
599354421.2273525	156672541436.1605	148843754631.94727	2073115531.809824	-13720.721667412967	18645.71291570722	190.38524202619152	3203.6288769960465
599412021.2273525	155879117043.8431	149914869393.5507	2084119427.1255271	-13828.61490535027	18545.70812139437	191.69742675216108	3201.7950423091884
599469621.2273525	155079498965.49005	150980212916.74942	2095199418.8119125	-13935.780726438157	18445.323596093192	193.0274989587405	3199.9575255656473
599527221.2273525	154273729010.88068	152039763484.20914	2106356540.949774	-14042.222240156532	18344.564713299864	194.37558905917257	3198.1163637372238
599584821.2273525	153461848809.96884	153093499685.62836	2117591835.095354	-14147.942580765408	18243.43676043581	195.7418261992134	3196.2715910478387
599642421.2273525	152643899811.48987	154141400412.7879	2128906350.2064142	-14252.944906117387	18141.944939066834	197.1263382246868	3194.4232389384542
599700021.2273525	151819923281.6358	155183444854.61145	2140301142.5664134	-14357.232396479887	18040.094365131736	198.52925164890195	3192.5713360324444
599757621.2273525	150989960302.79736	156219612492.24	2151777275.7068124	-14460.808253367048	17937.890069180074	199.95069161993257	3190.715908101453
599815221.2273525	150154051772.37448	157249883094.1214	2163335820.3274994	-14563.67569838151	17835.336996618957	201.39078188776293	3188.8569780317666
599872821.2273525	149312238401.6515	158274236711.11264	2174977854.215302	-14665.83797206569	17732.440007968617	202.84964477129975	3186.9945657912485
599930421.2273525	148464560714.73935	159292653671.59848	2186704462.1606097	-14767.298332762919	17629.203879126646	204.32740112525488	3185.128688396864
599988021.2273525	147611059047.5832	160305114576.62466	2198516735.872075	-14868.060055487966	17525.63330164073	205.82417030689967	3183.259359882839
600045621.2273525	146751773547.03375	161311600295.0475	2210415773.889404	-14968.126430807373	17421.73288298957	207.34007014269176	3181.38659126949
600103221.2273525	145886744169.9841	162312091958.69983	2222402681.4942145	-15067.500763729202	17317.507146871998	208.87521689477984	3179.510390532772
600160821.2273525	145016010682.56918	163306570957.5739	2234478570.618965	-15166.186372602322	17212.96053350398	210.42972522738475	3177.6307625745753
600218421.2273525	144139612659.42932	164295018935.02112	2246644559.7539444	-15264.186588025146	17108.09739992343	212.0037081730623	3175.747709193829
600276021.2273525	143257589483.03522	165277417782.97052	2258901773.8523116	-15361.504751763863	17002.922020302507	213.59727709884748	3173.8612290584388
600333621.2273525	142369980343.07635	166253749637.16446	2271251344.233187	-15458.14421567992	16897.438586267548	215.21054167228502	3171.971317678119
600391221.2273525	141476824235.9094	167223996872.41348	2283694408.4827766	-15554.108340666913	16791.651207226096	216.8436098273447	3170.077967378152
600448821.2273525	140578159964.06915	168188142097.87003	2296232110.3535347	-15649.400495596728	16685.563910701185	218.49658773022873	3168.1811672741314
600506421.2273525	139674026135.83838	169146168152.32193	2308865599.661357	-15744.02405627494	16579.1806426725	220.16957974506857	3166.2809032477253
600564021.2273525	138764461164.87872	170098058099.50516	2321596032.1807833	-15837.982404405298	16472.50526792445	221.86268839951705	3164.377157923519
600621621.2273525	137849503269.92053	171043795223.43762	2334424569.538236	-15931.278926563436	16365.54157040085	223.5760143502356	3162.469910646974
600679221.2273525	136929190474.51146	171983363023.7725	2347352379.103237	-16023.917013179538	16258.293253566171	225.30965634828155	3160.5591374635596
600736821.2273525	136003560606.82378	172916745211.1736	2360380633.877659	-16115.90005753007	16150.763940773195	227.06371120439545	3158.6448110991
600794421.2273525	135072651299.5187	173843925702.71182	2373510512.382956	-16207.231454738476	16042.95717563687	228.8382737541914	3156.726900941389
600852021.2273525	134136499989.66931	174764888617.2827	2386743198.545395	-16297.914600784678	15934.876422414365	230.63343682325456	3154.8053730231195
600909621.2273525	133195143918.73886	175679618271.0469	2400079881.5792656	-16387.95289152347	15826.525066391021	232.4492911921453	3152.8801900061767
600967221.2273525	132248620132.61641	176588099172.89252	2413521755.8680816	-16477.349721711646	15717.9064142723	234.2859255613157	3150.951311167343
601024821.2273525	131296965481.7081	177490316019.92007	2427070020.843747	-16566.108484043812	15609.023694581389	236.14342651593796	3149.0186923854626
601082421.2273525	130340216621.08278	178386253692.95126	2440725880.8637104	-16654.232568196847	15499.880058062306	238.02187849064788	3147.0822861301103
601140021.2273525	129378410010.6739	179275897252.0603	2454490545.0860686	-16741.72535988296	15390.478578088763	239.9213637342085	3145.1420414518198
601197621.2273525	128411581915.53435	180159231932.12952	2468365227.3426485	-16828.590239911206	15280.822251078182	241.84196227409214	3143.1979039739044
601255221.2273525	127439768406.14615	181036243138.42834	2482351146.01003	-16914.83058325741	15170.913996911115	243.7837518809874	3141.249815885927
601312821.2273525	126463005358.78282	181906916442.21768	2496449523.8785405	-17000.449758142593	15060.756659355724	245.7468080332301	3139.2977159388533
601370421.2273525	125481328455.92482	182771237576.37723	2510661588.0191793	-17085.451125119485	14950.353006497395	247.73120388116428	3137.3415394419376
601428021.2273525	124494773186.72734	183629192431.05942	2524988569.6485057	-17169.838036167468	14839.705731173242	249.73701021143225	3135.3812182613774
601485621.2273525	123503374847.5399	184480767049.3675	2539431703.991457	-17253.61383379559	14728.817451411456	251.76429541119956	3133.416680820778
601543221.2273525	122507168542.4779	185325947623.05927	2553992230.142105	-17336.78185015361	14617.690710875446	253.8131254323149	3131.447852103462
601600821.2273525	121506189184.04416	186164720488.27643	2568671390.922348	-17419.345406151187	14506.327979312597	255.88356375540997	3129.4746536566618
601658421.2273525	120500471493.80196	186997072121.30045	2583470432.7385373	-17501.30781058491	14394.73165300756	257.97567135393894	3127.4970035976253
601716021.2273525	119490050003.09732	187822989134.33405	2598390605.4360256	-17582.672359273296	14282.90405524004	260.0895066581631	3125.514816621666
601773621.2273525	118474959053.83182	188642458271.30917	2613433162.1516333	-17663.442334199455	14170.847436747024	262.22512551908267	3123.5280040121847
601831221.2273525	117455232799.28319	189455466403.7223	2628599359.1640534	-17743.62100266162	14058.563976189133	264.3825811723158	3121.5364736526917
601888821.2273525	116430905204.97627	190262000526.49637	2643890455.742162	-17823.2116164313	13946.05578062141	266.56192420193264	3119.540130040844
601946421.2273525	115402010049.60107	191062047753.8698	2659307713.99124	-17902.217410918936	13833.324885968039	268.76320250424175	3117.538874304525
602004021.2273525	114368580925.9789	191855595315.3127	2674852398.6971145	-17980.64160434714	13720.373257501296	270.9864612515353	3115.5326042199767
602061621.2273525	113330651242.0761	192642630551.47244	2690525777.168223	-18058.487396931403	13607.202790324374	273.23174285579415	3113.5212142319992
602119221.2273525	112288254222.06505	193423140910.14447	2706329119.0755563	-18135.757970068073	13493.815309858148	275.499086932357	3111.5045954762277
602176821.2273525	111241422907.43065	194197113942.2737	2722263696.2905374	-18212.456485529703	13380.212572331851	277.78853026355347	3109.48263580349
602234421.2273525	110190190158.12413	194964537297.983	2738330782.720786	-18288.586084667557	13266.396265277419	280.10010676230775	3107.4552198062474
602292021.2273525	109134588653.76187	195725398722.63058	2754531654.143795	-18364.149887621283	13152.368008027672	282.43384743571255	3105.422228847117
602349621.2273525	108074650894.87016	196479686052.89603	2770867588.038501	-18439.150992535695	13038.129352218133	284.7897803485792	3103.383541089469
602407221.2273525	107010409204.17416	197227387212.8954	2787339863.4147587	-18513.592474784447	12923.681782292406	287.1679305869624	3101.3390315300912
602464821.2273525	105941895727.93175	197968490210.32602	2803949760.640719	-18587.47738620076	12809.02671601115	289.5683202216678	3099.288572033901
602522421.2273525	104869142437.31163	198702983132.6401	2820698561.268096	-18660.808754314916	12694.165504964529	291.9909682717395	3097.232031370693
602580021.2273525	103792181129.81476	199430854143.24792	2837587547.8553305	-18733.589581598506	12579.099435088148	294.4358906679368	3095.169275253898
602637621.2273525	102711043430.7393	200152091477.7513	2854618003.788656	-18805.822844715483	12463.829727182334	296.90310021619644	3093.1001663813217
602695221.2273525	101625760794.68874	200866683440.20682	2871791213.1010585	-18877.51149377978	12348.357537434878	299.39260656108974	3091.0245644778433
602752821.2273525	100536364507.1224	201574618399.41946	2889108460.289129	-18948.6584516195	12232.68395794699	301.904416149272	3088.942326340028
602810421.2273525	99442885685.94786	202275884785.2658	2906571030.127801	-19019.266613047577	12116.810017262625	304.43853219293015	3086.8533058826224
602868021.2273525	98345355283.1559	202970471085.04932	2924180207.4830065	-19089.338844138918	12000.73668090099	306.99495463323194	3084.757354186886
602925621.2273525	97243804086.49623	203658365839.8846	2941937277.122199	-19158.877981513826	11884.464851892335	309.5736801037776	3082.654319550714
602983221.2273525	96138262721.19441	204339557641.11478	2959843523.5228043	-19227.886831627773	11767.995371316798	312.17470189405765	3080.5440475405
603040821.2273525	95028761651.70988	205014035126.75735	2977900230.6785245	-19296.36817006734	11651.329018846574	314.7980099129224	3078.4263810446846
603098421.2273525	93915331183.53432	205681786977.9837	2996108681.9035783	-19364.3247408523	11534.4665132911	317.44359065206197	3076.3011603289315
603156021.2273525	92798001465.0292	206342801915.62915	3014470159.6348143	-19431.75925574381	11417.408513145301	320.111427149502	3074.1682230928695
603213621.2273525	91676802489.30437	206997068696.73425	3032985945.2317305	-19498.67439355862	11300.155617141081	322.8014989531201	3072.0274045283372
603271221.2273525	90551764096.13493	207644576111.11847	3051657318.774386	-19565.072799489106	11182.708364801705	325.5137820841814	3069.878537379062
603328821.2273525	89422915973.91736	208285312977.98657	3070485558.859235	-19630.95708442942	11065.067236999303	328.24824900090067	3067.7214520016996
603386421.2273525	88290287661.66463	208919268142.5652	3089471942.3928223	-19696.329824307206	10947.232656515413	331.0048685620318	3065.5559764281666
603444021.2273525	87153908551.03894	209546430472.7741	3108617744.3834295	-19761.193559421255	10829.204988604479	333.7836059904879	3063.3819364291835
603501621.2273525	86013807888.42357	210166788855.92844	3127924237.7305884	-19825.550793784696	10710.984541560454	336.5844228369964	3061.199155578954
603559221.2273525	84870014777.03105	210780332195.47415	3147392693.0125194	-19889.403994473952	10592.571567286293	339.40727694379024	3059.0074553209
603616821.2273525	83722558179.04958	211387049407.75662	3167024378.2714877	-19952.755590983197	10473.96626186649	342.2521224083404	3056.8066550343683
603674421.2273525	82571466917.82648	211986929418.82187	3186820558.7970495	-20015.607974584313	10355.168766142642	345.11890954713215	3054.596572102225
603732021.2273525	81416769680.08755	212579961161.25125	3206782496.907229	-20077.963497692293	10236.179166291864	348.00758485948506	3052.3770219792555
603789621.2273525	80258495018.1938	213166133571.02954	3226911451.727614	-20139.824473236105	10116.997494408371	350.9180909914282	3050.1478182612823
603847221.2273525	79096671352.4336	213745435584.44672	3247208678.9683595	-20201.193174034808	9997.6237290879	353.8503666996227	3047.9087727549113
603904821.2273525	77931326973.35126	214317856135.03308	3267675430.699128	-20262.07183217899	9878.057796015233	356.80434681534547	3045.6596955478235
603962421.2273525	76762490044.11009	214883384150.5285	3288312955.121945	-20322.462638417383	9758.29956855461	359.77996220852754	3043.4003950795222
604020021.2273525	75590188602.89174	215442008549.8866	3309122496.3420014	-20382.367741548795	9638.348868343252	362.77713975185895	3041.1306782124484
604077621.2273525	74414450565.32959	215993718240.31122	3330105294.136369	-20441.78924781896	9518.205465887837	365.79580228495774	3038.850350303377
604135221.2273525	73235303726.97699	216538502114.3297	3351262583.7206783	-20500.72922032265	9397.869081164004	368.8358685786073	3036.559215275008
604192821.2273525	72052775765.81047	217076349046.8988	3372595595.5137057	-20559.18967841062	9277.339384219005	371.8972532990682	3034.2570756876653
604250421.2273525	70866894244.76544	217607247892.5468	3394105554.899949	-20617.17259710177	9156.61599577723	374.97986697246336	3031.9437328110216
604308021.2273525	69677686614.30734	218131187482.54965	3415793681.990117	-20674.67990649997	9035.698487848997	378.0836159492432	3029.61898669576
604365621.2273525	68485180215.034874	218648156622.1431	3437661191.3795986	-20731.713491216004	8914.586384342309	381.2084023687326	3027.282636245098
604423221.2273525	67289402280.316895	219158144087.76907	3459709291.9048767	-20788.275189794225	8793.279161677792	384.354124123763	3024.9344792860848
604480821.2273525	66090379938.96314	219661138624.35858	3481939186.3979077	-20844.366794143974	8671.776249406817	387.5206748253943	3022.5743126406046
604538421.2273525	64888140217.92521	220157128942.6501	3504352071.438499	-20899.990048975946	8550.07703083263	390.7079437677266	3020.201932195999
604596021.2273525	63682710045.03273	220646103716.54303	3526949137.1046157	-20955.146651243085	8428.180843634904	393.91581589280963	3017.817132975239
604653621.2273525	62474116251.75945	221128051580.48856	3549731566.7207108	-21009.838249586224	8306.086980497315	397.1441717556488	3015.4197092065824
604711221.2273525	61262385576.021866	221602961126.91553	3572700536.6040177	-21064.066443784457	8183.79468973846	400.3928874893141	3013.0094543926325
604768821.2273525	60047544665.00939	222070820903.69345	3595857215.808856	-21117.832784209997	8061.3031759460355	403.6618347701532	3010.586161378748
604826421.2273525	58829620078.046005	222531619411.6319	3619202765.86891	-21171.138771287726	7938.61160061438	406.95088078311534	3008.149622420732
604884021.2273525	57608638289.482864	222985345102.0169	3642738340.5375338	-21223.985854959206	7815.719082785337	410.2598881871857	3005.6996292517438
604941621.2273525	56384625691.6209	223431986374.184	3666465085.526066	-21276.375434151298	7692.6246996924465	413.5887150809338	3003.235973148374
604999221.2273525	55157608597.66452	223871531573.12897	3690384138.2401633	-21328.308856249245	7569.327487408633	416.937214968182	3000.758444995833
605056821.2273525	53927613244.70621	224303968987.15552	3714496627.514146	-21379.787416574203	7445.826441497398	420.30523672379775	2998.266835352203
605114421.2273525	52694665796.739395	224729286845.5608	3738803673.3433976	-21430.812357865238	7322.120517667368	423.69262455960666	2995.7609345117
605172021.2273525	51458792347.70283	225147473316.35886	3763306386.614789	-21481.384869765792	7198.208632430575	427.09921799043906	2993.2405325669097
605229621.2273525	50220018924.55279	225558516504.04166	3788005868.835163	-21531.506088314516	7074.089663764132	430.5248518003052	2990.7054194699563
