573319221.2273525	-141584065527.56796	45684190946.16828	-21033367.71882826	-9932.994316409315	-28939.530504817427	0.9006915533942339	4000.0
573319222.2273525	-141584075460.55942	45684162006.636734	-21033366.818136185	-9932.988590230796	-28939.53259022463	0.9006926105033112	3999.9999666960584
573319226.2273525	-141584115192.46796	45684046248.489685	-21033363.21535728	-9932.965685512354	-28939.54093184179	0.9006968389473538	3999.999833480255
573319242.2273525	-141584274119.18597	45683583215.56784	-21033348.804072548	-9932.874066568871	-28939.574298124026	0.9007137528472762	3999.9993006164245
573319306.2273525	-141584909811.399	45681731078.541954	-21033291.156227343	-9932.507589679366	-28939.70776027039	0.9007814104270147	3999.99716915123
573319562.2273525	-141587452345.70407	45674322445.02719	-21033060.521542612	-9931.041664273405	-28940.241561134604	0.9010520724278557	3999.9886431324744
573320586.2273525	-141597618730.04587	45644686544.73111	-21032137.28971432	-9925.177677157155	-28942.376001022283	0.9021352274117647	3999.9545365295826
573323002.8301582	-141621587219.1556	45574738235.70866	-21029954.095547736	-9911.337070835401	-28947.408357413515	0.9046946510962467	3999.8740301460725
573326594.6209891	-141657149718.19098	45470751785.336075	-21026697.7778762	-9890.76112076822	-28954.87536049705	0.9085070728837709	3999.7543320545788
573331286.9672865	-141703497511.92737	45334862639.45191	-21022423.034097705	-9863.872091878677	-28964.607658452445	0.9135027221195027	3999.5978823670953
573337008.5289534	-141759840438.26566	45169105982.959625	-21017178.89176161	-9831.072356940072	-28976.439885148986	0.9196172438896516	3999.4070019501783
573343702.8012574	-141825523814.92212	44975083600.01771	-21010998.68924806	-9792.678489916121	-28990.235193316646	0.926803605142653	3999.183509502914
573351325.5135976	-141900003884.75787	44754039705.08374	-21003902.61016036	-9748.93627726902	-29005.880090425664	0.9350291831222084	3998.9288090236314
573359841.4951	-141982817462.47546	44506952026.23398	-20995900.60182915	-9700.03874527331	-29023.278060390094	0.9442723587903065	3998.6439946937594
573369222.6392975	-142073562127.89642	44234590952.46844	-20986994.231810823	-9646.137866873558	-29042.345401876333	0.9545203229376258	3998.32991890714
573379446.2190974	-142171879736.20297	43937568490.80064	-20977178.195103884	-9587.354251707458	-29063.007764028414	0.9657672753017371	3997.9872485231685
573390493.6259114	-142277444044.97015	43616374919.398735	-20966441.41755863	-9523.784401327517	-29085.197547106192	0.9780130858778822	3997.616506928051
573402349.983619	-142389956712.59222	43271390016.31065	-20954767.307122465	-9455.502932668833	-29108.85306270405	0.9912629251455586	3997.2180867449665
573415002.9739009	-142509135755.0012	42902917222.03264	-20942134.765696615	-9382.569340661716	-29133.916108708836	1.0055260218156634	3996.792289005485
573428442.6523284	-142634713494.4221	42511189013.09122	-20928518.23773879	-9305.029063259799	-29160.33153931323	1.0208155163633321	3996.3393290885206
573442661.0589939	-142766432518.544	42096378248.344635	-20913887.94784977	-9222.915728660886	-29188.046416969344	1.0371480914529456	3995.8593495361356
573457651.8709908	-142904042056.1236	41658608313.20633	-20898210.094840612	-9136.253164873586	-29217.009251749227	1.054543647561544	3995.3524314760466
573473410.1842526	-143047295573.92117	41197959507.13649	-20881446.91068244	-9045.056665917346	-29247.169497512554	1.0730251251735603	3994.8186016928553
573489932.2848166	-143195948290.80496	40714475754.78838	-20863556.726375256	-8949.334322367666	-29278.47703052984	1.0926183139193666	3994.257840066928
573507215.5118911	-143349755544.25363	40208168649.90969	-20844493.936283372	-8849.087824153483	-29310.881807435326	1.1133517681504868	3993.6700839159116
573525258.1150239	-143508471109.91122	39679021684.904015	-20824208.96215443	-8744.313300383128	-29344.333513244288	1.1352567159594118	3993.055232541402
573544059.1574785	-143671845941.99347	39126993141.40558	-20802648.159670852	-8635.001894352416	-29378.781297969254	1.1583670236321968	3992.4131502118043
573563618.3733557	-143839626523.53497	38552020354.78054	-20779753.7715146	-8521.140610928725	-29414.173430892322	1.1827191029756234	3991.743670734276
573583936.2210687	-144011554912.59964	37954018222.76645	-20755463.643488068	-8402.71202443482	-29450.45731251713	1.2083520629106708	3991.046595315497
573605013.5917373	-144187365846.07385	37332887876.83096	-20729711.33824278	-8279.695999403093	-29487.57886573153	1.2353074303870315	3990.321702248215
573626851.857291	-144366786786.43765	36688515389.5297	-20702425.847059086	-8152.069438566729	-29525.482547593623	1.2636292916118468	3989.5687449926586
573649452.9658521	-144549538279.88043	36020769077.3355	-20673531.214523267	-8019.805752781716	-29564.11142749957	1.2933645071765558	3988.7874485773864
573672819.1123137	-144735330854.26013	35329509361.56316	-20642946.688667595	-7882.876818675623	-29603.406534199545	1.3245623735393346	3987.977520671057
573696952.9625514	-144923866442.81342	34614582301.830124	-20610586.161703672	-7741.251702727745	-29643.30715913063	1.3572750074362365	3987.138643553594
573721857.3536121	-145114835614.14713	33875828639.3909	-20576358.27759714	-7594.8984579387225	-29683.750273057	1.3915570361428335	3986.270484237008
573747535.5292778	-145307919026.37836	33113077008.739246	-20540165.81747082	-7443.782784765323	-29724.670836449754	1.4274660090053226	3985.372686010999
573773990.8974075	-145502785164.15372	32326151337.18746	-20501905.71620073	-7287.869503094891	-29766.001323154018	1.4650621596661586	3984.4448766299392
573801227.2143437	-145699091324.97424	31514865586.47279	-20461468.47056526	-7127.121516938098	-29807.67193250147	1.5044087616581685	3983.486661600923
573829248.300011	-145896481144.30588	30679032470.03632	-20418738.20919502	-6961.501548531083	-29849.61006748167	1.5455718193905565	3982.4976339346367
573858058.2846118	-146094585997.97302	29818456365.637085	-20373591.967523344	-6790.970741436723	-29891.740635734677	1.5886205220392176	3981.4773652334584
573887661.3872322	-146293023045.0122	28932940192.59658	-20325899.64371332	-6615.490031071823	-29933.985637461385	1.633627020811993	3980.4254132658225
573918062.0628529	-146491395859.68393	28022281317.660545	-20275523.372591697	-6435.019341726543	-29976.264303680706	1.6806667500953059	3979.341316542198
573949264.8905655	-146689293278.02188	27086275209.160618	-20222317.284188747	-6249.518319454185	-30018.492855047025	1.7298183645660605	3978.224598061432
573981274.5224681	-146886288724.56152	26124717313.263744	-20166127.163244106	-6058.94671323352	-30060.58436249568	1.7811637591727612	3977.0747669629714
574014095.7701244	-147081940399.1474	25137400820.699562	-20106789.84986515	-5863.2639421774675	-30102.448791805786	1.8347883094204835	3975.8913152583114
574047733.6156409	-147275790930.56784	24124116703.526237	-20044132.731563065	-5662.429113093511	-30143.992935199472	1.890781003150916	3974.6737172336075
574082193.1483525	-147467366602.24597	23084656015.101543	-19977973.35019806	-5456.40148716857	-30185.120251551984	1.9492344502395458	3973.421431558308
574117479.3158346	-147656175675.51852	22018817839.169777	-19908119.377490822	-5245.1420669757545	-30225.73051188082	2.010244558849144	3972.1339102466313
574153597.5101542	-147841711233.19696	20926392041.555325	-19834366.926779173	-5028.610189677498	-30265.720416934084	2.073911649442878	3970.8105771933965
574190553.0119321	-148023447769.70068	19807176517.91081	-19756501.058303222	-4806.766958188737	-30304.982871727167	2.1403396179625904	3969.450848301328
574228351.2231505	-148200842122.2287	18660970663.82806	-19674294.72985229	-4579.573960014556	-30343.407192946757	2.209636445522838	3968.054122929952
574266997.6757135	-148373333118.52258	17487575627.09591	-19587508.13757562	-4346.993330942732	-30380.879041734883	2.281914335285306	3966.6197834849722
574306497.8727213	-148540340523.39755	16286799671.915981	-19495888.415490862	-4108.988832587689	-30417.280204111026	2.3572895309252058	3965.147201266405
574346857.3937819	-148701265236.2503	15058455562.543163	-19399168.73316275	-3865.5253486604834	-30452.48864282514	2.435882618813608	3963.6357325870363
574388081.9381728	-148855489118.87555	13802359844.651896	-19297067.47114029	-3616.5687580188337	-30486.378470754655	2.5178187304105144	3962.0847171521327
574430177.3099664	-149002374567.0101	12518333916.461784	-19189287.492196612	-3362.086163099235	-30518.819869303672	2.603227637353359	3960.493478615679
574473149.3509747	-149141263945.39957	11206206725.476229	-19075515.52429569	-3102.046441127142	-30549.678976667976	2.692243734833925	3958.8613271627078
574517003.9108459	-149271479239.59055	9865816370.202787	-18955421.44010928	-2836.420578822846	-30578.81782334124	2.7850060874432434	3957.1875607708184
574561746.9331813	-149392322065.25476	8497008184.213226	-18828657.18476198	-2565.181310581335	-30606.094348253107	2.8816587195613157	3955.4714620758887
574607384.3723762	-149503073162.14972	7099638020.274367	-18694856.122340105	-2288.3037877576153	-30631.362300774013	2.982350551089408	3953.712301713353
574653922.4226891	-149602992664.4036	5673566005.9728365	-18553631.43043554	-2005.7643605394535	-30654.47132040406	3.087236020308076	3951.909329662228
574701367.0833857	-149691318851.88474	4218670665.883071	-18404576.430438336	-1717.5433957010105	-30675.2666687862	3.196474227507407	3950.0617922712295
574749724.66472	-149767269007.2909	2734834251.7478304	-18247262.047476776	-1423.6223903896305	-30693.589447550632	3.3102301857240386	3948.1689129216243
574799001.4607505	-149830038465.26627	1221953633.16181	-18081236.742965907	-1123.9861506775278	-30709.2763997645	3.4286741981043827	3946.229904982523
574849203.5325004	-149878800347.72842	-320052133.9133756	-17906026.236249045	-818.6243113308986	-30722.159859163683	3.5519814075647753	3944.243980831432
574900337.5900166	-149912706287.8315	-1891267967.1946087	-17721129.309888273	-507.5261770156991	-30732.06796670381	3.6803340598208534	3942.210317377795
574952409.849653	-149930885137.6485	-3491746695.0249352	-17526020.607580405	-190.6878861094156	-30738.824358838232	3.813918802532636	3940.1281016791354
575005426.8838283	-149932443597.3091	-5121534160.664343	-17320146.415358096	131.89253787606032	-30742.24836585942	3.9529288815873835	3937.9964977587124
575059395.2896804	-149916465786.61743	-6780658010.31759	-17102924.542518325	460.21294304260226	-30742.15492707141	4.097563421257476	3935.814660239136
575114321.6459228	-149882013253.62454	-8469125297.53681	-16873743.203378618	794.2665519496554	-30738.35461365996	4.248027384790725	3933.581736714321
575170212.7235565	-149828124815.64725	-10186927857.931929	-16631958.774209794	1134.0430014387446	-30730.653634122635	4.40453223203253	3931.296859827976
575227075.4929934	-149753816302.96933	-11934041384.876184	-16376894.230268795	1479.528134960562	-30718.853809910022	4.5672960602298325	3928.9591475100333
575284916.3015023	-149658081828.9369	-13710398987.974846	-16107841.440537054	1830.6987507200056	-30702.75281526339	4.736541289861723	3926.56773765432
575343742.4511755	-149539891594.31708	-15515938461.731258	-15824052.47073435	2187.531924082974	-30682.143854142876	4.912499281238905	3924.121723920722
575403560.739856	-149398194100.84753	-17350556221.239826	-15524744.645629073	2549.995875788126	-30656.81605919424	5.095406177105678	3921.620216724438
575464378.3336675	-149231914748.9845	-19214132812.95099	-15209094.802661091	2918.054991047352	-30626.55429353541	5.285505522933752	3919.0623080256532
575526202.3255913	-149039956895.9963	-21106518052.351913	-14876239.721056363	3291.6668588711827	-30591.13937877805	5.483046988965096	3916.4470906695565
575589039.907546	-148821201687.11993	-23027534954.39086	-14525273.513499081	3670.783025704253	-30550.348111815634	5.68828692524579	3913.7736522570626
575652898.454602	-148574507906.42682	-24976980913.03293	-14155245.274303326	4055.349204754858	-30503.953283247774	5.901488682152892	3911.0410726043674
575717785.2689968	-148298713192.11057	-26954618458.751408	-13765158.636319377	4445.303430057233	-30451.723955944104	6.122921784425968	3908.248435831383
575783707.943717	-147992632905.33917	-28960184893.12864	-13353967.671126094	4840.577935227834	-30393.42530591856	6.352863163309021	3905.3948160078326
575850673.8383772	-147655062846.95474	-30993374840.596733	-12920578.0782594	5241.0956932685	-30328.81919582244	6.591595342764657	3902.4793010901726
575918690.8193504	-147284776154.65598	-33053861224.799217	-12463840.417192567	5646.774530547914	-30257.663643754	6.839409023877829	3899.50096220554
575987766.3706887	-146880528332.56653	-35141266730.12956	-11982553.740610354	6057.521487361941	-30179.713850779703	7.096599873802654	3896.458893854872
576057908.4240416	-146441053405.5529	-37255187375.62115	-11475457.870954515	6473.237443581643	-30094.721530995575	7.363471481068891	3893.3521791863773
576129124.8369675	-145965067401.40616	-39395175099.155945	-10941234.631329218	6893.8136752416995	-30002.4356528144	7.64033338893155	3890.1799144743713
576201423.4944988	-145451268649.6791	-41560739224.28172	-10378504.91787122	7319.132132268504	-29902.60257393558	7.927501354401999	3886.9412064750713
576274812.5950384	-144898336478.39737	-43751353346.49782	-9785824.037588395	7749.066779812776	-29794.965866554896	8.225298393197196	3883.635161389581
576349300.2041574	-144304935241.03467	-45966440277.218376	-9161682.713326663	8183.480633297653	-29679.26718279303	8.534052887064668	3880.260906740558
576424894.5873133	-143669712871.21057	-48205380292.388565	-8504501.951219495	8622.227373423095	-29555.246060978367	8.854099767420628	3876.8175784357654
576501604.016327	-142991303425.63452	-50467503642.44808	-7812632.058660913	9065.149875167457	-29422.640512146354	9.185779553209718	3873.304331591789
576579436.9542158	-142268326631.5353	-52752094275.49112	-7084348.378915654	9512.080938863966	-29281.18702647012	9.52943894764185	3869.720334273002
576658401.9166155	-141499390256.3237	-55058383971.07616	-6317849.787397443	9962.842146401668	-29130.6211350683	9.885430038000347	3866.0647760643824
576738507.3297796	-140683092983.9053	-57385546484.826454	-5511257.457015417	10417.24272848108	-28970.67807651846	10.254109375417315	3862.336877107174
576819762.013548	-139818020989.23376	-59732709837.15618	-4662607.257453622	10875.081979373608	-28801.092232616207	10.635839909313855	3858.535868127309
576902174.5753772	-138902755636.2458	-62098936939.993	-3769853.009151982	11336.145493887914	-28621.598747531338	11.030987896253102	3854.6610211969264
576985753.8005162	-137935871203.954	-64483235193.05052	-2830859.721707061	11800.207067746733	-28431.933197308335	11.4399243470094	3850.7116342747886
577070508.3981755	-136915939546.5256	-66884547484.53017	-1843403.503543103	12267.0269769037	-28231.83262228025	11.863023421405055	3846.68704594889
577156447.3960922	-135841527322.97223	-69301761681.17892	-805164.1073421557	12736.353861713054	-28021.03510573956	12.300663970612549	3842.586619620328
577243579.3872327	-134711207397.07256	-71733687729.46896	286268.9517065827	13207.920325717096	-27799.28213609314	12.753225261242422	3838.4097824057435
577331913.7256511	-133523545826.00728	-74179089527.55434	1433414.010933414	13681.449174184196	-27566.31618308481	13.22109262317862	3834.1559710634565
577421459.0329107	-132277123652.76883	-76636641683.26732	2638881.385039039	14156.645093217006	-27321.885104828725	13.704649133297991	3829.8247068349983
577512224.3922305	-130970523752.03674	-79104961234.1852	3905391.3637945633	14633.200870498804	-27065.739701639555	14.204281262636862	3825.4155414448915
577604218.7289779	-129602341806.07397	-81582589035.40625	5235769.016277542	15110.793873607196	-26797.63600546479	14.720374957280733	3820.9280903497047
577697450.8638858	-128171188697.7674	-84067990014.10474	6632947.365112254	15589.086197736717	-26517.335886653476	15.253315164699817	3816.3620338225587
577791929.6383449	-126675691728.9252	-86559555326.76898	8099971.801864637	16067.725187515174	-26224.607431879	15.803485769271475	3811.7171144982494
577887663.8265879	-125114499139.71555	-89055598869.09212	9640001.36882067	16546.34288208059	-25919.2259693256	16.371268284523353	3806.9931453895274
577984661.7852352	-123486289485.59763	-91554347321.18752	11256305.228749726	17024.55424176955	-25600.976041755515	16.95703883905653	3802.190031099134
578082932.3425407	-121789760453.96309	-94053962334.04062	12952279.549853124	17501.961541805525	-25269.6493588595	17.56117257152295	3797.307727743599
578182483.5063866	-120023654479.70618	-96552506707.09909	14731427.853586769	17978.14806215286	-24925.049939616638	18.18403478871494	3792.3463109527297
578283323.4059186	-118186746961.7099	-99047968245.96245	16597378.476724759	18452.6828301456	-24566.991941360553	18.82598556722841	3787.3059332887487
578384764.0993338	-116291024144.68883	-101521413566.45853	18540321.697178267	18921.928735545258	-24197.86430585644	19.482832731839373	3782.2217658585973
578486294.4856039	-114346382477.15639	-103959104869.75171	20552261.02051518	19383.263023225943	-23819.641668282293	20.1512476168498	3777.120506540088
578587871.5534805	-112354405486.6605	-106359052510.07681	22633589.289353617	19836.303072221905	-23432.67717694633	20.83082923999949	3772.0055253311234
578689445.4279374	-110316913900.03505	-108719193663.61714	24784424.20597164	20280.65630264468	-23037.369575952634	21.52110382272324	3766.880568298136
578790963.0831215	-108235899467.48067	-111037494287.60347	27004661.34636955	20715.9397388366	-22634.149955993413	22.221547764792156	3761.749566480248
578892367.6571631	-106113541087.42348	-113311944686.29666	29293941.40435718	21141.779386859605	-22223.48449715764	22.931582118492774	3756.6166647010755
578993598.6216862	-103952203504.02318	-115540575412.71642	31651634.627270773	21557.813428016012	-21805.873802682883	23.650572945854012	3751.486206656418
579094590.7216116	-101754461776.69887	-117721446420.93558	34076795.95977946	21963.69040009497	-21381.857185743902	24.37782306627568	3746.362781659089
579195275.1006411	-99523078587.94397	-119852684619.07562	36568170.48904929	22359.07639268307	-20952.007818596303	25.112579459594606	3741.2511599555164
579295578.2700716	-97261027025.08917	-121932474102.26509	39124148.24494284	22743.653383219244	-20516.936646173366	25.854025505732253	3736.1563367011254
579395422.4735582	-94971482605.83519	-123959076805.92776	41742751.88170584	23117.12321225445	-20077.29034426721	26.60128338949337	3731.0835045475515
579494725.2503278	-92657832373.86545	-125930836090.7492	44421604.51653434	23479.20835833949	-19633.75255159204	27.353410848386844	3726.038066344666
579593399.5681971	-90323670455.15079	-127846191932.62761	47157912.24322676	23829.654822446995	-19187.04248782196	28.109402328548736	3721.0256183928427
579691353.4295651	-87972805150.588	-129703685281.48376	49948432.83667995	24168.232982770267	-18737.915778024468	28.868186361875786	3716.051960023298
579788489.572481	-85609263597.58612	-131501964495.542	52789446.48208549	24494.738807256144	-18287.16479912459	29.628623750349607	3711.1230979497436
579884705.6158825	-83237285072.68498	-133239799657.38847	55676739.8452231	24808.99645920145	-17835.616859765298	30.389509399748412	3706.2452277664684
579979893.3575603	-80861334398.81381	-134916080778.53522	58605565.85297897	25110.857939219157	-17384.136218977666	31.14956768536863	3701.4247582125868
580073938.2362608	-78486111581.00719	-136529819545.70619	61570607.203337	25400.20336113212	-16933.625375613887	31.90744908681367	3696.6683268507204
580166718.7680736	-76116562111.92067	-138080150791.44733	64565938.57259047	25676.94116123366	-16485.026483018064	32.66172664965644	3691.982816854385
580258105.5875826	-73757897515.65019	-139566327642.68842	67584975.38650785	25941.00716755301	-16039.324700036312	33.41088923664981	3687.3753935877176
580347959.4058151	-71415644782.32762	-140987700606.57416	70620384.01036403	26192.360844331935	-15597.556974998897	34.153325701897096	3682.853595409498
580436129.4032189	-69095686216.87935	-142343706615.2351	73664001.2943751	26430.983374734456	-15160.818963116462	34.88731225192681	3678.425401826028
580522450.1482799	-66804339476.8917	-143633838084.125	76706698.555576	26656.87229145517	-14730.279456464405	35.61098721167519	3674.099374901824
580606736.8088398	-64548485954.38039	-144857592438.06857	79738175.18580896	26870.0328555692	-14307.20377086223	36.32231073822305	3669.8848845101934
580688779.4952259	-62335726502.43408	-146014417739.86606	82746706.27229586	27070.46900817582	-13892.98206730121	37.01901618637749	3665.7923742726607
580768332.9241529	-60174668417.67922	-147103603870.17914	85718699.12051968	27258.16522530952	-13489.18197636258	37.69852046908625	3661.833856993127
580845101.7813883	-58075337720.412186	-148124134771.9942	88638055.3918472	27433.062265481218	-13097.62416130842	38.357795534102266	3658.023617133574
580918714.9784597	-56049906828.556656	-149074422281.1009	91485061.55633382	27595.013515906296	-12720.515994719299	38.99314148413065	3654.3794536905884
580988680.4090312	-54113978326.771805	-149951838638.06006	94234440.03345639	27743.70860225802	-12360.687527972526	39.599786389086276	3650.924869251042
581054294.6581688	-52289148422.16761	-150751772600.09836	96851480.6114809	27878.51907666875	-12022.063103679504	40.171086989548215	3647.6934486689165
581114426.0488672	-50609159501.48185	-151465321837.49734	99282814.89260215	27998.120145392146	-11710.794447376898	40.69660951136299	3644.7394039751066
581149803.8134202	-49617431239.87402	-151876377952.42236	100728052.365572	28066.722964347202	-11527.263156842304	41.00664830659009	3643.0048056773376
581193867.8501365	-48378848378.63971	-152379272202.19788	102543494.26394512	28150.342439929565	-11298.274903411944	41.393672055736225	3640.847913504314
581237988.0512598	-47135039939.819115	-152872688661.22223	104378357.31299086	28232.03723253178	-11068.574615191123	41.782125146347475	3638.6923634240825
581291756.3832196	-45614434161.706856	-153460289827.36267	106637666.59382689	28328.848949301988	-10788.104168201244	42.25675740286938	3636.0711143568856
581351903.2960738	-43907373138.66888	-154099709157.81512	109195285.9525797	28433.568675899518	-10473.700218572414	42.78925205535953	3633.146489126228
581416882.0375719	-42056234034.287766	-154769221894.45245	111994415.97159573	28542.457729699578	-10133.310114858468	43.36630531285493	3629.99618501258
581485767.3195615	-40086240140.39893	-155454807186.6716	115002841.86493176	28653.083318427554	-9771.697056020306	43.97999034358081	3626.6673206357395
581557932.229108	-38014470083.165215	-156146288792.05328	118199912.89672518	28763.670623196118	-9392.109679958457	44.6249378691754	3623.192311483064
581632915.4446137	-35853548360.83266	-156835729186.69623	121571224.61745232	28872.83241450103	-8996.96632788896	45.29718042339673	3619.595398291784
581710359.5173546	-33613350360.419716	-157516665684.87454	125106176.6452646	28979.439764270363	-8588.171474923365	45.99361772502497	3615.895685097291
581789974.373188	-31302008437.875656	-158183661772.9379	128796523.10612555	29082.546106777365	-8167.302257714479	46.71170103010115	3612.108931749387
581871518.2120503	-28926431013.819485	-158832061148.67252	132635632.7774602	29181.34515658502	-7735.704881347905	47.44926979251174	3608.248493597766
581954783.5615231	-26492681494.51229	-159457814064.87653	136617938.6222406	29275.141294598616	-7294.564769625331	48.20443241599951	3604.3260032298417
582039589.1931101	-24006192873.214348	-160057370953.24026	140738628.13508952	29363.33115378444	-6844.946338820256	48.97549840608064	3600.351765332706
582125774.299417	-21471920245.045944	-160627605598.6753	144993420.36911556	29445.390238386964	-6387.821205147458	49.760930033493615	3596.3350394061895
582213194.5941591	-18894439776.869713	-161165760809.3936	149378421.14632654	29520.863300968223	-5924.086491239495	50.55931078582675	3592.284228342922
582301718.7837623	-16278038869.212723	-161669403314.00565	153889984.98168525	29589.356405274502	-5454.581378987658	51.3693166945173	3588.2070465767424
582391226.8467035	-13626754610.82058	-162136394787.53406	158524659.06010634	29650.531531463257	-4980.094240795488	52.18970379479773	3584.1106021678133
582481607.7829376	-10944429052.978834	-162564863172.678	163279094.47296184	29704.101421130643	-4501.372716713069	53.01929046981422	3580.0015018435074
582572759.3907115	-8234705358.170769	-162953186810.32123	168150058.55443916	29749.826248567882	-4019.12316859245	53.85695816614774	3575.885862389236
582664585.7973645	-5501091399.049704	-163299969790.92615	173134325.81158242	29787.509328838143	-3534.0221397842506	54.701631316445834	3571.769423432284
582756997.4690523	-2746950502.2010307	-163604030795.83838	178228696.2242417	29816.994636267158	-3046.7147819606294	55.55227985770808	3567.6575468259657
582849910.5078856	24486105.345300674	-163864389054.25757	183429975.19150335	29838.164005373023	-2557.817162910493	56.407915086247534	3563.5552485159315
582943245.914228	2810105214.710968	-164080251393.3568	188734949.4555822	29850.934560309444	-2067.918849039364	57.26758505958653	3559.467231549151
583036928.9061475	5606898706.361996	-164251000782.63586	194140363.90230182	29855.256419065026	-1577.585264636057	58.130370403461704	3555.397916015767
583130888.6170845	8411961420.338884	-164376186637.0815	199642918.32435971	29851.11062609193	-1087.3581456057186	58.995383493889214	3551.351452161876
583225057.8771051	11222491066.984676	-164455515494.88107	205239268.64261442	29838.507142956623	-597.755650583664	59.86176830321696	3547.331730078909
583319372.8376466	14035783015.561953	-164488841833.52957	210926018.38809496	29817.482923929227	-109.27337793864143	60.72869869915742	3543.342396246486
583413772.0043004	16849207023.574162	-164476159791.14407	216699672.56346738	29788.100341327983	377.6114979086895	61.59537121326745	3539.386894601441
583508196.8322906	19660230201.12687	-164417595998.69888	222556684.7829713	29750.445377825192	862.4441167630098	62.46101208465244	3535.468441396632
583602590.7964567	22466394118.38498	-164313402412.9504	228493411.52397949	29704.626270294095	1344.787859687095	63.3248701972738	3531.5900644675303
583696899.529371	25265323413.091835	-164163949622.6122	234506130.6684215	29650.771946810873	1824.2257297886877	64.18621974316284	3527.7545975512553
583791070.2320255	28054712448.45764	-163969721189.25146	240591013.93850914	29589.030871919942	2300.3579498625304	65.04435614560714	3523.9647045894735
583885051.0389918	30832310469.313797	-163731309589.99448	246744093.74253252	29519.570202803596	2772.7993414600815	65.89859154259163	3520.2229048133217
583978792.0794789	33595956638.131306	-163449408259.33755	252961340.39008373	29442.573775369885	3241.185186094498	66.74826562335598	3516.53153019577
584072243.7215307	36343531552.61794	-163124810917.93808	259238554.6919712	29358.24220995819	3705.1628698723007	67.59273078819196	3512.892795172806
584165357.1379945	39072977270.66121	-162758405976.02512	265571410.88612998	29266.79148196891	4164.395202150696	68.43135838894734	3509.3087732548215
584258083.8857763	41782287995.89017	-162351173761.6312	271955434.43561083	29168.452288812565	4618.558742286494	69.26353595189583	3505.7814128147916
584350375.6179035	44469504596.29132	-161904184081.92734	278385987.359121	29063.46944541595	5067.3427912416955	70.08866558504688	3502.312547127032
584442183.365831	47132696617.07349	-161418596779.31335	284858221.9972662	28952.101934590657	5510.446318625757	70.90615855066538	3498.90391980541
584533457.9852715	49769978113.620346	-160895657104.2874	291367115.0653001	28834.621719303395	5947.580544638708	71.71544022296816	3495.5571661798117
584624149.393232	52379488268.22808	-160336697449.69635	297907416.59134126	28711.314023657913	6378.465650559822	72.51594423149005	3492.273839695979
584714206.4024264	54959389440.17981	-159743136820.9868	304473639.353572	28582.47704726318	6802.830416662279	73.307111955654	3489.0554152947143
584803576.0868952	57507851833.474174	-159116483900.30316	311060013.23181087	28448.422439920192	7220.409670973718	74.08838791125663	3485.903309064012
584892203.3770342	60023045005.44042	-158458339707.26477	317660454.240619	28309.475635642062	7630.942902353333	74.85921723315296	3482.8188885050095
584980031.1177393	62503142612.41314	-157770397241.33954	324268567.2786109	28165.975532434903	8034.1750449202445	75.61904720699405	3479.8034662111563
585066998.7004119	64946286991.681046	-157054452687.71313	330877540.8460995	28018.2765682251	8429.850742737519	76.36731648663361	3476.858342048366
585153041.7915533	67350585359.04313	-156312409823.8037	337480120.8898831	27866.74929459606	8817.713828320371	77.10345399649404	3473.984805545172
585238091.4024372	69714087854.66484	-155546290627.78134	344068533.07537943	27711.782190695027	9197.503891697155	77.8268722651221	3471.1841595502233
585322073.5459331	72034782470.0005	-154758241822.65494	350634448.1828304	27553.782597855687	9568.955613986443	78.53696591798408	3468.45772293277
585404907.0086968	74310538484.23409	-153950560236.11093	357168797.9513747	27393.18137161778	9931.789908574814	79.23309440524736	3465.806892883097
585486502.5393502	76539090382.13747	-153125707615.1786	363661696.30901885	27230.435289370143	10285.711667631951	79.91457711618936	3463.2331575482526
585566761.4060259	78718005232.14238	-152286332786.15637	370102308.45223063	27066.030851239804	10630.404927287545	80.58068342161725	3460.7381269704083
585645571.5502776	80844586463.55399	-151435321877.45822	376478521.2758191	26900.49343792225	10965.51811248146	81.23060327098531	3458.3236345403348
585722805.902387	82915838761.30264	-150575830183.584	382776778.87004495	26734.392666756212	11290.659157683522	81.86343647810936	3455.9917651172573
585798316.8512832	84928331799.53162	-149711359713.53336	388981598.60022706	26568.35642363706	11605.37489411724	82.4781510912877	3453.7449946663355
585871930.2403141	86878055980.93678	-148845849940.98547	395075032.8071384	26403.087069471938	11909.129580829365	83.07353934436132	3451.586332549323
585943435.9689273	88760193605.58145	-147983816855.3663	401035832.7753814	26239.386467485918	12201.270693582368	83.64814780397779	3449.5195505683614
586012573.2933083	90568758762.67075	-147130568929.2182	406838144.79392016	26078.19500610369	12480.97501529152	84.20016748378482	3447.5495454365137
586079007.3787702	92296021013.50671	-146292550748.5619	412449432.59187424	25920.653823113476	12747.162325746129	84.72725804406493	3445.682920376666
586142286.2442671	93931439724.5687	-145477965552.5117	417826680.3364652	25768.218008705215	12998.33535554959	85.22622279702314	3443.9290690855114
586201755.9305779	95459555826.35643	-144697992587.64658	422908931.2224832	25622.87852620391	13232.262672518591	85.69236588472624	3442.302329613885
586256357.3747823	96854918790.41751	-143969670230.81567	427599487.322464	25487.689392622982	13445.2138802788	86.11794560707108	3440.8271971569206
586287991.8699701	97659959599.69287	-143542397345.09402	430327670.3475827	25408.609253336188	13567.787158800225	86.36345131916647	3439.980648071645
586328080.1522748	98676525563.72621	-142995388515.64264	433796050.35913146	25307.609020399523	13722.264242940668	86.67343544242644	3438.9164305373984
586367944.4101905	99683378344.36397	-142445314533.58282	437257345.739481	25206.30931946372	13874.93001418508	86.98042763535587	3437.867666009056
586416926.8217722	100914972408.25554	-141761118798.25623	441527060.5762199	25080.67365474321	14061.214738373246	87.35590542017596	3436.592027379625
586471999.9296062	102292318899.84642	-140980995518.95172	446349594.6688381	24937.90131348595	14268.942408410345	87.77577180367919	3435.1749451165206
586531758.6983656	103777904100.46768	-140121617360.18857	451608510.8831435	24781.19599170741	14492.272468830331	88.22858233354661	3433.657920541742
586595385.2074101	105349284116.5153	-139192022690.59763	457237440.87760746	24612.33995479512	14727.674306612585	88.70749220338928	3432.0663744186054
586662340.6293755	106991203993.10585	-138197706039.8395	463193660.10133576	24432.45390879893	14972.723643382311	89.20785275463564	3430.4179936283294
586732241.1566745	108692413363.56628	-137142248609.41515	469447477.6338972	24242.300554413254	15225.615338962176	89.72624039947709	3428.726118247623
586804799.0522017	110444147658.18008	-136028082615.44656	475977215.6753031	24042.427277093553	15484.930513881876	90.25999357864444	3427.0013657863065
586879789.4491531	112239271904.7136	-134856919377.97644	482766386.64579695	23833.246112589863	15749.505181666322	90.80695187180582	3425.2525488097403
586957032.2056067	114071808976.8059	-133629976708.68015	489802163.53135806	23615.07647617808	16018.357554567552	91.36531240038447	3423.487186116138
587036379.3635268	115936614623.04474	-132348137045.46126	497074320.68732715	23388.174794722363	16290.638047850081	91.93353105432995	3421.711854015667
587117706.4375955	117829152784.1599	-131012058087.27809	504574496.4553606	23152.75515633513	16565.594784083067	92.51025435020168	3419.9324284612658
587200907.9647936	119745377049.80156	-129622223084.94641	512295829.0868677	22908.998942788294	16842.555099439185	93.09428368930213	3418.154218061874
587285893.3426452	121681622420.08719	-128178991582.66028	520232608.8300025	22657.064345132807	17120.908856643196	93.68454280867812	3416.3820824364825
587372583.4476932	123634518710.33656	-126682642121.07472	528379992.2717662	22397.094269443063	17400.09519001794	94.28005187202699	3414.620525551005
587460908.7878122	125600941571.60596	-125133392482.88846	536733852.63397145	22129.22017874879	17679.594878623382	94.87991306768883	3412.873751004862
587550807.9436729	127577971562.32007	-123531417112.29945	545290652.9098563	21853.56536313086	17958.924002696538	95.48329870428402	3411.145707839991
587642225.2988029	129562839439.5166	-121876879575.52686	554047246.4687642	21570.25070121252	18237.625803718023	96.08943513458117	3409.4401458259767
587735111.9632443	131552942480.56462	-120169909270.69344	563000979.3688225	21279.390787693486	18515.272650977415	96.69760840110268	3407.7606073847505
587829422.975687	133545780448.5004	-118410646215.93234	572149434.8409427	20981.10169597762	18791.456767928645	97.30714538839057	3406.1104877132757
587925117.8243339	135538964587.596	-116599226957.78891	581490493.2851712	20675.498607205605	19065.791288662313	97.91741731370357	3404.493030696737
588022159.1243006	137530187700.87848	-114735805068.34447	591022213.1843135	20362.699302346056	19337.905929433648	98.52783136278236	3402.911356668646
588120486.8775468	139516706914.14703	-112821052408.65407	600740287.0433528	20042.90764106782	19607.37695296382	99.13767260452597	3401.36886124415
588219445.243172	141484081497.21906	-110867581638.15504	610580794.849384	19718.304610509836	19872.21958224654	99.74263718572581	3399.8775979584184
588319059.9041587	143431927856.14523	-108875005826.14969	620546587.0694455	19388.885195915856	20132.37702606706	100.34273877438194	3398.438351712975
588419358.2383639	145359859557.29028	-106842898363.45142	630640723.5093294	19054.639591522282	20387.792020621393	100.9380022283331	3397.051930583788
588520366.510872	147267431253.63123	-104770850146.35608	640866192.7117313	18715.5627052168	20638.39941607428	101.52844733520935	3395.719204765609
588622109.163726	149154126841.71683	-102658487252.5705	651225835.6321189	18371.656961801218	20884.124871650594	102.11408612157251	3394.441108421129
588724609.1553133	151019368132.57584	-100505467420.30258	661722374.8207998	18022.9315958119	21124.886280597384	102.69492653384299	3393.2186254898024
588827888.0616517	152862518758.39835	-98311481028.29633	672358420.4413676	17669.402687636408	21360.594543200026	103.27097470963237	3392.052777880511
588931965.4074246	154682874666.9022	-96076268482.40947	683136396.894961	17311.095819485152	21591.152635609462	103.84223309106142	3390.944619989276
589036859.8381604	156479687409.48135	-93799598258.58147	694058659.6550757	16948.042387766673	21816.458857998954	104.40870884334997	3389.8952100581873
589142587.7836437	158252143427.06934	-91481298543.75899	705127353.0250059	16580.284506011856	22036.40449016345	104.97040852188864	3388.905604904729
589249164.335504	159999382306.83008	-89121241278.12297	716344497.3389596	16207.872258254734	22250.876385295385	105.52734500038946	3387.9768254481887
589356602.8377187	161720492867.44983	-86719353837.79518	727711942.9061658	15830.86535890227	22459.756762044006	106.07953746072785	3387.109827643238
589464914.7854844	163414515072.5186	-84275624126.24054	739231355.8169909	15449.33372682687	22662.92374437185	106.62701321595577	3386.3054577267594
589574110.5147582	165080454240.12582	-81790087566.14249	750904288.5316657	15063.355229435763	22860.25335631474	107.16981354956737	3385.564383652121
589684198.1931078	166717268867.23254	-79262852295.11552	762732070.1362445	14673.01937511066	23051.618347297514	107.7079910410333	3384.88701013142
589795184.8545724	168323890133.95645	-76694077878.51271	774715914.9900345	14278.42375597795	23236.890783635696	108.24161718855491	3384.27333221434
589907075.5738208	169899213270.78107	-74083996271.84721	786856832.7318702	13879.67703242212	23415.941304104752	108.77078085423551	3383.7227231775514
590019873.8533907	171442107364.06265	-71432904903.02704	799155668.6818869	13476.897585185305	23588.64053671468	109.29559273529186	3383.233582605941
590133581.35452	172951415774.75604	-68741174753.87997	811613073.8507168	13070.214459477715	23754.859419473552	109.81618670014981	3382.8027672718545
590248198.1857896	174425964388.0929	-66009245181.04217	824229536.129949	12659.766278520616	23914.470389506827	110.33272374934401	3382.4246736862947
590363722.9320959	175864566078.8581	-63237624508.166046	837005384.0851699	12245.701040086864	24067.348114195458	110.84539470789142	3382.0898981242544
590480152.453205	177266022465.57767	-60426895979.66614	849940765.6682953	11828.176701208242	24213.369923367576	111.35442189553078	3381.7837930954265
590597481.9308212	178629129083.803	-57577717634.61302	863035654.6098794	11407.360834158348	24352.416602551242	111.86006190897649	3381.486237659041
590714748.3354337	179942172341.8559	-54714242691.88165	876182375.540057	10986.859629601571	24483.338060429465	112.3585686815054	3381.1769344176973
590833843.3621861	181225233761.71335	-51790885724.74753	889593545.2978613	10560.045447619203	24608.146489660558	112.85834913729461	3380.8298344469445
590953819.1319767	182466409665.0399	-48831373178.34525	903163709.2909714	10130.477444060354	24725.656515935476	113.35576158409764	3380.4308215262427
591074658.0928466	183664452527.9744	-45836815057.45959	916891488.7876109	9698.380658684555	24835.763292885924	113.85119833000324	3379.968207953468
591196347.2477387	184818200381.6267	-42808244964.104	930776045.1115808	9263.96593638584	24938.37550803974	114.34512387367693	3379.433896792685
591318871.5170534	185926509532.10895	-39746782439.48708	944816336.9281764	8827.45331155161	25033.408952337264	114.83804891900571	3378.8222039500665
591442213.6989218	186988259876.5823	-36653633509.082466	959011119.1159115	8389.071696516003	25120.78721781485	115.33053204856822	3378.12902294074
591566355.7922227	188002371142.87958	-33530056615.136166	973359099.7013437	7949.053705248236	25200.44320814966	115.82318655106354	3377.3512943082974
591691277.383688	188967793551.59067	-30377401881.078236	987858759.4984398	7507.64088793936	25272.318497090986	116.3166752721953	3376.486696114157
591816956.4755808	189883519929.80148	-27197089022.043476	1002508452.287517	7065.080252478157	25336.36445720418	116.81171496922653	3375.5334453232012
591943370.0855551	190748594053.76526	-23990590436.81404	1017306480.8800867	6621.621614732862	25392.542930052878	117.30907939576701	3374.490171704691
592070492.2897464	191562101508.4056	-20759478949.080986	1032250873.8566991	6177.523895214357	25440.825738413077	117.80959202062188	3373.3558574207486
592198296.6014649	192323190513.57626	-17505365399.972313	1047339669.3803	5733.0461748216685	25481.196144288468	118.31413545766344	3372.1297687079696
592326754.7062663	193031067022.3342	-14229928367.456236	1062570773.1520594	5288.451539139855	25513.64854883259	118.82364619413995	3370.811433688986
592455836.3458066	193684998622.46262	-10934914652.31417	1077941949.4360304	4844.006843311449	25538.188816209942	119.3391134207738	3369.400623222963
592585509.9274243	194284321794.29608	-7622121006.847591	1093450898.3885312	4399.979972720023	25554.834666292933	119.86158032352637	3367.8973306138996
592715742.6748728	194828445569.02277	-4293387334.7941456	1109095279.630017	3956.63872478712	25563.615781655706	120.3921431821792	3366.3017592741085
592846499.8388966	195316851313.7701	-950613781.6061649	1124872622.102234	3514.252882329196	25564.573841524107	120.9319461796688	3364.6143252646266
592977745.8257511	195749100324.96332	2404271340.042761	1140780463.7117784	3073.0897622111543	25557.762640495068	121.48218356334942	3362.8356382591332
593109443.580649	196124833649.47125	5769299145.040844	1156816280.9442227	2633.4157258022715	25543.24800995279	122.04409426103305	3360.9665046969358
593241554.2942907	196443774052.01837	9142456147.514996	1172977455.1721966	2195.4965500513144	25521.107854605376	122.6189571752785	3359.0079291685483
593374038.2579954	196705730567.76117	12521709671.313604	1189261378.406709	1759.5940013584295	25491.43195847966	123.20809094873077	3356.961099171162
593506565.3341517	196910215433.74698	15897641637.350111	1205629607.7451947	1326.906873155518	25454.410529766246	123.81151499593574	3354.8321201300187
593638792.02548	197057315362.43365	19260556595.631332	1222041445.106392	898.6385905305897	25410.311799041356	124.42907806868496	3352.6281771969875
593770585.3120393	197147812944.09363	22606185057.090218	1238481843.5482244	475.27732694081624	25359.38913570182	125.0615017468038	3350.35360411342
593901791.128023	197182716135.9084	25929787910.563488	1254932932.572858	57.35736120562069	25301.930214605094	125.70933372455025	3348.013429537994
594032234.5983998	197163293756.31113	29226176987.3441	1271373954.7147703	-354.54496323848616	25238.260265657384	126.37291688273483	3345.613409224689
594161714.8161975	197091111929.9755	32489599288.742874	1287780501.7054648	-759.7981828533957	25168.74786028395	127.05232626475157	3343.1601570863627
594290000.028187	196968079606.65036	35713634645.20657	1304123773.5194259	-1157.7046992032665	25093.811444621508	127.74730000027412	3340.6612791201806
594416819.0711571	196796507259.8541	38891002772.09617	1320369327.172319	-1547.4789564146467	25013.929023601388	128.45714052642413	3338.12559083497
594541852.2033162	196579181321.39517	42013360294.59741	1336475702.3170314	-1928.2250034325261	24929.6497671623	129.18059943985008	3335.5633636965886
594664715.283734	196319467406.13126	45070937945.547165	1352392134.9310207	-2298.8952738470325	24841.611846856187	129.91570807858997	3332.9867270473706
594784938.7512391	196021452113.58386	48052057783.69726	1368055516.13216	-2658.2359962693263	24750.566848179686	130.65955380332494	3330.410210584395
594901931.7872541	195690159363.31824	50942296191.802444	1383385309.8779056	-3004.69153363624	24657.419285146036	131.4079326951659	3327.851647379105
595014923.452341	195331894471.42065	53723099319.4778	1398275278.047549	-3336.2458301152947	24563.29090546668	132.1548041804791	3325.3336523365024
595122852.3045889	194954854273.09796	56369165745.36315	1412578132.645755	-3650.1214248903143	24469.638494923995	132.89132229606213	3322.886366759402
595224127.320417	194570381344.2838	58842740251.79764	1426072604.861917	-3942.120768800698	24378.503394533585	133.60383360840137	3320.553345072615
595315977.6285548	194196216336.1325	61078013904.17809	1438374551.4414244	-4204.819323605649	24293.17603005761	134.26863550759452	3318.4074172351775
595391550.4658809	193870327830.76816	62911205087.034836	1448542720.5167856	-4419.438545091476	24221.096769111235	134.82932445756995	3316.620777257904
595457244.0619045	193573902163.4949	64500280359.93274	1457416439.007991	-4604.879201395946	24157.087108981545	135.3270464281056	3315.0525435463564
595542884.4305367	193169241606.2709	66565464304.97855	1469034193.8404427	-4845.052842650588	24071.781031876988	135.99069998338868	3312.987330120977
595641162.2888459	192679625643.38953	68926273702.21144	1482437347.0371912	-5118.466326258547	23971.334786619052	136.77352406746246	3310.5888733033553
595749217.7143657	192110427519.75177	71510401763.95007	1497264172.5796359	-5416.356455857662	23857.809346883878	137.66128237355724	3307.9174214520353
595865517.9664472	191462013701.84457	74277795464.51979	1513331347.1654696	-5733.776090538389	23732.089517206194	138.64954819665	3305.0028934862958
595989117.6239365	190732659931.37335	77202615431.17886	1530535260.537238	-6067.470205172758	23594.5610568708	139.73844991792066	3301.862055380098
596118928.305395	189922508939.89545	80255838021.08386	1548751414.5352948	-6413.875090119027	23445.886526311308	140.92652598330332	3298.516669997337
596248096.4760987	189072001537.49234	83274519507.47794	1567033504.46664	-6754.430406701937	23293.75673591361	142.15564625626052	3295.1418120559133
596376521.7116987	188183039287.65927	86256096822.00836	1585370915.760907	-7088.9318134891055	23138.471131335966	143.42582951119124	3291.7423078634565
596504144.0203393	187257337373.68567	89199028345.41075	1603758407.7643163	-7417.293560229637	22980.284835640636	144.73731921739096	3288.321960430807
596630901.6928387	186296679483.52393	92101801169.60112	1622190179.111991	-7739.435259235821	22819.455998081798	146.09019468277162	3284.8846228329685
596756731.2881747	185302916947.8733	94962932391.02174	1640659819.4140985	-8055.281750186217	22656.24558978845	147.48436049358943	3281.4341935376815
596881566.1645772	184277979952.30902	97780937550.54239	1659160042.9746768	-8364.759360517928	22490.91915293042	148.91951913576608	3277.9746524419484
597005336.5788382	183223877712.00208	100554335388.89592	1677682644.3582451	-8667.796227357421	22323.746645757234	150.39515917618226	3274.5100554169303
597127969.7793096	182142698272.40143	103281652220.63495	1696218452.321469	-8964.322555892953	22155.00226825029	151.91054383278242	3271.044528867784
597249388.706927	181036620786.8865	105961395444.335	1714757069.8488634	-9254.267527229247	21984.96623032195	153.46468199150618	3267.5823040818764
597369510.7174908	179907929567.4981	108592028659.3015	1733286604.416249	-9537.556454766736	21813.92666194032	155.0562964219525	3264.127752951981
597488247.7938061	178759015272.92975	111171980144.73387	1751793618.3276105	-9814.111571805963	21642.179498580692	156.68380967000343	3260.6853820472247
597605504.8226738	177592394773.70905	113699609346.77814	1770262773.8213365	-10083.848308826606	21470.031163746255	158.34530315581307	3257.259882971584
597721178.1964182	176410729900.28476	116173181782.92435	1788676512.5798972	-10346.672542087834	21297.800943976592	160.03847693732754	3253.8561752005357
597835154.4040478	175216847785.35938	118590844840.92126	1807014719.2144346	-10602.477982531671	21125.823492617084	161.76060614618154	3250.479450607542
597947306.7617112	174013782676.3619	120950565624.76746	1825254066.4644167	-10851.139608713807	20954.454287329634	163.5084649786513	3247.1352748342424
598057494.2717433	172804797877.80862	123250115863.04958	1843367679.2489707	-11092.51214972087	20784.07204992511	165.2782773494639	3243.829627593632
598165556.3130479	171593455126.30695	125486971337.22285	1861324092.830865	-11326.41963472686	20615.087724063662	167.06559607699734	3240.569069402509
598271308.154755	170383680098.81934	127658232575.37097	1879086297.9354172	-11552.647327763563	20447.95254206212	168.865183465702	3237.360887464193
598374533.7630383	169179863406.41525	129760493811.33041	1896610283.3138542	-11770.928392179587	20283.170670841348	170.67083445413365	3234.2133268882103
598474975.250205	167987007962.63788	131789649614.8819	1913842934.3016276	-11980.924281676715	20121.317700162745	172.47512310956222	3231.135929273526
598572317.4331888	166810944651.1195	133740611376.17487	1930718986.3378646	-12182.196079898877	19963.067687180897	174.26903550102548	3228.1400279660106
598666162.7314553	165658679561.43854	135606842870.13707	1947156147.6087682	-12374.157574455607	19809.236878974523	176.04138652875767	3225.2395503163675
598755990.1125036	164538960364.91443	137379598596.50279	1963047181.3109164	-12555.998381402338	19660.85509944061	177.77787537411027	3222.4523278495026
598841075.961483	163463355742.58423	139046443927.54883	1978244841.509767	-12726.5344246609	19519.302520192625	179.4593046968695	3219.802612054526
598920327.1385435	162448518132.09793	140588118521.52844	1992530338.9193535	-12883.89086898551	19386.597250026185	181.05787269001033	3217.326370426006
598991834.5249542	161522185266.7492	141970101295.95847	2005529701.037555	-13024.648503152457	19266.161233562256	182.5274068489755	3215.085414605974
599024027.2527088	161101871733.85034	142589455753.9172	2011416527.7033446	-13087.640515058489	19211.7279864422	183.19748022866642	3214.0744982347055
599069931.0211612	160499045615.80624	143469560849.59314	2019848081.3319306	-13177.057343460803	19133.88568216478	184.16211992383535	3212.6308690370693
599125628.92394	159762104153.76685	144532639765.76364	2030138452.7912104	-13284.91687006186	19039.08246516589	185.3471577855518	3210.8758523410384
599193540.9492315	158855458968.66772	145821683026.90085	2042775421.047977	-13415.490130888144	18922.974327986078	186.8138642991481	3208.73103772082
599269735.4142624	157827730103.47632	147258525219.51477	2057073197.7431805	-13560.7653319137	18792.042893661328	188.4882212070106	3206.318283411891
599352336.8642162	156701136354.42197	148804886352.20627	2072718749.1758962	-13716.803674188088	18649.324586837844	190.33809182584636	3203.695168190166
599440243.1295658	155488104642.30405	150437571310.22025	2089538647.5084105	-13881.212954277025	18496.57047188695	192.34687049297563	3200.895183744002
599532724.0530375	154196429266.4424	152140683809.92413	2107426513.0124052	-14052.353360268733	18334.919300088623	194.50532665642663	3197.9402785587504
599629258.612798	152831348404.85016	153902452036.93994	2126313746.3122785	-14229.013153945796	18165.169414915395	196.80833528121045	3194.845933941469
599729455.4074728	151396549240.18808	155713672397.829	2146155332.484992	-14410.24941323745	17987.910821312333	199.25329922677966	3191.623632582724
599833008.9599802	149894715675.04456	157566850980.63037	2166922092.205966	-14595.300030298155	17803.59736363841	201.83929114493702	3188.2822083480587
599939674.3914834	148327841392.17404	159455702641.34528	2188596243.434552	-14783.532239197233	17612.588189096106	204.56656495369603	3184.828622075683
600049250.8786691	146697433098.71295	161374823128.7849	2211168520.7041273	-14974.408880853707	17415.174678440504	207.43623760965065	3181.268464153138
600161570.6355406	145004644572.54874	163319469899.96808	2234636276.144968	-15167.465806368622	17211.5982285445	210.45007828681187	3177.6062849946034
600276492.2431428	143250353818.3761	165285426143.74756	2259002384.7587705	-15362.29775793379	17002.060688204947	213.61038926318076	3173.8457885042485
600393894.4089454	141435239381.76483	167268877352.07693	2284274172.8788037	-15558.545639098811	16786.734364942073	216.91988211311516	3169.990014455604
600513672.0941836	139559825327.27908	169266332877.38437	2310462788.552829	-15755.88835735238	16565.768007581013	220.3816045767282	3166.04144580942
600635734.3825737	137624502043.26154	171274579341.3555	2337582915.365303	-15954.037889768158	16339.289766490047	223.99890851045564	3162.0020600099824
600760001.0397176	135629570011.7554	173290614455.48334	2365652169.8284216	-16152.7324720999	16107.412719734844	227.77537244396788	3157.873424448914
600886401.9278708	133575240457.57977	175311629817.71338	2394691105.607061	-16351.734667865574	15870.23523055635	231.71480188795556	3153.656698263934
601014874.5771171	131461666813.94402	177334964825.75333	2424722788.000399	-16550.82662204771	15627.844820718103	235.82116982253126	3149.3526956481896
601145363.6837158	129288946510.02641	179358092987.60724	2455772787.8876386	-16749.808534722608	15380.318523184715	240.09861151798404	3144.9618854495066
601277820.2037698	127057129990.98077	181378602226.8681	2487869077.15444	-16948.496562183194	15127.724035724083	244.55140462939713	3140.4844042119557
601412199.7300977	124766242939.95418	183394165337.80743	2521041733.653145	-17146.7197664812	14870.122305321944	249.18392093565035	3135.9200937908868
601548462.9937468	122416273451.67331	185402543519.3797	2555323150.555618	-17344.320329644557	14607.566103942105	254.0006465419274	3131.2684672909004
601686574.5652657	120007190094.15683	187401562902.1187	2590747802.233121	-17541.15112092809	14340.102069215563	259.00613924719585	3126.5287359251943
601826503.2815237	117538930831.64236	189389117052.65503	2627352435.1677217	-17737.075827626984	14067.76945457546	264.2050442164367	3121.699777143137
601968220.2298211	115011435203.0867	191363134761.09274	2665175620.453655	-17931.965669976504	13790.603644172395	269.6020180302245	3116.7801869426244
602111699.9252373	112424620947.4213	193321594025.3165	2704258125.313313	-18125.700668492813	13508.633492675695	275.20176752590817	3111.76822258906
602256919.0637653	109778403644.97093	195262501753.23843	2744642646.4988437	-18318.16753213002	13221.883396620333	281.0089969700308	3106.661829232284
602403856.9986681	107072685900.4312	197183897639.456	2786373999.1743298	-18509.25993312966	12930.372009643981	287.0284191167105	3101.4586070404944
602551308.3325188	104329557195.37384	199068847723.9116	2829150991.0448627	-18697.37787023887	12636.483989027638	293.2143415215921	3096.1983193730885
602697225.6349913	101587920098.58493	200891430449.15295	2872391404.694835	-18879.996409225416	12344.335615448732	299.4796396670164	3090.9522174965405
602841523.0036732	98850762906.66039	202651764876.64453	2916061014.7849402	-19057.16930545561	12054.159599914325	305.81613113597695	3085.7224433640035
602984116.2085699	96121053665.86526	204350088859.16672	2960122931.620116	-19228.954924501202	11766.18412534804	312.21529195336643	3080.5112004856073
603124910.7836782	93401966979.96982	205986617168.68378	3004533824.2849526	-19395.401760132947	11480.657166773886	318.66773393990206	3075.321216074073
603263801.633428	90696897391.72508	207561548679.57138	3049243438.990492	-19556.548776298237	11197.847910561915	325.1631609072099	3070.1557956242455
603400671.1481966	88009501829.14442	209075057327.3026	3094193616.5992837	-19712.42405419751	10918.05122380775	331.6902550123974	3065.0189350811766
603535385.8587579	85343772063.4134	210527269920.96588	3139316755.2985296	-19863.04198699833	10641.59519282787	338.2364858715974	3059.915492813478
603667794.2953808	82704085130.37355	211918260983.5011	3184534575.173715	-20008.402102701235	10368.846300916135	344.787967629537	3054.8513225790152
603797722.9843138	80095291972.98221	213248030942.46875	3229756169.088806	-20148.48603201916	10100.218522656462	351.3292173341561	3049.833483334415
603924970.4169937	77522849166.8975	214516469082.77704	3274875205.767103	-20283.25266318184	9836.18676317158	357.8427968228384	3044.870536869441
604049300.2808162	74992968802.53928	215723316587.21762	3319766677.3364043	-20412.633014376417	9577.302038071663	364.30889688542703	3039.9728873001272
604170430.6591519	72512854068.58685	216868099182.1659	3364281960.801706	-20536.52148709523	9324.215291988763	370.7046887042675	3035.153295322487
604288018.2699635	70091042256.25203	217950026432.58472	3408241698.729757	-20654.762939004286	9077.71196521751	377.0033763916621	3030.427614516356
604401634.852839	67737917705.47136	218967837976.15036	3451425234.5484796	-20767.133118619568	8838.763562685486	383.17277632523087	3025.815878783277
604510725.7033601	65466607093.25833	219919519193.67084	3493552477.7887793	-20873.303358514786	8608.617601978873	389.17284596068936	3021.3441696057084
604614538.7092589	63294510161.35582	220801809091.8487	3534253050.402327	-20972.77978252757	8388.951200325424	394.95145242649875	3017.047786264607
604711978.181187	61246440779.923996	221609155146.50952	3573003630.593276	-21064.776024891726	8182.186246252557	400.43571544561416	3012.977693544624
604801253.0568308	59362166693.59451	222331143933.27173	3608978679.634739	-21147.903409685594	7992.246023731401	405.51127676239975	3009.2159045467442
604849412.7335612	58342620438.63725	222713576353.45392	3628574328.660422	-21192.288078892616	7889.582196284311	408.2693118135221	3007.1733128508545
604914991.3522953	56950891377.92398	223226374433.76117	3655471802.1944957	-21252.211255402875	7749.559356536287	412.0472634247717	3004.3766925193145
604977363.0644196	55623591559.057724	223705568174.20087	3681284573.3192625	-21308.654697293932	7616.140494909523	415.66421258712927	3001.700268901664
605055972.6700388	53945754892.08183	224297649874.6306	3714139994.306789	-21379.032351195867	7447.647322067245	420.25547821247994	2998.3036446951005
605145114.3781909	52036471874.21358	224953012896.37622	3751835941.329489	-21457.817043108684	7256.117633732083	425.5055063121335	2994.419713141896
605242239.0586599	49948269090.4863	225647604342.0246	3793442906.802681	-21542.425487325196	7046.872442373722	431.2777950805312	2990.1480936488574
