573319221.2273525	-141584065527.568	45684190946.16826	-21033367.71882826	-9932.994316409311	-28939.53050481743	0.9006915533942343	4000.0
573319222.2273525	-141584075460.55948	45684162006.63673	-21033366.81813618	-9932.988590230792	-28939.532590224637	0.9006926105033117	3999.999966696059
573319226.2273525	-141584115192.46786	45684046248.489685	-21033363.215357274	-9932.965685512356	-28939.54093184178	0.9006968389473535	3999.9998334802553
573319242.2273525	-141584274119.186	45683583215.56787	-21033348.804072555	-9932.874066568873	-28939.57429812402	0.9007137528472763	3999.999300616425
573319306.2273525	-141584909811.399	45681731078.54198	-21033291.15622734	-9932.50758967937	-28939.707760270394	0.9007814104270149	3999.99716915123
573319562.2273525	-141587452345.70413	45674322445.02723	-21033060.521542612	-9931.041664273413	-28940.241561134604	0.9010520724278557	3999.9886431324744
573320586.2273525	-141597618730.04587	45644686544.731094	-21032137.289714314	-9925.177677157157	-28942.376001022283	0.9021352274117651	3999.954536529582
573324682.2273525	-141638224213.17447	45526121105.649994	-21028433.258429177	-9901.717165592638	-28950.901541618496	0.9064759635375746	3999.818069657623
573341066.2273525	-141799684756.026	45051511344.91845	-21013438.53750776	-9807.802415762735	-28984.80808287305	0.9239690547886112	3999.271553881629
573406602.2273525	-142430111721.66626	43147594118.20642	-20950542.059578102	-9430.999788139037	-29117.296868898396	0.9960420810590869	3997.0750605238777
573668746.2273525	-144703176168.9432	35450066784.845985	-20648330.331930883	-7906.758125797921	-29596.60408173719	1.3190908739391687	3988.1188569750734
574527170.2846452	-149300002175.67154	9554908054.591541	-18926997.75086317	-2774.8101415926985	-30585.233067050118	2.806788293216349	3956.7983807305086
575430872.9869391	-149326289734.87772	-18187686709.13046	-15384421.731041862	2715.3465074714404	-30643.78808428794	5.180259404746213	3920.473314989261
575937427.4367278	-147177929638.6184	-33620595141.772957	-12335046.30516406	5758.3164930061375	-30237.085328838217	6.90862079138593	3898.6775278262944
576465545.5076779	-143314432449.72382	-49405423337.468346	-8141027.470302466	8857.242089788653	-29485.81846057203	9.029000288793432	3874.9581656719242
576980213.7639056	-138001159987.9432	-64325685529.532906	-2894162.7338998183	11769.559445935567	-28444.74144326914	11.41256277890789	3850.974021030873
577322387.2685456	-133653639536.00836	-73916358373.11417	1307705.0702312319	13630.605905112247	-27591.832297906374	13.17019722971444	3834.615640354026
577728645.2567782	-127682419490.72229	-84893691947.34657	7111576.822799557	15747.801600754095	-26421.643910156257	15.433845441977315	3814.8303413118083
578244907.2924298	-118892176797.38411	-98101555198.90353	15878883.478808947	18272.84227788446	-24704.45356197427	18.580126152818536	3789.2277961270397
578916972.9329463	-105592086458.38562	-113857520157.09123	29860315.26591935	21243.740569457284	-22122.67421369967	23.105412015311003	3755.370187149465
579914536.4938422	-82495783562.46355	-133769749772.52223	56586824.47386213	24904.567072247562	-17694.627125967476	30.626931238568762	3704.7339282604958
580797185.290848	-59387245509.26174	-147490679221.64597	86809957.9352423	27324.615771507015	-13342.2332810685	37.94589542561121	3660.4006898920534
581620168.9347236	-36221461162.211525	-156720620698.46866	120994573.00848648	28854.68849759281	-9064.18601451581	45.182758301818694	3620.20583113613
582460281.3152332	-11577786969.153109	-162467660705.02863	162150469.1176301	29692.201550692	-4614.28924590852	52.823442041213426	3580.9685835553564
583343434.4065652	14753158469.71611	-164489975375.77365	212389906.03678742	29810.782619940135	15.028656606099048	60.949713778952756	3542.330591046753
584217978.883364	40611611625.54113	-162532472150.40973	269184829.1407006	29211.868598257275	4422.524374052335	68.90398970032678	3507.30186998103
585079732.8827022	65302935910.518036	-156946738481.55707	331850713.08878493	27996.187272642368	8487.481448535847	76.47652855269864	3476.4305306947763
585947784.7938399	88874281878.19281	-147930717340.38602	401399681.4079863	26229.331228893938	12218.944667850992	83.68297416036549	3449.394812705508
586844078.6630074	111386381413.34613	-135417107248.117	479528237.8569178	23933.18586520432	15623.949943237883	90.54708466173447	3426.081057884937
587807579.6667659	133086725848.58002	-118820421486.86992	570025460.5283866	21050.448307897925	18728.00340140376	97.16668525496975	3406.48772094724
588986118.5392929	155615258222.00726	-94903858031.22565	688767743.6936481	17123.898063433975	21708.353814767936	104.13583690651164	3390.3944120606143
590096792.46165	172468155368.86597	-69614118769.35565	807576141.0323657	13201.85540074459	23701.942296137306	109.64866018102211	3382.935512302508
591081366.042471	183729428344.02423	-45670198130.95749	917655292.6484572	9674.41385596501	24841.63487371793	113.87854939308698	3379.937334195408
592071415.5107558	191567803180.9313	-20735991052.43425	1032359643.4358987	6174.305717577188	25441.146598624513	117.81323001740523	3373.343995222962
593141049.7333081	196206404989.44916	6576551555.589799	1160675782.911366	2528.3584309009466	25538.636453575513	122.18055227503964	3360.5022018436207
594364131.6456337	196873788065.58606	37572186992.642235	1313609114.6863234	-1385.9820900729483	25047.808631690878	128.1593872437067	3339.1835715074494
595563845.7290696	193067069251.60858	67069818853.06531	1471886462.9671164	-4903.565878191387	24050.584390890548	136.15573756935595	3312.475051834821
596616354.9205236	186408995484.1595	91769716828.00171	1620066185.1217356	-7702.668452072232	22838.0974612875	145.93233894874618	3285.2778550166595
597610572.5828848	177541262327.08145	113808396055.38345	1771065411.1140344	-10095.430911142768	21462.535125418282	158.41834658075447	3257.1080655718524
598566914.5500351	166876732926.35696	133632730130.63731	1929777698.0151155	-12171.082481353633	19971.88646389107	174.16828420654954	3228.303481222131
599485618.5843393	154856325435.5257	151275066418.36557	2098290320.4802973	-13965.415542606828	18417.37688243994	193.4000928893378	3199.443396380805
600356487.526335	142016072258.972	166639652387.2093	2276179784.0012093	-15496.321213781255	16855.478716127793	215.85646691425802	3171.2169832112445
601156503.3502709	129102264465.05594	179529307103.46634	2458449458.5285525	-16766.645641888135	15359.126443161333	240.4687783632909	3144.5830405257775
601823899.696281	117585105097.68999	189352484264.5241	2626664672.8619885	-17733.462274966696	14072.848721495044	264.10713307205765	3121.7868143156015
602450085.685762	106215652401.37267	197779526294.91138	2799687346.2028756	-18568.628642804037	12838.377953518077	288.9521207112824	3099.810659188523
603208925.2492484	91768353971.63223	206943981163.42447	3031470582.309356	-19493.238432205395	11309.722102753212	322.5813516083499	3072.199220100483
604041514.4326956	75151866014.69028	215648686179.14948	3316931800.3220425	-20404.597147592143	9593.540268011315	363.9010320792249	3040.27804711342
604915621.8970327	56937489516.67216	223231260571.86743	3655731615.51003	-21252.784586220532	7748.211621353756	412.08371281802556	3004.346764372445
605806402.3536355	37661277841.535675	229277947405.49365	4046421898.5182304	-22008.72393478386	5819.52343293292	465.8376298861838	2964.4594206651254
