573319221.2273525	585162266.5060842	148771950837.92908	207055437776.99603	0.0002449500569230677
573376821.2273525	577303978.249249	148804912445.047	206068646248.37408	0.00024671191156401496
573434421.2273525	570832005.7516189	148838541422.81778	205081659329.04846	0.00024849399746592287
573492021.2273525	565908916.856679	148872839783.868	204094508846.35577	0.00025029524158250106
573549621.2273525	562690329.3404471	148907809510.3151	203107226690.32983	0.00025211458245809625
573607221.2273525	561320172.1566477	148943452553.71854	202119844810.3483	0.00025395097083091606
573664821.2273525	561925978.532442	148979770835.03268	201132395213.99765	0.0002558033701611998
573722421.2273525	564614615.3352337	149016766244.5607	200144909963.28854	0.00025767075708896795
573780021.2273525	569468871.7676197	149054440641.90936	199157421173.8942	0.0002595521218259519
573837621.2273525	576545273.3563628	149092795855.9455	198169961010.91055	0.0002614464684862143
573895221.2273525	585873355.0868276	149131833684.75342	197182561688.45688	0.0002633528153598674
573952821.2273525	597456444.6120045	149171555895.5935	196195255465.3897	0.0002652701951341639
574010421.2273525	611273813.8871855	149211964224.86227	195208074644.6023	0.00026719765506608785
574068021.2273525	627283899.0874901	149253060378.0534	194221051569.1023	0.0002691342571104256
574125621.2273525	645428195.5128914	149294846029.7202	193234218620.9426	0.00027107907800708085
574183221.2273525	665635416.2468282	149337322823.43896	192247608217.7505	0.000273031209331262
574240821.2273525	687825549.7805463	149380492371.77377	191261252811.1436	0.0002749897575099688
574298421.2273525	711913538.9780294	149424356256.24274	190275184883.71844	0.0002769538438080034
574356021.2273525	737812405.3760694	149468916027.28503	189289436946.9832	0.00027892260428653625
574413621.2273525	765435737.8099123	149514173204.2293	188304041538.92926	0.00028089518973711927
574471221.2273525	794699540.3408817	149560129275.26346	187319031221.18915	0.0002828707655937974
574528821.2273525	825523487.3121744	149606785697.40552	186334438577.40332	0.00028484851182580443
574586421.2273525	857831664.6958619	149654143896.47604	185350296209.72955	0.0002868276228131876
574644021.2273525	891552891.1763836	149702205267.07068	184366636737.7638	0.0002888073072074827
574701621.2273525	926620714.6487619	149750971172.53592	183383492794.61234	0.00029078678777943675
574759221.2273525	962973174.264338	149800442944.94397	182400897025.96713	0.0002927653012556175
574816821.2273525	1000552408.0177811	149850621885.0704	181418882086.2688	0.0002947420981455847
574874421.2273525	1039304173.3080693	149901509262.37207	180437480637.72894	0.00029671644256117286
574932021.2273525	1079177334.5330617	149953106314.96695	179456725346.3521	0.00029868761202927606
574989621.2273525	1120123358.8345327	150005414249.6148	178476648881.18326	0.00030065489729946636
575047221.2273525	1162095849.6692858	150058434241.69907	177497283910.16235	0.00030261760214756107
575104821.2273525	1205050138.6906707	150112167435.2103	176518663099.3197	0.0003045750431762427
575162421.2273525	1248942949.822161	150166614942.73065	175540819108.97617	0.0003065265496136478
575220021.2273525	1293732145.165913	150221777845.4194	174563784592.29718	0.0003084714631108458
575277621.2273525	1339376559.7516026	150277657193.00024	173587592192.32764	0.0003104091375388943
575335221.2273525	1385835929.917468	150334254003.74933	172612274539.87936	0.0003123389387862503
575392821.2273525	1433070917.0642533	150391569264.48462	171637864251.08823	0.00031426024455709193
575450421.2273525	1481043223.6157873	150449603930.55676	170664393924.90164	0.0003161724441711127
575508021.2273525	1529715790.953787	150508358925.84094	169691896140.93332	0.00031807493836526196
575565621.2273525	1579053060.5103643	150567835142.7302	168720403456.71683	0.0003199671390978909
575623221.2273525	1629021270.7911859	150628033442.12982	167749948406.0197	0.00032184846935557704
575680821.2273525	1679588757.1224353	150688954653.4529	166780563495.44147	0.0003237183629630559
575738421.2273525	1730726219.5274491	150750599574.61725	165812281203.4536	0.000325576264396428
575796021.2273525	1782406928.4394577	150812968972.04373	164845133976.45462	0.0003274216285999607
575853621.2273525	1834606847.454496	150876063580.65576	163879154228.11276	0.00032925392080656457
575911221.2273525	1887304664.980309	150939884103.87964	162914374335.50992	0.0003310726163622422
575968821.2273525	1940481739.5593097	151004431213.64667	161950826638.26367	0.0003328772005544785
576026421.2273525	1994121974.128808	151069705550.3963	160988543435.02402	0.0003346671684447952
576084021.2273525	2048211640.8559828	151135707723.0805	160027556982.45807	0.0003364420247054808
576141621.2273525	2102739180.0769506	151202438309.16943	159067899491.67755	0.00033820128346054697
576199221.2273525	2157694995.0356464	151269897854.6583	158109603127.39932	0.00033994446813094493
576256821.2273525	2213071259.8803587	151338086874.07553	157152700004.49854	0.0003416711112840772
576314421.2273525	2268861753.094494	151407005850.4921	156197222186.8408	0.0003433807544875447
576372021.2273525	2325061723.2655	151476655235.53226	155243201684.41705	0.00034507294816717334
576429621.2273525	2381667789.429405	151547035449.38538	154290670451.516	0.0003467472514692233
576487221.2273525	2438677874.357212	151618146880.81912	153339660384.64822	0.0003484032321267933
576544821.2273525	2496091165.9996223	151689989887.19357	152390203320.13705	0.00035004046633033327
576602421.2273525	2553908099.6448064	151762564794.47717	151442331032.5039	0.0003516585386021899
576660021.2273525	2612130350.949021	151835871897.2635	150496075231.8856	0.0003532570416751774
576717621.2273525	2670760827.7313023	151909911458.7891	149551467562.66928	0.000354835576375012
576775221.2273525	2729803646.318101	151984683710.95322	148608539600.75436	0.00035639375150660894
576832821.2273525	2789264076.5459576	152060188854.33807	147667322852.441	0.00035793118374409917
576890421.2273525	2849148438.8173246	152136427058.2311	146727848751.38943	0.00035944749752450433
576948021.2273525	2909463937.580193	152213398460.64767	145790148658.02838	0.000360942324944971
577005621.2273525	2970218419.112493	152291103168.3552	144854253856.18094	0.0003624153056634845
577063221.2273525	3031420048.1269355	152369541256.89932	143920195552.6549	0.0003638660868029152
577120821.2273525	3093076907.513196	152448712770.63037	142988004874.0532	0.0003652943228583721
577178421.2273525	3155196537.584474	152528617722.7314	142057712866.1649	0.00036669967560772727
577236021.2273525	3217785443.4672213	152609256095.24734	141129350491.10587	0.00036808181402517206
577293621.2273525	3280848608.976181	152690627839.11575	140202948626.57587	0.00036944041419781376
577351221.2273525	3344389059.649198	152772732874.19855	139278538063.19705	0.0003707751592450874
577408821.2273525	3408407514.8617845	152855571089.31467	138356149503.7902	0.00037208573924098735
577466421.2273525	3472902159.295034	152939142342.27502	137435813560.86148	0.0003733718511389629
577524021.2273525	3537868549.7154217	153023446459.91696	136517560755.58353	0.00037463319869939177
577581621.2273525	3603299657.563203	153108483238.1416	135601421515.9436	0.0003758694924195632
577639221.2273525	3669186034.7205515	153194252441.95187	134687426175.06808	0.0003770804494660305
577696821.2273525	3735516081.370951	153280753805.49112	133775604970.2204	0.00037826579360929425
577754421.2273525	3802276391.6088758	153367987032.08398	132865988040.44548	0.0003794252551606775
577812021.2273525	3869452153.4009933	153455951794.27756	131958605426.21411	0.0003805585709113358
577869621.2273525	3937027582.7551455	153544647733.88464	131053487066.88684	0.00038166548407329404
577927221.2273525	4004986375.5800962	153634074462.02756	130150662800.42181	0.0003827457442224456
577984821.2273525	4073312163.3281875	153724231559.18347	129250162360.95616	0.000383799107243401
578042421.2273525	4141988959.5710387	153815118575.23108	128352015378.77325	0.0003848253352761506
578100021.2273525	4211001584.441092	153906735029.49786	127456251377.54982	0.0003858241966644028
578157621.2273525	4280336053.2383523	153999080410.80963	126562899774.90482	0.0003867954659055748
578215221.2273525	4349979915.510961	154092154177.5403	125671989879.32625	0.0003877389236023181
578272821.2273525	4419922532.438523	154185955757.6634	124783550890.80086	0.0003886543564155412
578330421.2273525	4490155283.752368	154280484548.80457	123897611898.1754	0.00038954155701881814
578388021.2273525	4560671700.469835	154375739918.2956	123014201879.38869	0.00039040032405416295
578445621.2273525	4631467525.622142	154471721203.22906	122133349699.39764	0.0003912304620890649
578503221.2273525	4702540710.882998	154568427710.51492	121255084110.05104	0.0003920317815747063
578560821.2273525	4773891361.568597	154665858716.93793	120379433748.52965	0.000392804098805363
578618421.2273525	4845521645.247116	154764013469.21594	119506427136.91058	0.0003935472358788544
578676021.2273525	4917435679.951786	154862891184.0601	118636092681.06026	0.0003942610206580403
578733621.2273525	4989639416.95782	154962491048.2358	117768458669.84761	0.0003949452867332406
578791221.2273525	5062140530.707272	155062812218.62488	116903553274.82654	0.00039559987338561373
578848821.2273525	5134948325.284566	155163853822.28906	116041404548.57552	0.00039622462555136454
578906421.2273525	5208073663.308698	155265614956.5348	115182040425.34265	0.0003968193937867284
578964021.2273525	5281528919.505036	155368094688.97873	114325488718.87657	0.0003973840342337594
579021621.2273525	5355327957.657456	155471292057.61514	113471777123.40698	0.0003979184085867743
579079221.2273525	5429486126.086396	155575206070.88385	112620933211.63503	0.00039842238405947986
579136821.2273525	5504020263.137096	155679835707.73987	111772984435.64703	0.0003988958333526956
579194421.2273525	5578948700.310611	155785179917.7238	110927958125.04092	0.00039933863462264334
579252021.2273525	5654291246.690744	155891237621.03372	110085881488.08011	0.0003997506714497755
579309621.2273525	5730069134.554445	155998007708.5982	109246781609.69968	0.00040013183280806553
579367221.2273525	5806304903.258391	156105489042.15036	108410685452.81322	0.0004004820130347517
579424821.2273525	5883022197.92298	156213680454.30304	107577619856.55945	0.00040080111180049687
579482421.2273525	5960245462.705589	156322580748.6256	106747611537.35324	0.0004010890340798969
579540021.2273525	6037999517.206004	156432188699.72147	105920687087.7916	0.0004013456901223467
579597621.2273525	6116309019.637605	156542503053.3068	105096872976.97148	0.0004015709954231874
579655221.2273525	6195197840.970569	156653522526.29074	104276195550.32439	0.00040176487069515176
579712821.2273525	6274688396.910191	156765245806.85645	103458681029.32867	0.00040192724184000386
579770421.2273525	6354801003.529078	156877671554.54327	102644355512.01042	0.000402058039920435
579828021.2273525	6435553330.976845	156990798400.33057	101833244972.27582	0.0004021572011321156
579885621.2273525	6516960023.167212	157104624946.7221	101025375260.90425	0.00040222466677589076
579943221.2273525	6599032529.4886875	157219149767.83203	100220772104.59003	0.00040226038323013533
580000821.2273525	6681779162.607619	157334371409.47147	99419461107.46132	0.0004022643019231753
580058421.2273525	6765205363.17723	157450288389.23706	98621467749.63469	0.0004022363793058248
580116021.2273525	6849314126.514492	157566899196.59995	97826817389.3246	0.00040217657682393537
580173621.2273525	6934106533.352999	157684202292.99612	97035535261.27293	0.0004020848608910256
580231221.2273525	7019582327.03163	157802196111.91812	96247646478.79575	0.00040196120286088537
580288821.2273525	7105740489.432331	157920879059.0076	95463176032.56563	0.00040180557900019705
580346421.2273525	7192579782.502146	158040249512.149	94682148792.38318	0.0004016179704611284
580404021.2273525	7280099236.642385	158160305821.56448	93904589506.42975	0.0004013983632538639
580461621.2273525	7368298578.677152	158281046309.91055	93130522802.80635	0.000401146748219113
580519221.2273525	7457178599.420765	158402469272.37415	92359973189.05078	0.000400863121000502
580576821.2273525	7546741464.338787	158524572976.7721	91592965053.55908	0.0004005474820168877
580634421.2273525	7636990971.472392	158647355663.6496	90829522665.48378	0.0004001998364345976
580692021.2273525	7727932759.957818	158770815546.38135	90069670175.69527	0.00039982019413949463
580749621.2273525	7819574471.224869	158894950811.27277	89313431617.32643	0.00039940856970894465
580807221.2273525	7911925864.144928	159019759617.6633	88560830906.05939	0.0003989649823836484
580864821.2273525	8004998885.416518	159145240098.02963	87811891841.52507	0.0003984894560392827
580922421.2273525	8098807697.407641	159271390358.09122	87066638106.96146	0.00039798201915799904
580980021.2273525	8193368667.268547	159398208476.9157	86325093270.96745	0.00039744270479975113
581037621.2273525	8288700323.003005	159525692507.027	85587280787.08192	0.00039687155057342244
581095221.2273525	8384823283.876338	159653840474.51257	84853223995.6321	0.000396268598607767
581152821.2273525	8481760173.688004	159782650379.13336	84122946123.214	0.0003956338955221382
581210421.2273525	8579535525.7957115	159912120194.43408	83396470284.79129	0.00039496749239702287
581268021.2273525	8678175688.279795	160042247867.85468	82673819482.85529	0.00039426944474435635
581325621.2273525	8777708736.317373	160173031320.84296	81955016609.7859	0.00039353981247761333
581383221.2273525	8878164396.820765	160304468448.9682	81240084446.90454	0.00039277865988165603
581440821.2273525	8979573987.792622	160436557122.03607	80529045666.5345	0.00039198605558238633
581498421.2273525	9081970371.751316	160569295184.20413	79821922831.58905	0.0003911620725161209
581556021.2273525	9185387918.994242	160702680454.09903	79118738397.05066	0.0003903067878987527
581613621.2273525	9289862472.392485	160836710724.9341	78419514709.94438	0.0003894202831946659
581671221.2273525	9395431300.85842	160971383764.62866	77724274010.39198	0.0003885026440853848
581728821.2273525	9502133023.792652	161106697315.9279	77033038431.8119	0.00038755396043799726
581786421.2273525	9610007484.198711	161242649096.52386	76345830001.71059	0.00038657432627332464
581844021.2273525	9719095544.790115	161379236799.17798	75662670642.17874	0.0003855638397338127
581901621.2273525	9829438780.988092	161516458091.8438	74983582170.00592	0.0003845226030512111
581959221.2273525	9941079049.476965	161654310617.79144	74308586297.73839	0.00038345072251396096
582016821.2273525	10054057923.256554	161792791995.73288	73637704633.04648	0.00038234830843436547
582074421.2273525	10168416005.167652	161931899819.94797	72970958680.1601	0.000381215475115476
582132021.2273525	10284192160.289978	162071631660.4123	72308369838.7563	0.00038005234081774694
582189621.2273525	10401422738.054745	162211985062.9249	71649959405.29408	0.00037885902772542916
582247221.2273525	10520140878.14884	162352957549.23798	70995748571.84164	0.00037763566191271905
582304821.2273525	10640375999.893589	162494546617.18732	70345758427.22153	0.00037638237330967633
582362421.2273525	10762153556.107224	162636749740.8234	69700009955.48337	0.0003750992956678658
582420021.2273525	10885495091.240005	162779564370.54395	69058524036.91435	0.00037378656652579
582477621.2273525	11010418590.966642	162922987933.2275	68421321446.25369	0.0003724443271740627
582535221.2273525	11136939062.573355	163067017832.36752	67788422853.41519	0.00037107272262037425
582592821.2273525	11265069256.155422	163211651448.2079	67159848821.542984	0.0003696719015541944
582650421.2273525	11394820431.346218	163356886137.87927	66535619807.04704	0.00036824201631128253
582708021.2273525	11526203089.413914	163502719235.53677	65915756157.79782	0.0003667832228379708
582765621.2273525	11659227616.925138	163649148052.49756	65300278112.33186	0.0003652956806552164
582823221.2273525	11793904815.108582	163796169877.38107	64689205798.01362	0.00036377955282246164
582880821.2273525	11930246311.80567	163943781976.24875	64082559229.44884	0.00036223500590130985
582938421.2273525	12068264867.68808	164091981592.74548	63480358306.66944	0.0003606622099189623
582996021.2273525	12207974595.47575	164240765948.2418	62882622812.66031	0.00035906133833151323
583053621.2273525	12349391112.093943	164390132241.97714	62289372411.441635	0.00035743256798702924
583111221.2273525	12492531641.300903	164540077651.20407	61700626644.49801	0.00035577607908849663
583168821.2273525	12637415080.24843	164690599331.33316	61116404929.028984	0.0003540920551565612
583226421.2273525	12784062039.102345	164841694416.07916	60536726553.19312	0.000352380682992135
583284021.2273525	12932494859.105106	164993360017.60828	59961610674.032455	0.00035064215263887503
583341621.2273525	13082737611.7448	165145593226.68558	59391076311.9858	0.00034887665734550005
583399221.2273525	13234816080.131853	165298391112.82413	58825142348.02217	0.0003470843935279829
583456821.2273525	13388757723.188625	165451750724.43506	58263827517.57925	0.0003452655607316441
583514421.2273525	13544591623.600594	165605669088.9778	57707150406.814644	0.00034342036159315173
583572021.2273525	13702348421.339582	165760143213.1121	57155129445.72188	0.0003415490018023838
583629621.2273525	13862060235.60653	165915170082.85037	56607782903.62756	0.00033965169006426924
583687221.2273525	14023760578.914246	166070746663.71133	56065128881.57063	0.00033772863806052686
583744821.2273525	14187484267.472513	166226869900.87427	55527185306.53158	0.00033578006041135445
583802421.2273525	14353267331.849916	166383536719.3345	54993969923.33954	0.00033380617463710835
583860021.2273525	14521146930.958157	166540744024.0591	54465500287.2049	0.00033180720111992436
583917621.2273525	14691161270.698866	166698488700.14462	53941793755.41859	0.00032978336306535317
583975221.2273525	14863349526.124037	166856767612.9745	53422867478.10738	0.00032773488646400484
584032821.2273525	15037751762.725609	167015577608.37833	52908738389.248276	0.0003256620000532027
584090421.2273525	15214408848.573294	167174915512.7911	52399423195.94885	0.00032356493527871324
584148021.2273525	15393362344.610003	167334778133.41434	51894938368.55732	0.0003214439262565201
584205621.2273525	15574654355.889608	167495162258.37708	51395300128.31422	0.0003192992097346831
584263221.2273525	15758327322.6061	167656064656.89868	50900524436.67187	0.0003171310250553034
584320821.2273525	15944423727.690409	167817482079.4515	50410626981.11833	0.00031493961411663545
584378421.2273525	16132985699.41755	167979411257.92517	49925623163.63324	0.0003127252213353179
584436021.2273525	16324054495.205273	168141848905.7916	49445528084.80882	0.00031048809360881887
584493621.2273525	16517669868.72348	168304791718.27045	48970356530.78404	0.00030822848027806484
584551221.2273525	16713869347.172846	168468236372.49597	48500122956.240456	0.00030594663309030287
584608821.2273525	16912687476.4429	168632179527.68408	48034841469.4588	0.0003036428061622188
584666421.2273525	17114155121.601482	168796617825.3009	47574525814.10149	0.000301317255943374
584724021.2273525	17318298927.70444	168961547889.23154	47119189352.42664	0.00029897024117994696
584781621.2273525	17525141040.139732	169126966325.9502	46668845045.68899	0.00029660202287884924
584839221.2273525	17734699149.658913	169292869724.69067	46223505435.52303	0.0002942128642722225
584896821.2273525	17946986871.01856	169459254657.61783	45783182623.15974	0.0002918030307824187
584954421.2273525	18162014402.444595	169626117680.00003	45347888248.48378	0.00028937278998742317
585012021.2273525	18379789366.018574	169793455330.38214	44917633468.46004	0.0002869224115868488
585069621.2273525	18600317710.292717	169961264130.75928	44492428933.72725	0.00028445216736846385
585127221.2273525	18823604567.499043	170129540586.75168	44072284766.163506	0.0002819623311754209
585184821.2273525	19049654989.292118	170298281187.77997	43657210533.10873	0.00027945317887411776
585242421.2273525	19278474523.34868	170467482407.24142	43247215223.75938	0.00027692498832285515
585300021.2273525	19510069626.788315	170637140702.68704	42842307221.62893	0.00027437803934131036
585357621.2273525	19744447935.26939	170807252515.99908	42442494279.412926	0.00027181261368087767
585415221.2273525	19981618417.983227	170977814273.5698	42047783489.80725	0.00026922899499602583
585472821.2273525	20221591451.01968	171148822386.48056	41658181259.056496	0.00026662746881668146
585530421.2273525	20464378838.113457	171320273250.6817	41273693276.18635	0.00026400832252178086
585588021.2273525	20709993801.60286	171492163247.17365	40894324485.18568	0.000261371845314045
585645621.2273525	20958450959.643658	171664488742.188	40520079053.167015	0.00025871832819614264
585703221.2273525	21209766299.522385	171837246087.37006	40150960340.82674	0.00025604806394830155
585760821.2273525	21463957151.85941	172010431619.96155	39786970870.20461	0.0002533613471075373
585818421.2273525	21721042166.745136	172184041662.98425	39428112293.35114	0.0002506584739486092
585876021.2273525	21981041290.372337	172358072525.4245	39074385359.72173	0.0002479397424668796
585933621.2273525	22243975739.387814	172532520502.41824	38725789883.59632	0.00024520545236323
585991221.2273525	22509867969.80903	172707381875.43668	38382324711.251656	0.00024245590503121805
586048821.2273525	22778741637.724712	172882652912.4728	38043987687.461136	0.00023969140354667957
586106421.2273525	23050621549.88092	173058329868.22864	37710775622.682846	0.0002369122526599955
586164021.2273525	23325533603.362366	173234408984.30295	37382684258.93565	0.00023411875879126204
586221621.2273525	23603504714.620407	173410886489.37976	37059708237.64208	0.00023131123002863494
586279221.2273525	23884562738.786915	173587758599.41763	36741841064.85967	0.0002284899761301443
586336821.2273525	24168736380.299942	173765021517.83963	36429075080.23993	0.0002256553085292954
586394421.2273525	24456055095.17885	173942671435.72333	36121401422.53233	0.00022280754034484861
586452021.2273525	24746548983.730377	174120704531.99268	35818809999.22991	0.00021994698639511242
586509621.2273525	25040248670.06174	174299116973.60928	35521289453.58207	0.0002170739632172788
586567221.2273525	25337185161.664116	174477904915.76526	35228827134.986084	0.00021418878909222277
586624821.2273525	25637389678.81829	174657064502.07578	34941409067.849594	0.00021129178407535947
586682421.2273525	25940893440.213596	174836591864.77344	34659019923.665634	0.0002083832700341545
586740021.2273525	26247727388.82808	175016483124.9023	34381642992.02693	0.00020546357069296803
586797621.2273525	26557921842.100372	175196734392.51266	34109260154.81897	0.00020253301168602112
586855221.2273525	26871506054.38965	175377341766.85712	33841851860.243397	0.00019959192061932537
586912821.2273525	27188507689.463898	175558301336.58618	33579397099.199486	0.00019664062714253372
586970421.2273525	27508952217.452232	175739609179.9454	33321873383.235188	0.00019367946303184435
587028021.2273525	27832862273.748924	175921261364.9728	33069256723.49147	0.0001907087622851104
587085621.2273525	28160257043.085674	176103253949.69672	32821521612.984135	0.00018772886123061576
587143221.2273525	28491151753.02759	176285582982.33405	32578641009.075626	0.00018474009865099872
587200821.2273525	28825557367.798046	176468244501.49002	32340586320.024906	0.00018174281592418893
587258421.2273525	29163480557.42377	176651234536.35718	32107327391.751785	0.00017873735718327538
587316021.2273525	29504923977.326794	176834549106.91617	31878832499.268864	0.00017572406949765472
587373621.2273525	29849886838.32584	177018184224.1362	31655068337.940838	0.0001727033030780649
587431221.2273525	30198365693.292595	177202135890.17633	31436000020.455284	0.00016967541150846816
587488821.2273525	30550355331.89465	177386400098.58777	31221591072.98606	0.00016664075200820066
587546421.2273525	30905849668.706455	177570972834.51584	31011803437.71568	0.0001635996857283386
587604021.2273525	31264842530.5102	177755850074.9033	30806597474.90642	0.00016055257808676005
587661621.2273525	31627328284.86674	177941027788.69318	30605931970.530357	0.00015749979914713206
587719221.2273525	31993302290.527485	178126501937.03384	30409764144.858856	0.0001544417240478141
587776821.2273525	32362761180.94359	178312268473.4823	30218049665.5007	0.00015137873348769268
587834421.2273525	32735703010.721752	178498323344.20984	30030742662.38363	0.00014831121427701487
587892021.2273525	33112127302.007355	178684662488.2077	29847795746.6252	0.00014523955996268917
587949621.2273525	33492035026.625935	178871281837.49225	29669160031.72771	0.0001421641715391013
588007221.2273525	33875428554.036297	179058177317.31247	29494785158.226955	0.00013908545825738516
588064821.2273525	34262311587.624664	179245344846.35593	29324619321.41153	0.00013600383854837157
588122421.2273525	34652689104.45159	179432780336.95676	29158609301.368523	0.00013291974107716787
588180021.2273525	35046567307.111565	179620479695.30347	28996700497.114475	0.00012983360595062528
588237621.2273525	35443953591.19124	179808438821.64697	28838836961.872284	0.0001267458861029103
588295221.2273525	35844856527.86071	179996653610.5097	28684961443.301727	0.00012365704888922925
588352821.2273525	36249285858.258125	180185119950.89453	28535015423.814686	0.00012056757792365969
588410421.2273525	36657252494.39941	180373833726.4945	28388939166.07871	0.00011747797520424775
588468021.2273525	37068768520.237	180562790815.90305	28246671758.442543	0.00011438876357726857
588525621.2273525	37483847186.15212	180751987092.8242	28108151165.183056	0.00011130048960364092
588583221.2273525	37902502890.52603	180941418426.28363	27973314276.23899	0.0001082137269038188
588640821.2273525	38324751142.977356	181131080680.84006	27842096961.797226	0.0001051290800743717
588698421.2273525	38750608505.21547	181320969716.79672	27714434125.9418	0.00010204718929053012
588756021.2273525	39180092506.97768	181511081390.4138	27590259764.553402	9.896873573530449e-05
588813621.2273525	39613221535.87945	181701411554.12048	27469507022.705032	9.589444802922444e-05
588871221.2273525	40050014700.89816	181891956056.72803	27352108254.76347	9.282510987704756e-05
588928821.2273525	40490491669.3685	182082710743.64322	27237995084.978226	8.976156920184219e-05
588986421.2273525	40934672476.67597	182273671457.0816	27127098469.254692	8.670474910609541e-05
589044021.2273525	41382577306.371704	182464834036.28156	27019348757.852932	8.365566108893185e-05
589101621.2273525	41834226236.51721	182656194317.71857	26914675758.19591	8.061542106430129e-05
589159221.2273525	42289638946.311455	182847748135.32022	26813008798.980938	7.758526887605452e-05
589216821.2273525	42748834376.31811	183039491320.6805	26714276793.432323	7.456659220370909e-05
589274421.2273525	43211830337.02124	183231419703.27573	26618408304.016567	7.156095601321572e-05
589332021.2273525	43678643065.14216	183423529110.67993	26525331605.138943	6.857013905184522e-05
589389621.2273525	44149286736.11258	183615815368.7806	26434974748.090218	6.559617934414309e-05
589447221.2273525	44623772954.40791	183808274301.9954	26347265622.51447	6.264143125586998e-05
589504821.2273525	45102110259.715225	184000901733.4882	26262132020.4986	5.970863750674939e-05
589562421.2273525	45584303702.64244	184193693485.38654	26179501696.705673	5.680102059781529e-05
589620021.2273525	46070354553.390465	184386645378.99792	26099302430.511013	5.3922399559609794e-05
589677621.2273525	46560260204.43432	184579753235.02805	26021462084.448536	5.107733982143264e-05
589735221.2273525	47054014309.8018	184773012873.79788	25945908663.80977	4.8271346445355516e-05
589792821.2273525	47551607170.09585	184966420115.46213	25872570372.655396	4.551111401342959e-05
589850421.2273525	48053026331.40328	185159970780.2267	25801375670.54165	4.280485000397779e-05
589908021.2273525	48558257329.506905	185353660688.56796	25732253325.91524	4.016269206216764e-05
589965621.2273525	49067284489.59543	185547485661.4509	25665132469.050312	3.7597241813179356e-05
590023221.2273525	49580091691.56407	185741441520.5482	25599942642.767956	3.512423561858466e-05
590080821.2273525	50096663029.7506	185935524088.4592	25536613851.137196	3.276335926418737e-05
590138421.2273525	50616983325.43519	186129729188.92966	25475076607.13065	3.053917624278911e-05
590196021.2273525	51141038480.93667	186324052647.07098	25415261977.153484	2.848205674456456e-05
590253621.2273525	51668815688.3717	186518490289.58	25357101625.008167	2.6628838945470335e-05
590311221.2273525	52200303520.87409	186713037944.95908	25300527852.13221	2.5022711087636604e-05
590368821.2273525	52735491939.7027	186907691443.73624	25245473637.97753	2.3711529843963213e-05
590426421.2273525	53274372249.58219	187102446618.68558	25191872675.656147	2.274371921410032e-05
590484021.2273525	53816937029.671875	187297299305.04752	25139659408.548386	2.216146145203745e-05
590541621.2273525	54363180061.08244	187492245340.74985	25088769061.469673	2.1992396689331823e-05
590599221.2273525	54913096265.36355	187687280566.6281	25039137673.475925	2.2242850258975953e-05
590656821.2273525	55466681662.612495	187882400826.64725	24990702124.883934	2.2895927131779833e-05
590714421.2273525	56023933353.004845	188077601968.12177	24943400165.64512	2.3915552150408546e-05
590772021.2273525	56584849521.55635	188272879841.93826	24897170438.83932	2.525430994200881e-05
590829621.2273525	57149429462.60228	188468230302.77557	24851952504.485146	2.6861551980078187e-05
590887221.2273525	57717673617.70409	188663649209.32712	24807686859.631584	2.8689311759774015e-05
590944821.2273525	58289583618.392555	188859132424.52228	24764314957.847404	3.069544618131335e-05
591002421.2273525	58865162323.43451	189054675815.74802	24721779225.92503	3.2844613334744286e-05
591060021.2273525	59444413839.30928	189250275255.07092	24680023079.226074	3.510798286330391e-05
591117621.2273525	60027343512.5428	189445926619.459	24638990935.46893	3.746238452045582e-05
591175221.2273525	60613957883.60659	189641625791.00366	24598628225.768818	3.988931627805143e-05
591232821.2273525	61204264594.28603	189837368657.1419	24558881405.773193	4.237401606136887e-05
591290421.2273525	61798272243.55762	190033151110.87845	24519697962.996376	4.490467269714019e-05
591348021.2273525	62395990190.64912	190228969051.0079	24481026425.20704	4.747178758490721e-05
591405621.2273525	62997428307.53686	190424818382.3369	24442816364.386612	5.0067671797270116e-05
591463221.2273525	63602596686.03666	190620695015.90698	24405018402.40495	5.268605524082158e-05
591520821.2273525	64211505306.45939	190816594869.21588	24367584212.228245	5.532178471149916e-05
591578421.2273525	64824163675.45417	191012513866.44116	24330466520.883743	5.797059090568631e-05
591636021.2273525	65440580440.444084	191208447938.66147	24293619108.042656	6.062890831599555e-05
591693621.2273525	66060762987.71047	191404393024.07977	24256996806.81297	6.329373549283504e-05
591751221.2273525	66684717031.58266	191600345068.24515	24220555499.953396	6.59625260952363e-05
591808821.2273525	67312446204.23766	191796300024.27606	24184252118.287476	6.863310347169194e-05
591866421.2273525	67943951659.78863	191992253853.08157	24148044635.50972	7.130359328786471e-05
591924021.2273525	68579231712.466286	192188202523.58475	24111892063.746696	7.397237006032748e-05
591981621.2273525	69218281535.57721	192384142012.94467	24075754447.639103	7.663801446242578e-05
592039221.2273525	69861092953.39742	192580068306.77844	24039592857.42052	7.929927902227977e-05
592096821.2273525	70507654359.38536	192775977399.3842	24003369381.968075	8.195506039709855e-05
592154421.2273525	71157950788.4397	192971865293.9626	23967047120.00253	8.460437683167019e-05
592212021.2273525	71811964157.21759	193167728002.83963	23930590172.151287	8.724634972769477e-05
592269621.2273525	72469673666.13351	193363561547.68823	23893963630.51409	8.988018849194513e-05
592327221.2273525	73131056333.74205	193559361959.75076	23857133570.046623	9.250517801453857e-05
592384821.2273525	73796087614.66087	193755125280.0607	23820067036.490932	9.512066826868553e-05
592442421.2273525	74464742041.45479	193950847559.66476	23782732037.38897	9.77260656308902e-05
592500021.2273525	75136993831.73476	194146524859.84445	23745097528.779037	0.00010032082560362564
592557621.2273525	75812817413.21652	194342153252.33807	23707133405.45598	0.00010290444668704151
592615221.2273525	76492187837.63872	194537728819.5619	23668810487.19775	0.00010547646519664794
592672821.2273525	77175081074.11209	194733247654.8321	23630100508.019665	0.00010803645086338606
592730421.2273525	77861474189.23598	194928705862.5859	23590976102.302036	0.00011058400308377557
592788021.2273525	78551345432.75026	195124099558.60263	23551410793.157124	0.00011311874771242763
592845621.2273525	79244674253.12117	195319424870.22504	23511378978.351475	0.00011564033430906463
592903221.2273525	79941441268.30724	195514677936.58023	23470855918.134632	0.00011814843376784319
592960821.2273525	80641628214.58455	195709854908.8003	23429817721.187653	0.00012064273626952945
593018421.2273525	81345217892.27396	195904951950.2429	23388241331.535583	0.0001231229495073358
593076021.2273525	82052194122.6328	196099965236.71207	23346104515.319096	0.00012558879714553414
593133621.2273525	82762541725.70271	196294890956.678	23303385846.4766	0.00012804001747673948
593191221.2273525	83476246524.78523	196489725311.49756	23260064694.31317	0.00013047636224934877
593248821.2273525	84193295379.40155	196684464515.63373	23216121208.653103	0.00013289759564113793
593306421.2273525	84913676244.91965	196879104796.87592	23171536307.47787	0.0001353034933588449
593364021.2273525	85637378253.31808	197073642396.5588	23126291662.16304	0.00013769384184659445
593421621.2273525	86364391805.71696	197268073569.78192	23080369685.262386	0.00014006843758870318
593479221.2273525	87094708663.47513	197462394585.62878	23033753515.638546	0.00014242708649451664
593536821.2273525	87828322021.19305	197656601727.38535	22986427006.505356	0.0001447696033547168
593594421.2273525	88565226542.53322	197850691292.75934	22938374710.61701	0.00014709581136011473
593652021.2273525	89305418339.16505	198044659594.09747	22889581868.569347	0.0001494055416751513
593709621.2273525	90048894875.18349	198238502958.60464	22840034394.150723	0.00015169863305947395
593767221.2273525	90795654784.44588	198432217728.56076	22789718862.71868	0.00015397493153179663
593824821.2273525	91545697596.26549	198625800261.5394	22738622497.308666	0.00015623429007111827
593882421.2273525	92299023374.74242	198819246930.62393	22686733156.55939	0.00015847656835092105
593940021.2273525	93055632287.01277	199012554124.62524	22634039321.773064	0.00016070163250266083
593997621.2273525	93815524123.8291	199205718248.2983	22580530084.632317	0.00016290935490521845
594055221.2273525	94578697800.54413	199398735722.55862	22526195134.89921	0.00016509961399751606
594112821.2273525	95345150867.03975	199591602984.69788	22471024748.182224	0.00016727229411174545
594170421.2273525	96114879051.89766	199784316488.60065	22415009774.33431	0.00016942728532507578
594228021.2273525	96887875860.57112	199976872704.95868	22358141624.931263	0.0001715644833278517
594285621.2273525	97664132241.32358	200169268121.4872	22300412262.75598	0.00017368378930666156
594343221.2273525	98443636327.81091	200361499243.13885	22241814188.991016	0.000175785109840705
594400821.2273525	99226373264.23862	200553562592.3186	22182340433.463425	0.000177868356810207
594458421.2273525	100012325117.8915	200745454709.09796	22121984542.021126	0.00017993344731568543
594516021.2273525	100801470883.58437	200937172151.42816	22060740567.228397	0.0001819803036070129
594573621.2273525	101593786583.84366	201128711495.3541	21998603056.253963	0.00018400885302140283
594631221.2273525	102389245466.09221	201320069335.22748	21935567041.531048	0.0001860190279294503
594688821.2273525	103187818293.05888	201511242283.9186	21871628029.407528	0.00018801076568855969
594746421.2273525	103989473715.31464	201702226973.0297	21806781991.066475	0.00018998400860304916
594804021.2273525	104794178706.51443	201893020053.10605	21741025351.392475	0.00019193870389039807
594861621.2273525	105601899034.58041	202083618193.8478	21674354980.440193	0.0001938748036530849
594919221.2273525	106412599737.73538	202274018084.32086	21606768182.71775	0.00019579226485558654
594976821.2273525	107226245574.33824	202464216433.16766	21538262688.638805	0.00019769104930609805
595034421.2273525	108042801420.08405	202654209968.8173	21468836644.840656	0.00019957112364258345
595092021.2273525	108862232594.26791	202843995439.6954	21398488605.270256	0.00020143245932287832
595149621.2273525	109684505106.66278	203033569614.43344	21327217522.488842	0.00020327503261847066
595207221.2273525	110509585826.14384	203222929282.07773	21255022738.72699	0.0002050988246117434
595264821.2273525	111337442579.97264	203412071252.29755	21181903977.851933	0.00020690382119639784
595322421.2273525	112168044197.84018	203600992355.59378	21107861336.470215	0.00020869001308084094
595380021.2273525	113001360517.27933	203789689443.50595	21032895276.53759	0.00021045739579436234
595437621.2273525	113837362367.35335	203978159388.81952	20957006616.417328	0.000212205969695858
595495221.2273525	114676021546.26602	204166399085.77228	20880196524.353092	0.00021393573998500836
595552821.2273525	115517310806.34424	204354405450.26074	20802466509.340324	0.00021564671671568957
595610421.2273525	116361203857.20851	204542175420.04544	20723818415.244396	0.0002173389148115362
595668021.2273525	117207675395.06076	204729705954.95654	20644254411.993084	0.00021901235408348447
595725621.2273525	118056701162.89665	204916994037.0977	20563776989.820385	0.0002206670592492205
595783221.2273525	118908258042.9253	205104036671.051	20482388951.052647	0.00022230305995438334
595840821.2273525	119762324178.24747	205290830884.07996	20400093404.38636	0.00022392039079547268
595898421.2273525	120618879115.73315	205477373726.3327	20316893757.26206	0.00022551909134432572
595956021.2273525	121477903955.9573	205663662271.04468	20232793710.33626	0.00022709920617413663
596013621.2273525	122339381489.40213	205849693614.74042	20147797250.069283	0.00022866078488684093
596071221.2273525	123203296291.8528	206035464877.43503	20061908643.37671	0.00023020388214194665
596128821.2273525	124069634747.60292	206220973202.83496	19975132430.954685	0.00023172855768657918
596186421.2273525	124938384968.86772	206406215758.53894	19887473421.472176	0.0002332348763867948
596244021.2273525	125809536585.66586	206591189736.2366	19798936686.04803	0.00023472290826004563
596301621.2273525	126683080393.40285	206775892351.90866	19709527551.874607	0.00023619272850876452
596359221.2273525	127559007864.45781	206960320846.02505	19619251597.56744	0.0002376444175549957
596416821.2273525	128437310551.81924	207144472483.74307	19528114646.706844	0.00023907806107602644
596474421.2273525	129317979431.96046	207328344555.10458	19436122763.690407	0.00024049375004099604
596532021.2273525	130201004245.32811	207511934375.2331	19343282247.181007	0.0002418915807483697
596589621.2273525	131086372892.80154	207695239284.52985	19249599626.56383	0.00024327165486429765
596647221.2273525	131974070935.54387	207878256648.86935	19155081655.446854	0.00024463407946176755
596704821.2273525	132864081227.47028	208060983859.7944	19059735308.389454	0.0002459789670605207
596762421.2273525	133756383689.52614	208243418334.71057	18963567774.482155	0.00024730643566767856
596820021.2273525	134650955218.03654	208425557517.07938	18866586454.454945	0.0002486166088190466
596877621.2273525	135547769708.52052	208607398876.61227	18768798954.59625	0.0002499096156210226
596935221.2273525	136446798172.04393	208788939909.46204	18670213083.666218	0.00025118559079307263
596992821.2273525	137348008922.05817	208970178138.4153	18570836847.58743	0.0002524446747107513
597050421.2273525	138251367813.4707	209151111113.0831	18470678446.09323	0.00025368701344917303
597108021.2273525	139156838520.22513	209331736410.092	18369746268.018288	0.00025491275882689774
597165621.2273525	140064382841.28314	209512051633.27304	18268048887.820854	0.00025612206845021144
597223221.2273525	140973961026.8328	209692054413.85147	18165595061.417225	0.00025731510575767783
597280821.2273525	141885532116.70776	209871742410.63467	18062393722.42297	0.0002584920400649926
597338421.2273525	142799054281.9962	210051113310.20035	17958453978.936893	0.00025965304660998393
597396021.2273525	143714485159.43118	210230164827.08307	17853785109.02555	0.0002607983065977777
597453621.2273525	144631782167.33224	210408894703.96082	17748396558.45175	0.0002619280072460331
597511221.2273525	145550902792.208	210587300711.84067	17642297935.778625	0.00026304234183016916
597568821.2273525	146471804836.9376	210765380650.2433	17535499010.75229	0.00026414150972852487
597626421.2273525	147394446624.54297	210943132347.38745	17428009709.25868	0.0002652257164673968
597684021.2273525	148318787155.47415	211120553660.37338	17319840111.939667	0.00026629517376584855
597741621.2273525	149244786220.4203	211297642475.3654	17211000449.429592	0.0002673500995802226
597799221.2273525	150172404474.33728	211474396707.77365	17101501101.01366	0.0002683907181482991
597856821.2273525	151101603480.238	211650814302.43555	16991352590.040882	0.00026941726003295956
597914421.2273525	152032345733.1271	211826893233.7964	16880565582.656109	0.0002704299621653249
597972021.2273525	152964594675.3175	212002631506.0885	16769150883.532507	0.0002714290678872276
598029621.2273525	153898314714.3426	212178027153.51047	16657119434.429628	0.00027241482699294137
598087221.2273525	154833471253.97937	212353078240.40546	16544482310.576395	0.000273387495770076
598144821.2273525	155770030747.57455	212527782861.43796	16431250718.575285	0.00027434733703948853
598202421.2273525	156707960780.9211	212702139141.77112	16317435993.753405	0.00027529462019414787
598260021.2273525	157647230189.14078	212876145237.24173	16203049597.558561	0.00027622962123680295
598317621.2273525	158587809208.0612	213049799334.53595	16088103115.509645	0.0002771526228163574
598375221.2273525	159529669655.02054	213223099651.36285	15972608254.312946	0.0002780639142627971
598432821.2273525	160472785126.56604	213396044436.62823	15856576840.386282	0.00027896379162056057
598490421.2273525	161417131191.22037	213568631970.60678	15740020816.49579	0.00027985255768022115
598548021.2273525	162362685545.2417	213740860565.11414	15622952241.128757	0.00028073052200831556
598605621.2273525	163309428090.12195	213912728563.6775	15505383284.519875	0.00028159800097520357
598663221.2273525	164257340885.84296	214084234341.70587	15387326228.5373	0.00028245531778077655
598720821.2273525	165206407937.71317	214255376306.65915	15268793462.840816	0.0002833028024778929
598778421.2273525	166156614790.35748	214426152898.21664	15149797484.631735	0.00028414079199335756
598836021.2273525	167107947930.489	214596562588.4445	15030350895.14154	0.00028496963014628345
598893621.2273525	168060394035.9507	214766603881.96198	14910466399.187397	0.00028578966766367185
598951221.2273525	169013939142.7317	214936275316.10806	14790156802.214972	0.0002866012621930435
599008821.2273525	169968567822.94666	215105575461.10568	14669435009.589912	0.0002874047783119149
599066421.2273525	170924262467.06427	215274502920.22607	14548314023.971027	0.0002882005875339711
599124021.2273525	171881002742.4201	215443056329.95154	14426806944.458336	0.00028898906831172896
599181621.2273525	172838765264.69205	215611234360.1383	14304926964.433647	0.00028977060603549936
599239221.2273525	173797523481.2082	215779035714.17752	14182687370.225111	0.0002905455930284539
599296821.2273525	174757247735.2075	215946459129.1558	14060101539.7551	0.0002913144285376136
599354421.2273525	175717905463.96182	216113503376.01468	13937182940.493675	0.0002920775187205486
599412021.2273525	176679461480.8888	216280167259.70932	13813945128.923912	0.00029283527662756983
599469621.2273525	177641878298.61945	216446449619.36652	13690401748.13099	0.0002935881221792487
599527221.2273525	178605116461.50882	216612349328.44083	13566566527.5757	0.0002943364821390013
599584821.2273525	179569134868.15906	216777865294.87112	13442453280.536316	0.0002950807900806014
599642421.2273525	180533891074.59457	216942996461.23514	13318075904.346485	0.00029582148635032783
599700021.2273525	181499341575.70685	217107741804.90363	13193448377.60354	0.0002965590180236325
599757621.2273525	182465442066.46088	217272100338.19324	13068584760.679615	0.00029729383885603467
599815221.2273525	183432147685.66733	217436071108.51865	12943499192.89088	0.00029802640922809863
599872821.2273525	184399413244.68222	217599653198.5438	12818205893.142895	0.00029875719608425633
599930421.2273525	185367193442.00632	217762845726.33176	12692719157.29479	0.00029948667286528884
599988021.2273525	186335443063.14288	217925647845.49435	12567053358.449438	0.00030021531943426896
600045621.2273525	187304117163.80215	218088058745.33972	12441222945.089737	0.00030094362199575907
600103221.2273525	188273171233.97055	218250077651.0201	12315242440.792105	0.0003016720730081037
600160821.2273525	189242561340.6395	218411703823.67786	12189126442.944748	0.00030240117108861115
600218421.2273525	190212244248.06915	218572936560.5903	12062889622.25276	0.0003031314209114604
600276021.2273525	191182177516.1375	218733775195.3146	11936546721.655645	0.00030386333309818296
600333621.2273525	192152319579.31918	218894219097.83044	11810112555.8479	0.00030459742410053625
600391221.2273525	193122629810.8421	219054267674.68228	11683602010.613445	0.0003053342160756598
600448821.2273525	194093068578.34964	219213920369.1207	11557030041.817385	0.000306074236753351
600506421.2273525	195063597298.7401	219373176661.24234	11430411675.555878	0.00030681801929536954
600564021.2273525	196034178500.65424	219532036068.1292	11303762006.548197	0.0003075661021466392
600621621.2273525	197004775903.21176	219690498143.98648	11177096198.884184	0.0003083190288782831
600679221.2273525	197975354518.90515	219848562480.27933	11050429484.239643	0.00030907734802240917
600736821.2273525	198945880786.79413	220006228705.8696	10923777162.740389	0.0003098416128985839
600794421.2273525	199916322738.92532	220163496487.14984	10797154601.427145	0.000310612381431975
600852021.2273525	200886650197.72064	220320365528.1776	10670577235.172363	0.0003113902159631415
600909621.2273525	201856834994.4576	220476835570.80792	10544060565.159458	0.00031217568304947255
600967221.2273525	202826851188.69644	220632906394.8254	10417620160.045465	0.00031296935325830023
601024821.2273525	203796675256.17523	220788577818.07413	10291271654.473255	0.00031377180095177253
601082421.2273525	204766286200.23495	220943849696.58783	10165030750.311365	0.00031458360406350083
601140021.2273525	205735665533.03104	221098721924.7177	10038913215.570343	0.00031540534386714694
601197621.2273525	206704797073.05307	221253194435.26004	9912934885.1861	0.0003162376047370439
601255221.2273525	207673666520.28983	221407267199.5821	9787111660.786318	0.00031708097390100587
601312821.2273525	208642260802.29175	221560940227.74753	9661459510.935156	0.0003179360411855268
601370421.2273525	209610567229.54657	221714213568.63974	9535994471.442066	0.0003188033987535701
601428021.2273525	210578572545.32742	221867087310.08527	9410732645.68068	0.0003196836408351825
601485621.2273525	211546261987.19748	222019561578.97516	9285690205.071062	0.00032057736345122333
601543221.2273525	212513618481.1629	222171636541.38522	9160883389.3662	0.00032148516413048903
601600821.2273525	213480622062.05997	222323312402.6958	9036328507.852709	0.0003224076416205644
601658421.2273525	214447249564.92908	222474589407.70953	8912041938.967619	0.00032334539559277284
601716021.2273525	215413474579.28098	222625467840.76898	8788040132.519789	0.00032429902634160084
601773621.2273525	216379267617.46155	222775948025.8718	8664339608.982481	0.00032526913447901586
601831221.2273525	217344596428.04703	222926030326.78574	8540956962.1281595	0.00032625632062412846
601888821.2273525	218309426384.56448	223075715147.16214	8417908858.4785595	0.00032726118508866745
601946421.2273525	219273720892.41333	223225002930.6482	8295212040.1143055	0.0003282843275587657
602004021.2273525	220237441774.97833	223373894160.99786	8172883324.552871	0.0003293263467735938
602061621.2273525	221200549617.6173	223522389362.18216	8050939607.530629	0.00033038784020137204
602119221.2273525	222163004062.27692	223670489098.49738	7929397863.414128	0.00033146940371336345
602176821.2273525	223124764054.9552	223818193974.67285	7808275148.196241	0.0003325716312564143
602234421.2273525	224085788053.50818	223965504635.97678	7687588600.272619	0.00033369511452466396
602292021.2273525	225046034205.33932	224112421768.3218	7567355443.536003	0.00033484044263108195
602349621.2273525	226005460504.34775	224258946098.36823	7447592988.954523	0.00033600820177944157
602407221.2273525	226964024935.01352	224405078393.62677	7328318637.342624	0.0003371989749374208
602464821.2273525	227921685609.32733	224550819462.5596	7209549882.1206255	0.0003384133415114836
602522421.2273525	228878400899.95612	224696170154.68063	7091304311.781401	0.0003396518770242511
602580021.2273525	229834129570.91095	224841131360.6539	6973599613.551907	0.00034091515279501905
602637621.2273525	230788830905.3672	224985704012.391	6856453576.048946	0.0003422037356241213
602695221.2273525	231742464829.3281	225129889083.14758	6739884093.700398	0.00034351818748185254
602752821.2273525	232694992029.6157	225273687587.61774	6623909169.52988	0.00034485906520260106
602810421.2273525	233646374065.19794	225417100582.02753	6508546920.636395	0.000346226920184917
602868021.2273525	234596573471.9817	225560129164.22784	6393815581.125058	0.00034762229809814297
602925621.2273525	235545553862.72592	225702774473.7845	6279733508.656451	0.00034904573859631625
602983221.2273525	236493280025.3888	225845037692.06824	6166319187.593519	0.0003504977750399679
603040821.2273525	237439718024.7387	225986920042.34305	6053591236.452373	0.00035197893422644455
603098421.2273525	238384835313.12662	226128422789.85284	5941568412.003135	0.00035348973612938555
603156021.2273525	239328600856.6228	226269547241.90714	5830269616.935277	0.00035503069364792674
603213621.2273525	240270985281.8899	226410294747.96518	5719713905.502989	0.00035660231236621327
603271221.2273525	241211961046.7823	226550666699.71878	5609920491.428054	0.00035820509032372127
603328821.2273525	242151502633.24142	226690664531.17416	5500908754.9798565	0.0003598395177969402
603386421.2273525	243089586754.12476	226830289718.73132	5392698251.514898	0.00036150607709284984
603444021.2273525	244026192556.02325	226969543781.2633	5285308719.906539	0.00036320524235465096
603501621.2273525	244961301788.32178	227108428280.19342	5178760091.709328	0.0003649374793801336
603559221.2273525	245894898896.53275	227246944819.57068	5073072501.441953	0.00036670324545306463
603616821.2273525	246826970988.73593	227385095046.14505	4968266296.139239	0.0003685029891878915
603674421.2273525	247757507622.97156	227522880649.43976	4864362047.6162	0.0003703371503880709
603732021.2273525	248686500376.27527	227660303361.82352	4761380562.651997	0.0003722061599182261
603789621.2273525	249613942185.91547	227797364958.58008	4659342896.965851	0.00037411043959036615
603847221.2273525	250539826497.63965	227934067257.9778	4558270366.650469	0.00037605040206428606
603904821.2273525	251464146303.64505	228070412121.336	4458184563.477621	0.0003780264507622735
603962421.2273525	252386893188.18903	228206401453.09158	4359107367.790236	0.00038003897979817377
604020021.2273525	253308056506.22278	228342037200.86276	4261060965.291312	0.0003820883739208483
604077621.2273525	254227622795.02368	228477321355.5124	4164067861.1649957	0.00038417500847197844
604135221.2273525	255145575468.9377	228612255951.20895	4068150898.2291155	0.0003862992493581769
604192821.2273525	256061894790.9085	228746843065.48682	3973333272.5275297	0.00038846145303726373
604250421.2273525	256976558069.4571	228881084819.30426	3879638552.2613344	0.0003906619665185912
604308021.2273525	257889540006.35742	229014983377.10034	3787090695.06741	0.00039290112737720863
604365621.2273525	258800813118.57947	229148540946.85046	3695714066.7993765	0.00039517926378163657
604423221.2273525	259710348171.49786	229281759780.11987	3605533460.198687	0.00039749669453500037
604480821.2273525	260618114580.33978	229414642172.1162	3516574113.2654696	0.00039985372912922096
604538421.2273525	261524080756.60382	229547190461.7397	3428861728.059408	0.00040225066781191795
604596021.2273525	262428214391.96985	229679407031.63266	3342422487.9657726	0.0004046878016656863
604653621.2273525	263330482682.9562	229811294308.22708	3257283075.3227744	0.0004071654126993407
604711221.2273525	264230852505.72916	229942854761.79028	3173470685.8562837	0.0004096837739507122
604768821.2273525	265129290553.16666	230074090906.46933	3091013043.546227	0.0004122431496005679
604826421.2273525	266025763446.64236	230205005300.3341	3009938409.792818	0.0004148437950971807
604884021.2273525	266920237833.96292	230335600545.418	2930275592.452847	0.00041748595729108125
604941621.2273525	267812680483.05142	230465879287.7579	2852053946.980686	0.0004201698745794773
604999221.2273525	268703058378.73917	230595844217.43182	2775303375.394994	0.0004228957770598613
605056821.2273525	269591338827.6586	230725498068.59512	2700054314.916898	0.0004256638866922399
605114421.2273525	270477489573.90146	230854843619.51514	2626337721.1603155	0.0004284744174695058
605172021.2273525	271361478926.01334	230983883692.60455	2554185038.4236	0.00043132757559536256
605229621.2273525	272243275894.18924	231112621154.45184	2483628159.832698	0.0004342235596693073
