573319221.2273525	-141584065527.56793	45684190946.168434	-21033367.695290823	-9932.994316409342	-28939.53050481741	0.9006915523863097	4000.0
573376821.2273525	-142146693194.52563	44013851700.24648	-20979709.50096027	-9602.451652562217	-29057.714198642334	0.9628716763098234	3998.0752709636495
573434421.2273525	-142690241134.41876	42336816839.79876	-20922394.73602539	-9270.511939612408	-29172.014096658066	1.0276633330419522	3996.1376037007803
573492021.2273525	-143214630287.54987	40653310587.466156	-20861271.682419173	-8937.224193178447	-29282.412394783485	1.095111334415147	3994.1868639175677
573549621.2273525	-143719784425.33533	38963558171.88765	-20796186.060147338	-8602.637698473365	-29388.89196745939	1.16525982300438	3992.222926090149
573607221.2273525	-144205630165.53308	37267785788.473656	-20726981.066070125	-8266.801999827012	-29491.436372585496	1.238152264069806	3990.2456733557283
573664821.2273525	-144672096986.86313	35566220559.901634	-20653497.413143292	-7929.766890104538	-29590.029856275105	1.313831437668974	3988.2549973991627
573722421.2273525	-145119117243.01636	33859090496.342285	-20575573.370108582	-7591.582400024001	-29684.65735742495	1.3923394309390322	3986.250798335615
573780021.2273525	-145546626176.04465	32146624455.427925	-20493044.80162377	-7252.298787377054	-29775.30451209793	1.4737176305493245	3984.232984589815
573837621.2273525	-145954561929.12762	30429052101.974022	-20405745.208822638	-6911.966526156326	-29861.95765771647	1.5580067153247676	3982.2014727724363
573895221.2273525	-146342865558.7107	28706603867.465187	-20313505.770295005	-6570.636295593242	-29944.60383706431	1.6452466490403568	3980.1561875540624
573952821.2273525	-146711481046.00873	26979510909.3152	-20216155.383476954	-6228.35896910997	-30023.230802094666	1.7354766733871572	3978.097061537175
574010421.2273525	-147060355307.87164	25248005069.914093	-20113520.706441477	-5885.18560318942	-30097.82701754259	1.8287353011101468	3976.02403512657
574068021.2273525	-147389438207.00604	23512318835.472687	-20005426.20007962	-5541.167426167254	-30168.38166433989	1.9250603093181535	3973.9370563985763
574125621.2273525	-147698682561.5495	21772685294.676033	-19891694.170662273	-5196.35582694973	-30234.884642830402	2.0244887329662946	3971.8360809694054
574183221.2273525	-147988044153.9926	20029338097.157455	-19772144.81277268	-4850.802343661422	-30297.32657578418	2.1270568585111165	3969.7210718629563
574240821.2273525	-148257481739.44562	18282511411.80465	-19646596.25259968	-4504.558652226762	-30355.69881120869	2.232800217738792	3967.5919993783486
574298421.2273525	-148506957053.24527	16532439884.91047	-19514864.59158176	-4157.6765548898165	-30409.99342495553	2.3417535817665778	3965.448840957445
574356021.2273525	-148736434817.89874	14779358598.178741	-19376763.950391855	-3810.20796867591	-30460.20322312122	2.4539509552178056	3963.2915810525915
574413621.2273525	-148945882749.36154	13023503026.597656	-19232106.51325272	-3462.2049137995746	-30506.321744240602	2.569425570570677	3961.120210994784
574471221.2273525	-149135271562.64603	11265108996.193718	-19080702.572572947	-3113.7195020230574	-30548.343261271526	2.688209882680986	3958.9347288624485
574528821.2273525	-149304574976.75827	9504412641.676407	-18922360.57389325	-2764.803924969341	-30586.262783369646	2.81033556347904	3956.735139350999
574586421.2273525	-149453769718.96063	7741650363.987389	-18756887.16113311	-2415.510442394221	-30620.076057452243	2.9358334968409063	3954.5214536433195
574644021.2273525	-149582835528.3569	5977058787.76516	-18584087.2221272	-2065.8913704215047	-30649.779569549923	3.0647337736341056	3952.2936892813022
574701621.2273525	-149691755158.80038	4210874718.738945	-18403763.93444196	-1715.999069745907	-30675.370545945487	3.1970656869378926	3950.051870038548
574759221.2273525	-149780514381.1201	2443335101.0618744	-18215718.811461616	-1365.8859338075636	-30696.846954098823	3.3328577274381783	3947.796025794334
574816821.2273525	-149849101984.66602	674676974.5977783	-18019751.74873384	-1015.604376942927	-30714.207503357444	3.4721375789971516	3945.5261924089295
574874421.2273525	-149897509778.1708	-1094862567.8263931	-17815661.070564974	-665.2068225163421	-30727.451645451772	3.6149321143976176	3943.2424116003285
574932021.2273525	-149925732589.92786	-2865046423.191368	-17603243.576854747	-314.7456910363999	-30736.57957477472	3.761267391262084	3940.9447308224626
574989621.2273525	-149933768267.28415	-4635637521.065659	-17382294.590160433	35.72661173814049	-30741.592228445217	3.911168648146538	3938.6332031449415
575047221.2273525	-149921617675.44788	-6406398866.383141	-17152608.002980758	386.15770669863014	-30742.491286155207	4.0646603008089235	3936.307887134361
575104821.2273525	-149889284695.6108	-8177093582.205711	-16913976.325249456	736.4952532885709	-30739.27916979999	4.221765938652252	3933.96884673721
575162421.2273525	-149836776222.38486	-9947484952.458382	-16666190.732028712	1086.6869614029638	-30731.95904289167	4.382508321342321	3931.6161511643963
575220021.2273525	-149764102160.5535	-11717336464.62416	-16409041.111392586	1436.6806032804507	-30720.534809755845	4.546909375599969	3929.249874777413
575277621.2273525	-149671275421.1386	-13486411852.386703	-16142316.112490486	1786.424025383949	-30705.011114511413	4.714990192167802	3926.8700969761485
575335221.2273525	-149558311916.7835	-15254475138.207878	-15865803.193780854	2135.8651602652426	-30685.393339833747	4.886771022951324	3924.476902088348
575392821.2273525	-149425230556.4526	-17021290675.82772	-15579288.67142496	2484.9520384090065	-30661.687605501604	5.062271278334397	3922.0703792607273
575450421.2273525	-149272053239.45035	-18786623192.67431	-15282557.767830929	2833.6328000520007	-30633.90076672795	5.241509524668904	3919.6506223517263
575508021.2273525	-149098804848.75952	-20550237832.172195	-14975394.66033785	3181.8557069729923	-30602.040412275317	5.424503481938521	3917.2177298259003
575565621.2273525	-148905513243.70197	-22311900195.934654	-14657582.530030003	3529.5691542486948	-30566.11486235619	5.61127002159648	3914.7718046499313
575623221.2273525	-148692209251.9228	-24071376385.83023	-14328903.610670995	3876.7216819717923	-30526.133166319163	5.801825164577138	3912.3129541902463
575680821.2273525	-148458926660.70093	-25828433045.90873	-13989139.237747783	4223.26198692623	-30482.10510012157	5.9961840794811705	3909.841290112221
575738421.2273525	-148205702207.58853	-27582837404.176186	-13638069.8976145	4569.138934215642	-30434.041163589467	6.19436108093427	3907.356928280953
575796021.2273525	-147932575570.38235	-29334357314.205658	-13275475.276725926	4914.301568840508	-30381.952577466007	6.396369628118997	3904.859988663575
575853621.2273525	-147639589356.42947	-31082761296.572212	-12901134.310950615	5258.699127219713	-30325.8512802492	6.60222232347968	3902.3505952330916
575911221.2273525	-147326789091.27103	-32827818580.0992	-12514825.234953584	5602.281048652113	-30265.74992482027	6.811930911600003	3899.8288758737067
575968821.2273525	-146994223206.62796	-34569299142.90476	-12116325.631638711	5944.996986713986	-30201.6618748638	7.025506278253015	3897.2949622876235
576026421.2273525	-146641943027.73196	-36306973753.23611	-11705412.481640624	6286.796820588022	-30133.60120108118	7.242958449623338	3894.7489899032803
576084021.2273525	-146270002760.00595	-38040614010.07939	-11281862.212856399	6627.630666319619	-30061.582677198658	7.464296591701082	3892.1910977850007
576141621.2273525	-145878459475.0986	-39769992383.5346	-10845450.750006955	6967.4488879964665	-29985.62177577162	7.689529009847328	3889.62142854403
576199221.2273525	-145467373096.2769	-41494882254.94176	-10395953.564218543	7306.202108846949	-29905.73466378674	7.9186631485306425	3887.040128250925
576256821.2273525	-145036806383.182	-43215057956.74951	-9933145.722614082	7643.841222253743	-29821.938198063697	8.15170559123437	3884.447346349271
576314421.2273525	-144586824915.9535	-44930294812.11157	-9456801.937904978	7980.31740267802	-29734.249920458416	8.388662060534243	3881.843235570698
576372021.2273525	-144117497078.72662	-46640369174.20227	-8966696.617973447	8315.582116490597	-29642.688052869547	8.62953741834589	3879.2279518511673
576429621.2273525	-143628894042.509	-48345058465.238495	-8462603.915435402	8649.587132706043	-29547.27149205042	8.874335666341933	3876.6016542484977
576487221.2273525	-143121089747.44135	-50044141215.19731	-7944297.777174491	8982.284533615584	-29448.019804228406	9.123059946538042	3873.964504861107
576544821.2273525	-142594160884.4491	-51737397100.21791	-7411551.993837465	9313.626725315165	-29344.953219533963	9.375712542047651	3871.316668747938
576602421.2273525	-142048186876.29056	-53424606980.67793	-6864140.249280933	9643.566448124844	-29238.092626241578	9.632294878004764	3868.6583138495444
576660021.2273525	-141483249858.0085	-55105552938.93168	-6301836.169960495	9972.056786895484	-29127.45956482506	9.892807522654424	3865.989610910308
576717621.2273525	-140899434656.79083	-56780018316.70151	-5724413.374251809	10299.051181199398	-29013.07622182949	10.157250188610266	3863.3107334017614
576775221.2273525	-140296828771.24808	-58447787752.11084	-5131645.521694619	10624.503435401131	-28894.96542356251	10.425621734278678	3860.621857446993
576832821.2273525	-139675522350.11432	-60108647216.34792	-4523306.3621499725	10948.36772860463	-28773.150629607375	10.697920165449027	3857.9231617461064
576890421.2273525	-139035608170.37897	-61762384049.95228	-3899169.7848609164	11270.598624473636	-28647.655926160645	10.97414263704935	3855.2148275027102
576948021.2273525	-138377181614.85602	-63408786998.71103	-3259009.86740743	11591.151080921492	-28518.506019197062	11.254285455067002	3852.4970383514183
577005621.2273525	-137700340649.19952	-65047646249.15707	-2602600.924546048	11909.980459667157	-28385.72622746467	11.53834407863355	3849.769980286334
577063221.2273525	-137005185798.37267	-66678753463.65978	-1929717.5569244474	12227.04253565415	-28249.3424753129	11.826313122273461	3847.033841590497
577120821.2273525	-136291820122.57796	-68301901815.0965	-1240134.6996621303	12542.293506328884	-28109.381285356656	12.11818635831582	3844.288812766273
577178421.2273525	-135560349192.65744	-69916886021.09758	-533627.6707873829	12855.690000775547	-27965.869770979563	12.413956719468516	3841.5350864666625
577236021.2273525	-134810881064.97046	-71523502377.85527	190027.78047886118	13167.189088704254	-27818.83562867929	12.713616301554197	3838.7728574275125
577293621.2273525	-134043526255.75858	-73121548793.48666	931055.4256010912	13476.748289289368	-27668.307130258276	13.017156366407322	3836.002322400611
577351221.2273525	-133258397715.00568	-74710824820.94264	1689678.508778885	13784.325579855104	-27514.313114863064	13.324567344931644	3833.2236800876412
577408821.2273525	-132455610799.80177	-76291131690.45418	2466119.6991773024	14089.879404405625	-27356.882980875576	13.635838840317364	3830.4371310749852
577466421.2273525	-131635283247.2208	-77862272341.50754	3260601.0433472507	14393.368681996686	-27196.04667765961	13.950959631417298	3827.642877769354
577524021.2273525	-130797535146.71986	-79424051454.33919	4073343.917844571	14694.75281494604	-27031.834697166087	14.26991767628126	3824.8411243342293
577581621.2273525	-129942488912.07124	-80976275480.94403	4904568.98205756	14993.991696880199	-26864.278065400486	14.59270011584787	3822.0320766271025
577639221.2273525	-129070269252.83511	-82518752675.58824	5754496.131251574	15291.045720614846	-26693.408333755986	14.919293277793173	3819.2159421374954
577696821.2273525	-128181003145.38332	-84051293124.8183	6623344.449839458	15585.87578586631	-26519.257570215974	15.249682680535045	3816.3929299257456
577754421.2273525	-127274819803.4839	-85573708776.96063	7511332.164887764	15878.443306791982	-26341.858350429415	15.583853037392776	3813.5632505625467
577812021.2273525	-126351850648.45625	-87085813471.10287	8418676.599866245	16168.710219357092	-26161.243748662913	15.921788260900918	3810.7271160692267
577869621.2273525	-125412229278.90732	-88587422965.55069	9345594.128650777	16456.638988525832	-25977.447328633196	16.26347146727656	3807.8847398587536
577927221.2273525	-124456091440.05794	-90078354965.7537	10292300.129787896	16742.192615274587	-25790.50313422352	16.608884981039182	3805.036336677457
577984821.2273525	-123483574992.67117	-91558429151.69273	11259008.941029653	17025.334643425307	-25600.4456800883	16.958010339782255	3802.1821225474514
578042421.2273525	-122494819881.59207	-93027467204.723	12245933.814147685	17306.02916629688	-25407.309942149317	17.310828299095654	3799.322314709754
578100021.2273525	-121489968103.90912	-94485292833.86699	13253286.87003525	17584.240833172975	-25211.131347987674	17.667318837637993	3796.457131568082
578157621.2273525	-120469163676.7492	-95931731801.5509	14281279.054105707	17859.93485558427	-25011.945767135425	18.02746116235799	3793.586792633323
578215221.2273525	-119432552604.71547	-97366611948.77916	15330120.09199597	18133.07701340355	-24809.789501270632	18.391233713863894	3790.71151846867
578272821.2273525	-118380282846.98006	-98789763219.74121	16400018.445583332	18403.63366075201	-24604.699274320046	18.758614171940057	3787.8315306354048
578330421.2273525	-117312504284.04172	-100201017685.8459	17491181.26932447	18671.571731715365	-24396.712222473307	19.129579461209698	3784.947051639333
578388021.2273525	-116229368684.1598	-101600209569.1785	18603814.366924897	18936.858745868325	-24185.86588411264	19.5041057569428	3782.05830487785
578445621.2273525	-115131029669.47557	-102987175265.37465	19738122.148346778	19199.46281360602	-23972.198189662296	19.882168491008287	3779.1655145876393
578503221.2273525	-114017642681.83215	-104361753365.90814	20894307.587164097	19459.352641281333	-23755.747451361567	20.263742357969328	3776.268905792993
578560821.2273525	-112889364948.30429	-105723784679.7868	22072572.17827238	19716.497536146886	-23536.552352965693	20.648801321320878	3773.368704254744
578618421.2273525	-111746355446.44855	-107073112254.65385	23273115.8959627	19970.867411100782	-23314.65193937857	21.037318619868277	3770.46513641981
578676021.2273525	-110588774869.28618	-108409581397.28996	24496137.152366422	20222.43278923504	-23090.085606221488	21.42926677424599	3767.5584293713378
578733621.2273525	-109416785590.0302	-109733039693.51242	25741832.756279495	20471.16480818593	-22862.89308934207	21.824617593575383	3764.648810779444
578791221.2273525	-108230551626.56644	-111043337027.46898	27010397.87237463	20717.035224285577	-22633.11445426732	22.22334218226036	3761.736508852546
578848821.2273525	-107030238605.70253	-112340325600.32216	28302025.980808266	20960.016416513965	-22400.7900856053	22.62541094691992	3758.821752289279
578906421.2273525	-105816013727.19397	-113623859948.32214	29616908.837231364	21200.081390250998	-22165.96067639915	23.03079360345641	3755.904770230992
578964021.2273525	-104588045727.56007	-114893796960.265	30955236.433210976	21437.203780828077	-21928.667217437873	23.43945918425835	3752.9857922148194
579021621.2273525	-103346504843.70192	-116149995894.33374	32317196.957070045	21671.35785687871	-21688.950986528103	23.851376045536856	3750.0650481273246
579079221.2273525	-102091562776.33197	-117392318394.32083	33702976.755154416	21902.518523488114	-21446.853537730658	24.266511874794258	3747.1427681587093
579136821.2273525	-100823392653.22891	-118620628505.22992	35112760.29353338	22130.661325141453	-21202.41669056631	24.684833698423912	3744.219182757585
579194421.2273525	-99542168992.32759	-119834792688.2547	36546730.12014188	22355.762448470705	-20955.682519194706	25.106307889440032	3741.2945225863027
579252021.2273525	-98248067664.6578	-121034679835.13367	38005066.8273714	22577.79872480006	-20706.69334157082	25.530900175336257	3738.3690184768407
579309621.2273525	-96941265857.14087	-122220161281.88048	39487949.015117645	22796.747632490107	-20455.49170858266	25.958575646071832	3735.4429013872386
579367221.2273525	-95621942035.25839	-123391110821.88707	40995553.25429116	23012.58729908082	-20202.12039317477	26.38929876218414	3732.5164023585844
579424821.2273525	-94290275905.60175	-124547404718.40115	42528054.05079972	23225.296503233752	-19946.622379461045	26.823033363026333	3729.5897524725433
579482421.2273525	-92946448378.31714	-125688921716.37552	44085623.81000803	23434.85467647377	-19689.040851831483	27.259742675128887	3726.6631828094305
579540021.2273525	-91590641529.45496	-126815543053.69034	45668432.80168309	23641.241904730687	-19429.41918405655	27.699389320683746	3723.7369244068223
579597621.2273525	-90223038563.23639	-127927152471.74767	47276649.12543148	23844.438929681513	-19167.800928393193	28.14193532614985	3720.811208218703
579655221.2273525	-88843823774.24864	-129023636225.43863	48910438.67663589	24044.427149893796	-18904.22980469668	28.58734213097871	3717.886265075147
579712821.2273525	-87453182509.57979	-130104883092.4838	50569965.112897605	24241.188621770787	-18638.749689541968	29.03557059645872	3714.9623256425307
579770421.2273525	-86051301130.90514	-131170784382.14691	52255389.820991695	24434.70606029931	-18371.40460535878	29.48658101467696	3712.039620384273
579828021.2273525	-84638366976.5355	-132221233943.32423	53966871.8843423	24624.96283960123	-18102.238709584	29.94033311759715	3709.118379522104
579885621.2273525	-83214568323.44046	-133256128172.00858	55704568.051023446	24811.942993289274	-17831.296283835567	30.396786086252362	3706.1988329978567
579943221.2273525	-81780094349.25575	-134275366018.13112	57468632.702293046	24995.631214628564	-17558.621723111457	30.855898560051173	3703.2812104357804
580000821.2273525	-80335135094.28741	-135278848991.78143	59259217.821665555	25176.01285650469	-17284.259525017635	31.317628646195978	3700.365741105374
580058421.2273525	-78879881423.5231	-136266481168.80875	61076472.96453162	25353.07393119979	-17008.254279028708	31.781933929211924	3697.452653884738
580116021.2273525	-77414524988.66173	-137238169195.80481	62920545.22832844	25526.80110997776	-16730.650655784957	32.24877148058519	3694.5421772244413
580173621.2273525	-75939258190.173	-138193822294.4717	64791579.223268874	25697.181722479945	-16451.49339642965	32.718097868509346	3691.6345391119007
580231221.2273525	-74454274139.39645	-139133352265.37708	66689717.04363521	25864.20375593289	-16170.827301989824	33.189869167738024	3688.729967036276
580288821.2273525	-72959766620.69206	-140056673491.0984	68615098.23964314	26027.855854169495	-15888.697222804549	33.66404096954278	3685.828687953869
580346421.2273525	-71455930053.65222	-140963702938.7602	70567859.78988266	26188.127316465318	-15605.148048003994	34.14056839177481	3682.930928254037
580404021.2273525	-69942959455.38614	-141854360161.9667	72548136.07434106	26345.00809619152	-15320.22469504275	34.619406089028516	3680.0369137256066
580461621.2273525	-68421050402.887115	-142728567302.13373	74556058.84801494	26498.48879928632	-15033.972099290952	35.100508262906224	3677.1468695237954
580519221.2273525	-66890398995.49314	-143586249089.22128	76591757.2151151	26648.560682546617	-14746.435203686628	35.583828672382005	3674.2610201376337
580576821.2273525	-65351201817.45075	-144427332841.8741	78655357.60387288	26795.215651741848	-14457.658948452385	36.06932064426342	3671.379589357888
580634421.2273525	-63803655900.59294	-145251748466.96985	80746983.74195006	26938.44625955169	-14167.688260879993	36.55693708374954	3668.5028002454824
580692021.2273525	-62247958687.1405	-146059428458.58237	82866756.63246125	27078.245703329947	-13876.568045185826	37.04663048508392	3665.6308751004153
580749621.2273525	-60684307992.637314	-146850307896.36172	85014794.53061178	27214.607822696416	-13584.343172440507	37.538352942300804	3662.7640354311743
580807221.2273525	-59112901969.029594	-147624324443.33728	87191212.92095697	27347.52709695894	-13291.05847057585	38.03205616006326	3659.902501924639
580864821.2273525	-57533939067.89771	-148381418343.1465	89396124.49528916	27476.9986423678	-12996.758714471998	38.527691464591506	3657.0464944164796
580922421.2273525	-55947618003.85171	-149121532416.69626	91629639.13115594	27603.018209204718	-12701.488616127988	39.02520981468004	3654.196231862038
580980021.2273525	-54354137718.098526	-149844612058.2591	93891863.87101585	27725.582178708733	-12405.29281491842	39.52456181280201	3651.3519323077026
581037621.2273525	-52753697342.19161	-150550605231.0125	96182902.90203626	27844.687559841186	-12108.215867939265	40.02569771629918	3648.5138128627627
581095221.2273525	-51146496161.970726	-151239462462.02304	98502857.53653806	27960.33198589238	-11810.302240445573	40.528567448655934	3645.682089671748
581152821.2273525	-49532733581.702255	-151911136836.68365	100851826.19309215	28072.51371093222	-11511.596296383777	41.033120610855846	3642.856977887248
581210421.2273525	-47912609088.42838	-152565583992.60767	103229904.3782722	28181.231606107325	-11212.142289021316	41.539306492819094	3640.038691643207
581268021.2273525	-46286322216.53342	-153202762112.9864	105637184.66906908	28286.485155787264	-10911.984351676196	42.04707408491927	3637.2274440287024
581325621.2273525	-44654072512.53681	-153822631919.4154	108073756.69597036	28388.27445356235	-10611.166488548892	42.55637208957771	3634.4234470621873
581383221.2273525	-43016059500.121056	-154425156664.19586	110539707.12670973	28486.60019809568	-10309.732565659331	43.0671489329341	3631.626911666213
581440821.2273525	-41372482645.40201	-155010302122.11694	113035119.65069157	28581.46368883209	-10007.726301891082	43.57935277659138	3628.8380476426155
581498421.2273525	-39723541322.451225	-155578036581.72534	115560074.96409318	28672.866821566684	-9705.191260145244	44.09293152943353	3626.0570636481707
581556021.2273525	-38069434779.0766	-156128330836.0887	118114650.75565073	28760.81208387576	-9402.17083860624	44.60783285951453	3623.284167170714
581613621.2273525	-36410362102.87127	-156661158173.05908	120698921.69313076	28845.30255041279	-9098.708262121854	45.124004206016856	3620.5195645057224
581671221.2273525	-34746522187.53593	-157176494365.04324	123312959.41049445	28926.34187807235	-8794.846573699313	45.64139279127761	3617.7634607333525
581728821.2273525	-33078113699.48474	-157674317658.28674	125956832.49575381	29003.934301024845	-8490.628626119966	46.1599456328813	3615.0160596959404
581786421.2273525	-31405335044.739838	-158154608761.678	128630606.4795287	29078.084625624782	-8186.097073673964	46.67960955581658	3612.27756397595
581844021.2273525	-29728384336.123314	-158617350835.08057	131334343.82430488	29148.798225195642	-7881.294364017356	47.20033120469615	3609.5481748743778
581901621.2273525	-28047459360.75287	-159062529477.1989	134068103.91439763	29216.081034694274	-7576.262730153214	47.722057056037684	3606.8280923896014
581959221.2273525	-26362757547.84842	-159490132712.98676	136831943.04662395	29279.93954525752	-7271.044182538526	48.24473343060423	3604.1175151966772
582016821.2273525	-24674475936.85575	-159900150980.60425	139625914.4216891	29340.380798634367	-6965.680501318673	48.76830650580214	3601.4166406270783
582074421.2273525	-22982811145.894043	-160292577117.9312	142450068.13628668	29397.412381506503	-6660.213228690989	49.29272232813525	3598.725664648873
582132021.2273525	-21287959340.53447	-160667406348.6449	145304451.17591953	29451.04241970008	-6354.68366139914	49.817926825713	3596.0447818473413
582189621.2273525	-19590116202.914413	-161024636267.8684	148189107.40844056	29501.279572292064	-6049.132843359648	50.34386582081146	3593.3741854060204
582247221.2273525	-17889476901.194427	-161364266827.39905	151104077.57832077	29548.133025614035	-5743.601558421955	50.870485042484795	3590.714067088186
582304821.2273525	-16186236059.36351	-161686300320.52313	154049399.3016432	29591.612487156453	-5438.1303232635655	51.397730139226056	3588.0646172187567
582362421.2273525	-14480587727.398315	-161990741366.4253	157025107.06182915	29631.72817937654	-5132.759380421292	51.92554669167491	3585.4260246666254
582420021.2273525	-12772725351.781326	-162277596894.20084	160031232.20609656	29668.490833412914	-4827.528691459896	52.45388022537138	3582.7984768274064
582477621.2273525	-11062841746.384308	-162546876126.47833	163067802.9426545	29701.91168270989	-4522.477930279376	52.9826762235528	3580.182159606604
582535221.2273525	-9351129063.721252	-162798590562.66055	166134844.33863652	29732.00245655478	-4217.646476561729	53.51188013999326	3577.577257403192
582592821.2273525	-7637778766.5759735	-163032753961.79218	169232378.31877345	29758.775373531054	-3913.073409358336	54.04143741188284	3574.9839530936056
582650421.2273525	-5922981600.008453	-163249382325.06232	172360423.66481125	29782.243134890705	-3608.7975008186604	54.571293472745474	3572.4024280161343
582708021.2273525	-4206927563.7469177	-163448493877.9498	175518996.015672	29802.41891784873	-3304.8572100615347	55.10139376539344	3569.8328619557237
582765621.2273525	-2489805884.966919	-163630109052.019	178708107.86836243	29819.316368802916	-3001.2906771893267	55.631683754916565	3567.2754331291717
582823221.2273525	-771804991.4629822	-163794250466.37643	181927768.5796328	29832.949596482165	-2698.1357174458317	56.16210894170466	3564.730318170721
582880821.2273525	946887514.7823334	-163940942908.79333	185177984.3683861	29843.333165026153	-2395.429815518726	56.692614874500705	3562.1976921180435
582938421.2273525	2666084883.629013	-164070213316.5055	188458758.31883866	29850.482086999837	-2093.210119986961	57.22314716348413	3559.677728398609
582996021.2273525	4385601242.406525	-164182090756.69666	191770090.38443747	29854.41181634544	-1791.513437913478	57.75365149338092	3557.1705988164404
583053621.2273525	6105251621.132614	-164276606406.67517	195111977.3925321	29855.138241275483	-1490.3762295839624	58.28407363660011	3554.6764735392458
583111221.2273525	7824851977.321457	-164353793533.7516	198484413.04980385	29852.677677109554	-1189.834603391726	58.81435946639375	3552.195521085926
583168821.2273525	9544219220.376999	-164413687474.82578	201887387.94845337	29847.046859058093	-889.924310869199	59.34445497003913	3549.7279083144517
583226421.2273525	11263171235.569992	-164456325615.69214	205320889.5731498	29838.262934956176	-590.6807418661429	59.87430626204126	3547.273800410108
583284021.2273525	12981526907.594849	-164481747370.0716	208784902.30873945	29826.343457950403	-292.13891987472016	60.40385959735371	3544.8333608741
583341621.2273525	14699106143.703476	-164489994158.37793	212279407.44871587	29811.306379141784	5.666502498263071	60.933061384615996	3542.406751512517
583399221.2273525	16415729896.414673	-164481109386.22806	215804383.20445445	29793.170040187837	302.7012479122095	61.46185819940567	3539.994132425648
583456821.2273525	18131220185.797028	-164455138422.70425	219359804.71521086	29771.953165866667	598.9314185266358	61.990196797503145	3537.595661997646
583514421.2273525	19845400121.32025	-164412128578.37622	222945644.05888116	29747.674856606267	894.3235000878776	62.51802412816779	3535.211496886538
583572021.2273525	21558093923.277985	-164352129083.09247	226561870.26353037	29720.35458098165	1188.844365869345	63.04528734742272	3532.841792014571
583629621.2273525	23269126943.775345	-164275191063.5489	230208449.31968385	29690.01216818316	1482.4612804649914	63.57193383134721	3530.4867005588944
583687221.2273525	24978325687.283325	-164181367520.64273	233885344.19338596	29656.667800458457	1775.1419034366481	64.09791118937412	3528.14637394257
583744821.2273525	26685517830.75679	-164070713306.62103	237592514.84002462	29620.342005531442	2066.854292815362	64.62316727759115	3525.8209618259084
583802421.2273525	28390532243.31456	-163943285102.03162	241329918.218921	29581.055649000675	2357.5669084571273	65.14765021204344	3523.510612098123
583860021.2273525	30093199005.48162	-163799141392.48434	245097508.3086863	29538.829926720344	2647.2486152535184	65.67130838203624	3521.2154708693
583917621.2273525	31793349427.993126	-163638342445.23257	248895236.12334543	29493.686357166443	2935.868686197904	66.19409046343475	3518.935682462675
583975221.2273525	33490816070.1557	-163460950285.5814	252723049.72922432	29445.646773791108	3223.3968053072003	66.71594543196096	3516.671389407215
584032821.2273525	35185432757.77078	-163267028673.13208	256580894.26260594	29394.733317367663	3509.8030704005796	67.23682257648348	3514.4227324305007
584090421.2273525	36877034600.61548	-163056643077.87018	260468711.9481497	29340.968428329223	3795.0579957352675	67.7566715123002	3512.1898504518977
584148021.2273525	38565458009.481575	-162829860656.10675	264386442.11807522	29284.374839103613	4079.132514500021	68.27544219441131	3509.972880576018
584205621.2273525	40250540712.77487	-162586750226.2788	268334021.23211256	29224.975566446992	4361.99798116782	68.79308493077997	3507.7719580864623
584263221.2273525	41932121772.67048	-162327382244.6197	272311382.8982135	29162.79390377925	4643.626173707478	69.30955039558052	3505.5872164398384
584320821.2273525	43610041600.82853	-162051828780.70477	276318457.89402616	29097.853413523204	4923.989295656049	69.8247896424303	3503.4187872600505
584378421.2273525	45284141973.66873	-161760163492.8825	280355174.1891334	29030.17791945076	5203.059978052421	70.33875411760486	3501.2668003328513
584436021.2273525	46954266047.20296	-161452461603.5982	284421456.96804774	28959.791499038012	5480.811281232918	70.85139567323348	3499.1313836006525
584493621.2273525	48620258371.42945	-161128799874.61774	288517228.65396976	28886.718475832193	5757.216696490481	71.36266658047391	3497.0126631575886
584551221.2273525	50281964904.28638	-160789256582.1603	292642408.9333024	28810.98341183267	6032.250147597795	71.8725195426639	3494.9107632448226
584608821.2273525	51939233025.16834	-160433911491.94647	296796914.7809224	28732.611099888443	6305.885992196054	72.38090770844782	3492.8258062460955
584666421.2273525	53591911548.0044	-160062845834.17093	300980660.48620844	28651.626556114657	6578.099023050045	72.88778468487651	3490.7579126835035
584724021.2273525	55239850733.900215	-159676142278.4063	305193557.6798201	28568.055012330253	6848.8644691709305	73.39310455047824	3488.707201213502
584781621.2273525	56882902303.34557	-159273884908.44623	309435515.3612331	28481.921908519216	7118.157996807877	73.89682186829926	3486.673788623128
584839221.2273525	58520919447.98807	-158856159197.09482	313706439.92701983	28393.25288531763	7385.95571030986	74.39889169891151	3484.657789826436
584896821.2273525	60153756841.9751	-158423051980.91052	318006235.1998824	28302.07377652866	7652.234152858828	74.89926961338604	3482.65931786113
584954421.2273525	61781270652.8653	-157974651434.91138	322334802.45842993	28208.410601667823	7916.9703070755	75.39791170622998	3480.678483885401
585012021.2273525	63403318552.11171	-157511047047.24878	326692040.4676988	28112.2895585405	8180.141595499319	75.89477460828535	3478.7153971749444
585069621.2273525	65019759725.11833	-157032329593.85724	331077845.5104182	28013.73701585384	8441.725880943848	76.38981549958724	3476.7701651201614
585127221.2273525	66630454880.871895	-156538591113.08768	335492111.41901004	27912.779505865215	8701.701466728899	76.88299212218067	3474.8428932235306
585184821.2273525	68235266261.15222	-156029924880.33005	339934729.6083329	27809.443717068985	8960.047096791208	77.37426279289255	3472.9336850971417
585242421.2273525	69834057649.32108	-155506425382.6338	344405589.1091518	27703.756486923805	9216.741955674644	77.86358641605838	3471.0426424603825
585300021.2273525	71426694378.69449	-154968188293.33203	348904576.60234725	27595.744794622173	9471.765668401868	78.3509224962008	3469.16986513777
585357621.2273525	73013043340.49927	-154415310446.6763	353431576.4538487	27485.435753904247	9725.098300228768	78.83623115065856	3467.315451056916
585415221.2273525	74592972991.41719	-153847889812.48914	357986470.7502951	27372.85660591768	9976.72035628333	79.31947312216376	3465.479496246615
585472821.2273525	76166353360.71912	-153266025470.84055	362569139.33541936	27258.03471212522	10226.61278109037	79.80060979136553	3463.6620948350446
585530421.2273525	77733056056.99205	-152669817586.75497	367179459.8471502	27140.99754726199	10474.756957984026	80.27960318929863	3461.8633390480704
585588021.2273525	79292954274.46231	-152059367384.95572	371817307.75543416	27021.772692343908	10721.134708409281	80.75641600979394	3460.083319207637
585645621.2273525	80845922798.91646	-151434777124.6524	376482556.4007665	26900.387827729122	10965.728291114405	81.23101162183085	3458.322123730238
585703221.2273525	82391838013.22594	-150796150074.37808	381175077.03343606	26776.870726233832	11208.520401236097	81.70335408182727	3456.57983912545
585760821.2273525	83930577902.47495	-150143590486.88217	385894738.8534727	26651.249246304364	11449.494169278589	82.17340814586774	3454.856549994514
585818421.2273525	85462022058.69763	-149477203574.0852	390641409.0512994	26523.551325246677	11688.633159988898	82.6411392818659	3453.1523390289576
585876021.2273525	86986051685.22697	-148797095482.10132	395414952.8490819	26393.804972515078	11925.921371129662	83.10651368166057	3451.467287009231
585933621.2273525	88502549600.65872	-148103373266.33432	400215233.54277384	26262.038263061288	12161.343232151434	83.569498273043	3449.8014728033495
585991221.2273525	90011400242.43375	-147396144866.65305	405042112.54485214	26128.27933074555	12394.88360276611	84.0300607317134	3448.1549733655215
586048821.2273525	91512489670.04312	-146675519082.65173	409895449.42773914	25992.556361810817	12626.527771423349	84.48816949316556	3446.52786373474
586106421.2273525	93005705567.85886	-145941605549.00092	414775101.9679076	25854.89758842151	12856.261453691695	84.94379376449658	3444.920217033325
586164021.2273525	94490937247.59456	-145194514710.89423	419680926.19066274	25715.331282268064	13084.070790546215	85.39690353614074	3443.3321044653867
586221621.2273525	95968075650.39969	-144434357799.59634	424612776.41559947	25573.885748238317	13309.942346564601	85.84746959352528	3441.763595315191
586279221.2273525	97437013348.59055	-143661246808.09802	429570505.3027259	25430.589318157217	13533.863108033169	86.29546352864632	3440.214756945405
586336821.2273525	98897644547.02386	-142875294466.88202	434553963.8992555	25285.47034459553	13755.820480965114	86.7408577515628	3438.685654795185
586394421.2273525	100349865084.11464	-142076614219.80585	439563001.6870545	25138.55719474901	13975.80228903244	87.18362550180703	3437.1763523780915
586452021.2273525	101793572432.50441	-141265320200.1066	444597466.63074815	24989.878244388896	14193.79677141356	87.62374085970966	3435.686911279787
586509621.2273525	103228665699.38239	-140441527206.5313	449657205.2264723	24839.461871884596	14409.79258055841	88.06117875763731	3434.2173911554946
586567221.2273525	104655045626.46484	-139605350679.59943	454742062.55127513	24687.336452299794	14623.778779872897	88.495914991141	3432.7678497271645
586624821.2273525	106072614589.6363	-138756906677.9995	459851882.3131522	24533.53035156257	14835.744841324562	88.92792623001388	3431.338342780325
586682421.2273525	107481276598.2574	-137896311855.12775	464986506.9017216	24378.071920710634	15045.680642971303	89.35719002925552	3429.9289241605597
586740021.2273525	108880937294.1434	-137023683435.76953	470145777.4395244	24220.98949021226	15253.576466415043	89.78368483994213	3428.5396457695683
586797621.2273525	110271503950.21718	-136139139192.93063	475329533.8339495	24062.311364363923	15459.422994182063	90.20739001999988	3427.170557560759
586855221.2273525	111652885468.84291	-135242797424.82108	480537614.8297764	23902.06581576513	15663.21130703215	90.62828584488017	3425.8217075343073
586912821.2273525	113024992379.8425	-134334776931.99605	485769858.06232864	23740.28107987137	15864.932881198063	91.04635351813454	3424.493141731624
586970421.2273525	114387736838.20105	-133415196994.65808	491026100.11123484	23576.985349625676	16064.579585557402	91.46157518188804	3423.184904229155
587028021.2273525	115741032621.46625	-132484177350.12314	496306176.5547913	23412.206770169287	16262.143678738805	91.87393392720821	3421.8970371314385
587085621.2273525	117084795126.8436	-131541838170.45648	501609922.02491534	23245.973433632356	16457.617806163973	92.2834138043692	3420.629580563327
587143221.2273525	118418941367.9954	-130588300040.27948	506937170.26268923	23078.313374004843	16650.994997027727	92.6899998330081	3419.3825726612827
587200821.2273525	119743389971.54626	-129623683934.75314	512287754.17448556	22909.25456208829	16842.268661217866	93.09367801217256	3418.1560495636327
587258421.2273525	121058061173.29907	-128648111197.74036	517661505.8886676	22738.824900528823	17031.43258617633	93.49443533025729	3416.950045399667
587316021.2273525	122362876814.16943	-127661703520.15018	523058256.8128593	22567.05221893187	17218.48093370412	93.89225977482772	3415.764592277444
587373621.2273525	123657760335.83917	-126664582918.46799	528477837.6917789	22393.964269058844	17403.4082367112	94.28714034232956	3414.599720270151
587431221.2273525	124942636776.13548	-125656871713.47534	533920078.66562396	22219.588720106414	17586.209395913338	94.67906704768245	3413.4554574008507
587488821.2273525	126217432764.14272	-124638692509.15958	539384809.3290132	22043.95315406812	17766.879676478206	95.06803093375478	3412.331829625427
587546421.2273525	127482076515.04663	-123610168171.82016	544871858.7904634	21867.085061179245	17945.41470462159	95.45402408071976	3411.228860813508
587604021.2273525	128736497824.72069	-122571421809.37068	550381055.7324067	21689.01183544461	18121.810464156442	95.83703961528963	3410.1465727271348
587661621.2273525	129980628064.05544	-121522576750.84248	555912228.471731	21509.760770249908	18296.063292995746	96.21707171982689	3409.084984996888
587719221.2273525	131214400173.03984	-120463756526.08975	561465205.0208492	21329.359054056284	18468.169879611698	96.5941156413306	3408.044115095174
587776821.2273525	132437748654.59433	-119395084845.70053	567039813.1492739	21147.83376617884	18638.127259452325	96.96816770029622	3407.0239783063075
587834421.2273525	133650609568.16518	-118316685581.11482	572635880.4457065	20965.21187264852	18805.932811317667	97.33922529944694	3406.0245876929885
587892021.2273525	134852920523.08217	-117228682744.95332	578253234.3806196	20781.52022215803	18971.584253697067	97.70728693233552	3405.0459540587162
587949621.2273525	136044620671.68443	-116131200471.55708	583891702.369333	20596.78554209137	19135.079641069337	98.07235219181412	3404.088085905603
588007221.2273525	137225650702.22185	-115024362997.74257	589551111.8355768	20411.034434637106	19296.41736016753	98.43442177837062	3403.1509893869843
588064821.2273525	138395952831.5328	-113908294643.77159	595231290.275525	20224.29337298548	19455.596126209934	98.79349750833052	3402.2346682541233
588122421.2273525	139555470797.50693	-112783119794.54033	600932065.3223019	20036.588697609095	19612.614979099017	99.1495823219218	3401.3391237961937
588180021.2273525	140704149851.33545	-111648962880.98764	606653264.8109481	19847.946612627075	19767.473279589838	99.50268029120144	3400.464354772606
588237621.2273525	141841936749.5544	-110505948361.72461	612394716.8438393	19658.393182252712	19920.170705429864	99.85279662784207	3399.61035733658
588295221.2273525	142968779745.8857	-109354200704.88834	618156249.8565471	19467.95432732436	20070.707247471357	100.19993769077708	3398.7771249486873
588352821.2273525	144084628582.88095	-108193844370.21889	623937692.6841404	19276.65582191928	20219.083205758416	100.5441109937024	3397.964648278869
588410421.2273525	145189434483.3724	-107025003791.36354	629738874.6279106	19084.52329005038	20365.299185589876	100.88532521243364	3397.1729150951737
588468021.2273525	146283150141.736	-105847803358.40839	635559625.5225174	18891.582202445585	20509.356093559792	101.2235901921165	3396.401910137148
588525621.2273525	147365729714.97156	-104662367400.63754	641399775.8035499	18697.857873409357	20651.25513357713	101.55891695428922	3395.6516149714284
588583221.2273525	148437128813.60422	-103468820169.52327	647259156.5754809	18503.37545776638	20790.997802866055	101.89131770379572	3394.9220078266253
588640821.2273525	149497304492.41266	-102267285821.94666	653137599.6800272	18308.159947886805	20928.585887948353	102.22080583554703	3394.213063404041
588698421.2273525	150546215240.98752	-101057888403.65002	659034937.7648839	18112.236170792916	21064.021460609503	102.54739594113016	3393.524752660057
588756021.2273525	151583820974.1263	-99840751832.9227	664951004.3528413	17915.628785346762	21197.306873849968	102.87110381526296	3392.8570425552093
588813621.2273525	152610083022.0683	-98615999884.51926	670885633.9112674	17718.362279518202	21328.444757822886	103.19194646209263	3392.2098957639178
588871221.2273525	153624964120.5739	-97383756173.81366	676838661.9219472	17520.460967733336	21457.438015759904	103.50994210133706	3391.58327033755
588928821.2273525	154628428400.855	-96144144141.18674	682809924.9512758	17321.94898830239	21584.289819886435	103.82511017426708	3390.9771193119077
588986421.2273525	155620441379.35773	-94897287036.65051	688799260.7207843	17122.85030092701	21709.003607327577	104.13747134952848	3390.3913902481945
589044021.2273525	156600969947.40506	-93643307904.70776	694806508.1780051	16923.18868428621	21831.58307600638	104.44704752880202	3389.8260246940094
589101621.2273525	157569982360.70203	-92382329569.44858	700831507.5676482	16722.987733700666	21952.032180535476	104.7538618522996	3389.2809575476913
589159221.2273525	158527448228.7093	-91114474619.88371	706874100.5030991	16522.27085887466	22070.355128103674	105.0579387040965	3388.7561163052574
589216821.2273525	159473338503.88806	-89839865395.51381	712934130.0382147	16321.06128171514	22186.55637435871	105.35930371729584	3388.2514201639465
589274421.2273525	160407625470.8221	-88558623972.13794	719011440.7394093	16119.382034227601	22300.640619287307	105.65798377902627	3387.7667789496354
589332021.2273525	161330282735.22095	-87270872147.8977	725105878.7580297	15917.255956487825	22412.612803094114	105.95400703527017	3387.3020918266675
589389621.2273525	162241285212.80734	-85976731429.55978	731217291.9029963	15714.705694689172	22522.47810208041	106.24740289552084	3386.8572457372593
589447221.2273525	163140609118.09613	-84676323019.035	737345529.7137156	15511.75369926457	22630.241924524158	106.53820203726747	3386.4321135027767
589504821.2273525	164028231953.06555	-83369767800.13533	743490443.5332379	15308.422223082856	22735.909906562225	106.82643641030714	3386.026551499608
589562421.2273525	164904132495.72787	-82057186325.56752	749651886.5816661	15104.733319718554	22839.48790807634	107.11213924088113	3385.6403967965566
589620021.2273525	165768290788.60107	-80738698804.16406	755829714.0297897	14900.708841794629	22940.982008583484	107.39534503563559	3385.2734636065684
589677621.2273525	166620688127.08896	-79414425088.3505	762023783.0729487	14696.370439397426	23040.39850313232	107.67608958540387	3384.9255388605093
589735221.2273525	167461307047.77075	-78084484661.84798	768233953.0051067	14491.739558563044	23137.743898206467	107.95440996881018	3384.5963766513096
589792821.2273525	168290131316.60587	-76748996627.6138	774460085.2931272	14286.837439834791	23233.024907635667	108.23034455569285	3384.285691219233
589850421.2273525	169107145917.0576	-75408079696.01431	780702043.6512406	14081.685116890418	23326.248448516282	108.5039330103456	3383.9931480495134
589908021.2273525	169912337038.13992	-74061852173.23535	786959694.1156951	13876.303415239065	23417.421637141553	108.77521629457604	3383.718352530126
589965621.2273525	170705692062.39136	-72710431949.92435	793232905.1195785	13670.712950986552	23506.551784943324	109.0442366705791	3383.4608354736256
590023221.2273525	171487199553.7789	-71353936490.06766	799521547.567795	13464.934129668858	23593.646394445634	109.31103770362606	3383.22003466072
590080821.2273525	172256849245.53748	-69992482820.09943	805825494.9121988	13258.987145152507	23678.713155231573	109.57566426456543	3382.9952714638152
590138421.2273525	173014632027.94778	-68626187518.243256	812144623.2268605	13052.891978601514	23761.759939924017	109.83816253213625	3382.785721668122
590196021.2273525	173760539936.0562	-67255166704.08432	818478811.2834654	12846.668397509795	23842.794800181517	110.09857999509187	3382.5903800499677
590253621.2273525	174494566137.34143	-65879536028.37137	824827940.6268268	12640.33595479835	23921.825962709925	110.35696545413256	3382.4080194869184
590311221.2273525	175216704919.33032	-64499410663.0491	831191895.6505036	12433.91398797667	23998.86182529086	110.613369023647	3382.237147911878
590368821.2273525	175926951677.1676	-63114905291.51821	837570563.6725156	12227.421618367149	24073.910952827693	110.86784213326007	3382.0759707374546
590426421.2273525	176625302901.1429	-61726134099.12203	843963835.0111414	12020.877750391941	24146.982073410156	111.12043752918636	3381.9223720221826
590484021.2273525	177311756164.17795	-60333210763.86015	850371603.0607872	11814.301070921414	24218.08407439809	111.37120927538828	3381.7739319207276
590541621.2273525	177986310109.27838	-58936248447.32707	856793764.3679179	11607.710048683413	24287.225998525268	111.62021275453769	3381.627995366325
590599221.2273525	178648964436.9531	-57535359785.87396	863230218.7070379	11401.12293373237	24354.41704002419	111.86750466877933	3381.4817926538176
590656821.2273525	179299719892.60507	-56130656881.993805	869680869.1567103	11194.557756977509	24419.6665407723	112.1131430402956	3381.332590202615
590714421.2273525	179938578253.8959	-54722251295.92682	876145622.1756015	10988.032329769314	24482.983986460702	112.3571872116707	3381.177833879921
590772021.2273525	180565542318.08945	-53310254037.48754	882624387.6785443	10781.564243543473	24544.379002785754	112.5996978460547	3381.0152511244182
590829621.2273525	181180615889.37488	-51894775558.10878	889117079.112599	10575.17086952126	24603.861351664505	112.84073692712403	3380.8428984294796
590887221.2273525	181783803766.1759	-50475925743.10426	895623613.5331129	10368.869358465707	24661.440927474436	113.08036775883966	3380.659161591863
590944821.2273525	182375111728.4463	-49053813904.146065	902143911.6797546	10162.67664049257	24717.127753318342	113.31865496499996	3380.462726100016
591002421.2273525	182954546524.95627	-47628548771.95801	908677898.0525198	9956.60942493542	24770.931977314653	113.55566448858914	3380.252534383606
591060021.2273525	183522115860.57327	-46200238489.21969	915225500.9876925	9750.684200263622	24822.863868914355	113.79146359091814	3380.027741256627
591117621.2273525	184077828383.53876	-44768990603.684	921786652.7337513	9544.917234052835	24872.933815244407	114.02612085055881	3379.7876734496867
591175221.2273525	184621693672.74506	-43334912061.50366	928361289.5272068	9339.324573006796	24921.152317478765	114.25970616206915	3379.531795409588
591232821.2273525	185153722225.01544	-41898109200.76515	934949351.6683626	9133.922043029579	24967.529987237373	114.49229073450917	3379.2596815257075
591290421.2273525	185673925442.3888	-40458687745.23114	941550783.5969805	8928.72524934775	25012.077543013453	114.7239470897465	3378.97099406103
591348021.2273525	186182315619.41364	-39016752798.28608	948165533.9678456	8723.749576681095	25054.80580662998	114.95474906055048	3378.6654658049583
591405621.2273525	186678905930.4528	-37572408837.08556	954793555.7262154	8519.01018946139	25095.72569972548	115.18477178847348	3378.3428864921857
591463221.2273525	187163710417.00256	-36125759706.90847	961434806.1831366	8314.522032098375	25134.84824026975	115.41409172152007	3378.0030921667785
591520821.2273525	187636743975.0276	-34676908615.70686	968089247.090627	8110.2998292916855	25172.184539110036	115.64278661160083	3377.645956827457
591578421.2273525	188098022342.31653	-33225958128.855392	974756844.7167017	7906.358086388359	25207.745796547944	115.87093551177202	3377.271385833594
591636021.2273525	188547562085.85776	-31773010164.0965	981437569.9202336	7702.7110897847015	25241.543298947516	116.09861877325855	3376.879310670682
591693621.2273525	188985380589.24118	-30318165986.68034	988131398.2256365	7499.372907371877	25273.588415374998	116.32591804226145	3376.4696847683763
591751221.2273525	189411496040.08566	-28861526204.696613	994838309.8973603	7296.35738902417	25303.89259427049	116.55291625654623	3376.042480137012
591808821.2273525	189825927417.497	-27403190764.59859	1001558290.0141808	7093.67816712928	25332.467360151913	116.77969764181415	3375.597684643907
591866421.2273525	190228694479.55597	-25943258946.91444	1008291328.543273	6891.348657159569	25359.32431035168	117.00634770785369	3375.1352997926806
591924021.2273525	190619817750.84232	-24481829362.146343	1015037420.4140637	6689.38205828355	25384.47511178627	117.23295324447193	3374.655338900452
591981621.2273525	190999318509.99387	-23018999946.855305	1021796565.5918314	6487.791354016825	25407.931497759124	117.45960231720576	3374.1578255917266
592039221.2273525	191367218777.30435	-21554867959.927727	1028568769.1510646	6286.589312911388	25429.705264797052	117.6863842628111	3373.6427925458897
592096821.2273525	191723541302.36282	-20089529979.02449	1035354041.348547	6085.788489282759	25449.808269520498	117.91338968453024	3373.110280449039
592154421.2273525	192068309551.7349	-18623081897.20936	1042152397.6961643	5885.40122397393	25468.25242554779	118.14071044713621	3372.5603371114335
592212021.2273525	192401547696.69003	-17155618919.752922	1048963859.033422	5685.439645155182	25485.049700433843	118.36843967175339	3371.993016719953
592269621.2273525	192723280600.97513	-15687235561.114227	1055788451.5996578	5485.915669159294	25500.21211264321	118.59667173045388	3371.408379201227
592327221.2273525	193033533808.63782	-14218025642.094597	1062626207.105931	5286.84100135102	25513.75172855798	118.82550224062936	3370.806489675965
592384821.2273525	193332333531.9004	-12748082287.162712	1069477162.8065894	5088.227137030131	25525.68065952052	119.05502805913687	3370.187417988844
592442421.2273525	193619706639.08704	-11277497921.949303	1076341361.570486	4890.085362367152	25536.01105891133	119.28534727621872	3369.5512383012788
592500021.2273525	193895680642.60538	-9806364270.909103	1083218851.951843	4692.426755371109	25544.75511926212	119.51655920919542	3368.898028736798
592557621.2273525	194160283686.98547	-8334772355.1479645	1090109688.2607443	4495.262186888304	25551.92506940426	119.74876439593132	3368.227871070608
592615221.2273525	194413544536.9762	-6862812490.413071	1097013930.6332438	4298.602321631514	25557.533171652783	119.9820645880725	3367.540850456441
592672821.2273525	194655492565.7028	-5390574285.244896	1103931645.1010811	4102.457619238701	25561.5917190259	120.21656274405578	3366.8370551849944
592730421.2273525	194886157742.88547	-3918146639.2878723	1110862903.6609826	3906.838335360518	25564.11303250038	120.4523630218894	3366.1165764692364
592788021.2273525	195105570623.1217	-2445617741.758095	1117807784.3435478	3711.754522775735	25565.10945830261	120.68957077170347	3365.3795082526503
592845621.2273525	195313762334.2337	-973075070.0657501	1124766371.281691	3517.2160325339005	25564.593365235607	120.92829252807078	3364.62594703713
592903221.2273525	195510764565.6825	499394611.408432	1131738754.7786427	3323.232515124554	25562.57714204191	121.16863600209732	3363.8559917277703
592960821.2273525	195696609557.04953	1971705252.3875504	1138725031.3754802	3129.813421671946	25559.07319480249	121.41071007328125	3363.0697434922286
593018421.2273525	195871330086.5886	3443771517.6219482	1145725303.91819	2936.9680051549913	25554.093944371714	121.65462478114176	3362.2673056326944
593076021.2273525	196034959459.84848	4915508787.668434	1152739681.624238	2744.7053216510685	25547.651823848253	121.90049131661448	3361.448783468796
593133621.2273525	196187531498.36734	6386833159.5229645	1159768280.1486375	2553.034231603613	25539.759276082084	122.14842201321616	3360.614284230027
593191221.2273525	196329080528.44177	7857661447.11142	1166811221.6495016	2361.9634011122735	25530.428751217583	122.39853033797613	3359.763916956474
593248821.2273525	196459641369.9698	9327911181.639465	1173868634.8530648	2171.5013032452352	25519.67270427252	122.65093088213544	3358.8977924068145
593306421.2273525	196579249325.37106	10797500611.80532	1180940655.1181688	1981.656219372655	25507.503592753263	122.90573935161191	3358.0160229726766
593364021.2273525	196687940168.5836	12266348703.874756	1188027424.5001845	1792.4362405208776	25493.933874305683	123.16307255723228	3357.1187225986014
593421621.2273525	196785750134.1395	13734375141.622269	1195129091.8143668	1603.8492687465578	25478.976004402273	123.42304840473085	3356.206006706934
593479221.2273525	196872715906.3205	15201500326.13993	1202245812.6986299	1415.9030185299735	25462.642434064855	123.6857858845132	3355.2779921270667
593536821.2273525	196948874608.3938	16667645375.517181	1209377749.6757236	1228.6050181867777	25444.94560762329	123.951405061186	3354.3347970285276
593594421.2273525	197014263791.93088	18132732124.390587	1216525072.2148	1041.9626112978995	25425.897960509807	124.22002706285252	3353.3765408574823
593652021.2273525	197068921426.20712	19596683123.369446	1223687956.7923543	855.9829581563308	25405.511917088974	124.49177407017272	3352.40334427626
593709621.2273525	197112885887.68768	21059421638.336555	1230866586.9525375	670.6730372307211	25383.79988852322	124.7667693051888	3351.4153291055704
593767221.2273525	197146195949.59604	22520871649.626785	1238061153.3668058	486.0396466447646	25360.77427067376	125.04513701991534	3350.4126182691134
593824821.2273525	197168890771.56995	23980957851.086082	1245271853.8929164	302.08940567195805	25336.44744203688	125.3270024846947	3349.39533574033
593882421.2273525	197181009889.40222	25439605649.013374	1252498893.633242	118.82875624478675	25310.831761715326	125.61249197631577	3348.3636064910565
593940021.2273525	197182593204.8703	26896741160.98516	1259742484.992394	-63.736035521789745	25283.93956742485	125.90173276589836	3347.317556441883
593997621.2273525	197173680975.65308	28352291214.567368	1267002847.7341404	-245.59887779362998	25255.783173535583	126.19485310654142	3346.257312414042
594055221.2273525	197154313805.33707	29806183345.914993	1274280209.037606	-426.7538514678363	25226.374869148225	126.49198222073555	3345.183002082663
594112821.2273525	197124532633.51172	31258345798.262177	1281574803.5527453	-607.1952086110041	25195.72691620481	126.79325028753932	3344.0947539312483
594170421.2273525	197084378725.9558	32708707520.304184	1288886873.4550614	-786.9173708857779	25163.851547633978	127.09878842952072	3342.9926972072594
594228021.2273525	197033893664.9135	34157198164.473442	1296216668.4995718	-965.9149279664407	25130.760965530386	127.40872869946182	3341.8769618786823
594285621.2273525	196973119339.46378	35603748085.11214	1303564446.074	-1144.1826359439528	25096.467339368442	127.72320406682866	3340.7476785914864
594343221.2273525	196902097935.98007	37048288336.542534	1310930471.2511816	-1321.7154157211362	25060.982804249663	128.04234840400375	3339.60497862788
594400821.2273525	196820871928.68408	38490750671.037476	1318315016.8406687	-1498.5083513984646	25024.319459183993	128.36629647228463	3338.4489938652855
594458421.2273525	196729484070.2923	39931067536.69306	1325718363.439528	-1674.5566886510587	24986.489365404515	128.69518390764546	3337.279856735959
594516021.2273525	196627977382.7559	41369172075.2043	1333140799.4822958	-1849.8558330972828	24947.50454471552	129.0291472062637	3336.0977001871934
594573621.2273525	196516395148.09546	42804998119.54784	1340582621.2901144	-2024.4013486597414	24907.376977873628	129.36832370981105	3334.902657642039
594631221.2273525	196394780899.3301	44238480191.571754	1348044133.1189983	-2198.188955918916	24866.118603001898	129.712851590509	3333.694862960499
594688821.2273525	196263178411.50113	45669553499.49452	1355525647.2072353	-2371.2145304600526	24823.741314036473	130.06286983594973	3332.4744504011455
594746421.2273525	196121631692.79202	47098153935.31659	1363027483.8219142	-2543.474101213913	24780.256959205817	130.41851823368117	3331.241554583111
594804021.2273525	195970184975.74344	48524218072.14357	1370549971.3045487	-2714.9638487915736	24735.677339541995	130.7799373555584	3329.9963104484214
594861621.2273525	195808882708.56448	49947683161.42667	1378093446.1158004	-2885.680103814185	24690.014207424047	131.14726854185892	3328.738853224633
594919221.2273525	195637769546.5404	51368487130.11844	1385658252.8792732	-3055.619345237723	24643.279265153047	131.52065388516533	3327.4693183877407
594976821.2273525	195456890343.5367	52786568577.748604	1393244744.4243803	-3224.7781986736054	24595.48416355862	131.90023621401235	3326.1878416253244
595034421.2273525	195266290143.6006	54201866773.41907	1400853281.828255	-3393.153434705152	24546.64050063676	132.2861590763015	3324.894558799915
595092021.2273525	195066014172.6588	55614321652.72289	1408484234.4567044	-3560.7419672008627	24496.75982021852	132.67856672248098	3323.589605912546
595149621.2273525	194856107830.3133	57023873814.58667	1416137980.004187	-3727.5408516245625	24445.853610669525	133.0776040884933	3322.273119066475
595207221.2273525	194636616681.73398	58430464518.03837	1423814904.5327983	-3893.5472833429003	24393.933303619902	133.4834167784902	3320.9452344310494
595264821.2273525	194407586449.64886	59834035678.904755	1431515402.5102582	-4058.75859593096	24341.010272724336	133.89615104731365	3319.6060882057022
595322421.2273525	194169063006.43265	61234529866.43592	1439239876.84688	-4223.1722594758	24287.095832452178	134.31595378274687	3318.2558165840555
595380021.2273525	193921092366.2922	62631890299.86217	1446988738.93151	-4386.785878878788	24232.201236907098	134.74297248753268	3316.8945557181187
595437621.2273525	193663720677.54996	64026060844.88489	1454762408.6664293	-4549.597192157166	24176.337678676144	135.1773552611598	3315.5224416825654
595495221.2273525	193396994215.02576	65416986010.09875	1462561314.5011916	-4711.604068744624	24119.51628770788	135.61925078142042	3314.139610439075
595552821.2273525	193120959372.51605	66804610943.3537	1470385893.4653978	-4872.804507792138	24061.748130219406	136.0688082857359	3312.746197800727
595610421.2273525	192835662655.37097	68188881428.05285	1478236591.200391	-5033.196636468717	24003.044207631818	136.52617755225322	3311.342339396433
595668021.2273525	192541150673.16992	69569743879.38947	1486113861.9898486	-5192.778708262719	23943.415455533966	136.99150888071213	3309.9281706354045
595725621.2273525	192237470132.49347	70947145340.52747	1494018168.7892723	-5351.549101284247	23882.872742674175	137.4649530730834	3308.5038266716306
595783221.2273525	191924667829.79544	72321033478.72119	1501949983.2543488	-5509.50631656845	23821.426869979594	137.94666141398005	3307.069442368372
595840821.2273525	191602790644.37	73691356581.3826	1509909785.7681863	-5666.648976380743	23759.08856960301	138.43678565083883	3305.6251522626535
595898421.2273525	191271885531.41803	75058063552.09262	1517898065.4673932	-5822.9758225236965	23695.868503996593	138.93547797387737	3304.171090529746
595956021.2273525	190931999515.21072	76421103906.56018	1525915320.2669992	-5978.485714646237	23631.777265012628	139.44289099582286	3302.707390947636
596013621.2273525	190583179682.34988	77780427768.53108	1533962056.8842077	-6133.177628555426	23566.825373030555	139.95917773141593	3301.2341868614717
596071221.2273525	190225473175.12598	79135985865.64561	1542038790.860948	-6287.050654530904	23501.023276110336	140.48449157669012	3299.7516111479745
596128821.2273525	189858927184.97284	80487729525.25012	1550146046.5852427	-6440.103995642695	23434.38134917165	141.0189862880257	3298.25979617982
596186421.2273525	189483588946.01974	81835610670.16069	1558284357.3113518	-6592.336966072265	23366.90989319873	141.5628159609815	3296.758873789973
596244021.2273525	189099505728.73883	83179581814.38208	1566454265.1786942	-6743.7489894373475	23298.619134470442	142.1161350089026	3295.2489752359743
596301621.2273525	188706724833.69043	84519596058.78375	1574656321.2295337	-6894.339597120797	23229.51922381542	142.67909814130576	3293.7302311641733
596359221.2273525	188305293585.36386	85855607086.73155	1582891085.4254038	-7044.108426603457	23159.620235891925	143.2518603420463	3292.2027715739036
596416821.2273525	187895259326.11346	87187569159.68236	1591159126.6622877	-7193.055219801948	23088.932168491912	143.83457684725974	3290.6667257815943
596474421.2273525	187476669410.1913	88515437112.73526	1599461022.7844942	-7341.179821410789	23017.464941869475	144.42740312308865	3289.1222223848113
596532021.2273525	187049571197.8749	89839166350.14719	1607797360.5972698	-7488.48217724968	22945.22839809286	145.0304948431873	3287.5693892262298
596589621.2273525	186614012049.68948	91158712840.81204	1616168735.878097	-7634.962332616187	22872.232300420015	145.64400786601007	3286.008353357528
596647221.2273525	186170039320.7257	92474033113.70255	1624575753.3866754	-7780.620430643544	22798.486332697394	146.2680982118821	3284.4392410032037
596704821.2273525	185717700355.05133	93785084253.28023	1633019026.8735807	-7925.456710664432	22724.000098781602	146.90292203985416	3282.8621775243046
596762421.2273525	185257042480.2173	95091823894.87167	1641499179.0875897	-8069.471506580554	22648.783121983586	147.54863562434213	3281.277287382077
596820021.2273525	184788113001.85693	96394210220.01357	1650016841.781639	-8212.6652452383	22572.844844535146	148.20539533155227	3279.6846941015206
596877621.2273525	184310959198.3796	97692201951.7677	1658572655.717434	-8355.038444810732	22496.19462707742	148.87335759569345	3278.0845202348582
596935221.2273525	183825628315.75604	98985758350.00748	1667167270.6686723	-8496.591713186197	22418.841748171064	149.55267889497662	3276.4768873249063
596992821.2273525	183332167562.39774	100274839206.6755	1675801345.4228833	-8637.325746363354	22340.795403827775	150.2435157274039	3274.8619158683528
597050421.2273525	182830624104.1269	101559404841.01715	1684475547.7818646	-8777.241326853498	22262.064707062855	150.94602458634625	3273.239725278938
597108021.2273525	182321045059.2404	102839416094.78647	1693190554.5607111	-8916.339322089503	22182.658687468727	151.66036193591373	3271.6104338505343
597165621.2273525	181803477493.6624	104114834327.43025	1701947051.58541	-9054.6206828424	22102.5862908087	152.38668418611553	3269.974158720131
597223221.2273525	181277968416.19147	105385621411.24661	1710745733.6890054	-9192.086441644882	22021.85637863115	153.12514766781612	3268.3310158307145
597280821.2273525	180744564773.83408	106651739726.52573	1719587304.706317	-9328.737711222933	21940.477727903373	153.87590860748168	3266.6811198940477
597338421.2273525	180203313447.23248	107913152156.666	1728472477.4671884	-9464.575682934577	21858.459030665268	154.63912310172577	3265.0245843533517
597396021.2273525	179654261246.1789	109169822083.27397	1737401973.7882764	-9599.60162521692	21775.808893702113	155.4149470916489	3263.3615213458834
597453621.2273525	179097454905.22095	110421713381.24411	1746376524.4633436	-9733.816882040901	21692.535838236523	156.20353633697772	3261.6920416654143
597511221.2273525	178532941079.35504	111668790413.82233	1755396869.2520673	-9867.22287137431	21608.648299639026	157.0050463900011	3260.01625472461
597568821.2273525	177960766339.8083	112911018027.65224	1764463756.8673291	-9999.821083652932	21524.154627157164	157.81963256930882	3258.3342685173106
597626421.2273525	177380977169.90817	114148361547.80797	1773577944.960997	-10131.613080260177	21439.06308366269	158.6474499333301	3256.6461895807165
597684021.2273525	176793619961.0394	115380786772.81189	1782740200.108174	-10262.60049201517	21353.381845416618	159.4886532536749	3254.9521229574793
597741621.2273525	176198741008.6879	116608259969.63942	1791951297.7899048	-10392.785017669396	21267.11900185192	160.34339698828063	3253.252172157701
597799221.2273525	175596386508.57077	117830747868.71165	1801212022.3743262	-10522.168422412029	21180.282555373513	161.21183525436285	3251.5464391208457
597856821.2273525	174986602552.85294	119048217658.87697	1810523167.0962582	-10650.752536384087	21092.88042117527	162.09412180117383	3249.835024177567
597914421.2273525	174369435126.44754	120260636982.38412	1819885534.0352287	-10778.539253201632	21004.920427073685	162.99040998256808	3248.1180260114534
597972021.2273525	173744930103.40317	121467973929.84306	1829299934.091893	-10905.530528487652	20916.41031335823	163.90085272937907	3246.3955416206986
598029621.2273525	173113133243.37302	122670197035.18109	1838767186.9628747	-11031.72837841338	20827.357732657645	164.82560252160482	3244.6676662797026
598087221.2273525	172474090188.17053	123867275270.58928	1848288121.1139884	-11157.134878248431	20737.770249822424	165.76481136040786	3242.9344935006056
598144821.2273525	171827846458.40588	125059178041.46301	1857863573.7518487	-11281.752160920394	20647.65534182275	166.7186307399279	3241.196114994766
598202421.2273525	171174447450.20645	126245875181.33896	1867494390.7938523	-11405.58241558369	20557.02039766193	167.68721161891034	3239.452620634185
598260021.2273525	170513938432.01923	127427336946.82448	1877181426.836512	-11528.627886197715	20465.872718304978	168.670704392151	3237.7040984128903
598317621.2273525	169846364541.49454	128603534012.52608	1886925545.1221535	-11650.89087011451	20374.219516621975	169.66925886176003	3235.950634408282
598375221.2273525	169171770782.45117	129774437465.97331	1896727617.5039396	-11772.373716675906	20282.067917346147	170.68302420824497	3234.1923127424566
598432821.2273525	168490202021.92245	130940018802.54092	1906588524.4092276	-11893.078825820041	20189.424957046278	171.71214896141666	3232.4292155435114
598490421.2273525	167801702987.28055	132100249920.37122	1916509154.8012552	-12013.008646697865	20096.29758411307	172.75678097111552	3230.6614229068464
598548021.2273525	167106318263.44296	133255103115.29358	1926490406.1391163	-12132.165676298764	20002.692658759643	173.8170673777662	3228.8890128564717
598605621.2273525	166404092290.15503	134404551075.74706	1936533184.3360555	-12250.552458086366	19908.616953035315	174.89315458275448	3227.1120613063363
598663221.2273525	165695069359.35318	135548566877.70163	1946638403.7160356	-12368.1715806436	19814.077150853012	175.9851882186365	3225.330642021685
598720821.2273525	164979293612.60382	136687123979.58388	1956806986.9685955	-12485.025676327921	19719.07984802956	177.09331311917347	3223.5448265804657
598778421.2273525	164256809038.6213	137820196217.20316	1967039865.1019697	-12601.117419935954	19623.631552339004	178.21767328920012	3221.7546843347973
598836021.2273525	163527659470.86124	138947757798.68262	1977337977.394473	-12716.44952737818	19527.738683578467	179.35841187432635	3219.9602823725145
598893621.2273525	162791888585.19016	140069783299.39365	1987702271.3441286	-12831.024754363292	19431.40757364647	180.5156711304722	3218.161685478809
598951221.2273525	162049539897.63107	141186247656.8959	1998133702.616543	-12944.845895092529	19334.64446663329	181.6895923932406	3216.358956097982
599008821.2273525	161300656762.1834	142297126165.8823	2008633234.9910133	-13057.915780963696	19237.455518923398	182.8803160471274	3214.552154295332
599066421.2273525	160545282368.7179	143402394473.1299	2019201840.3048465	-13170.23727928519	19139.846799309493	184.0879814945729	3212.7413377191897
599124021.2273525	159783459740.94452	144502028572.45883	2029840498.3958995	-13281.813291999784	19041.824289118063	185.31272712485398	3210.9265615631316
599181621.2273525	159015231734.4545	145596004799.69757	2040550197.0433245	-13392.64675441835	18943.393882346158	186.55469028282076	3209.1078785283876
599239221.2273525	158240641034.83417	146684299827.65778	2051331931.9065046	-13502.74063396351	18844.561385809237	187.81400723747822	3207.2853387864684
599296821.2273525	157459730155.85162	147766890661.1161	2062186706.4621754	-13612.097928922938	18745.332519299798	189.0908131504166	3205.458989942036
599354421.2273525	156672541437.71426	148843754631.80728	2073115531.9397233	-13720.721667212814	18645.712915756667	190.38524204409015	3203.6288769960465
599412021.2273525	155879117045.39758	149914869393.42615	2084119427.2546587	-13828.614905150913	18545.70812144461	191.69742676994676	3201.7950423091884
599469621.2273525	155079498967.04462	150980212916.641	2095199418.9402459	-13935.780726239655	18445.323596144193	193.02749897641243	3199.9575255656473
599527221.2273525	154273729012.43466	152039763484.1169	2106356541.0772715	-14042.222239958919	18344.564713351618	194.37558907673053	3198.1163637372238
599584821.2273525	153461848811.52142	153093499685.55304	2117591835.2219849	-14147.94258056874	18243.43676048826	195.7418262166563	3196.2715910478387
599642421.2273525	152643899813.0404	154141400412.72977	2128906350.3321447	-14252.944905921708	18141.944939119963	197.12633824201416	3194.4232389384542
599700021.2273525	151819923283.18335	155183444854.5708	2140301142.691212	-14357.23239628523	18040.09436518551	198.52925166611288	3192.5713360324444
599757621.2273525	150989960304.34128	156219612492.2174	2151777275.8306494	-14460.808253173478	17937.89006923447	199.9506916370264	3190.715908101453
599815221.2273525	150154051773.91394	157249883094.11713	2163335820.450344	-14563.675698189054	17835.33699667394	201.39078190473882	3188.8569780317666
599872821.2273525	149312238403.1856	158274236711.12723	2174977854.3371277	-14665.837971874422	17732.440008024143	202.84964478815675	3186.9945657912485
599930421.2273525	148464560716.2673	159292653671.63226	2186704462.2813873	-14767.298332572873	17629.20387918269	204.32740114199225	3185.128688396864
599988021.2273525	147611059049.1041	160305114576.67807	2198516735.99178	-14868.06005529919	17525.633301697246	205.82417032351628	3183.259359882839
600045621.2273525	146751773548.5467	161311600295.12085	2210415774.008009	-14968.126430619925	17421.732883046527	207.34007015918675	3181.38659126949
600103221.2273525	145886744171.48807	162312091958.79358	2222402681.611697	-15067.500763543118	17317.507146929347	208.87521691115208	3179.510390532772
600160821.2273525	145016010684.06335	163306570957.68845	2234478570.735303	-15166.186372417651	17212.960533561694	210.42972524363324	3177.6307625745753
600218421.2273525	144139612660.91272	164295018935.15668	2246644559.8691144	-15264.186587841943	17108.09739998146	212.00370818918606	3175.747709193829
600276021.2273525	143257589484.50677	165277417783.1277	2258901773.9662976	-15361.504751582186	17002.922020360806	213.59727711484547	3173.8612290584388
600333621.2273525	142369980344.53506	166253749637.3435	2271251344.3459682	-15458.144215499817	16897.438586326076	215.21054168815596	3171.971317678119
600391221.2273525	141476824237.35434	167223996872.6147	2283694408.594337	-15554.10834048842	16791.651207284813	216.84360984308742	3170.077967378152
600448821.2273525	140578159965.49915	168188142098.0938	2296232110.463859	-15649.400495419903	16685.563910760036	218.49658774584208	3168.1811672741314
600506421.2273525	139674026137.2525	169146168152.56842	2308865599.77043	-15744.02405609982	16579.180642731466	220.16957976055153	3166.2809032477253
600564021.2273525	138764461166.27585	170098058099.77484	2321596032.288597	-15837.982404231941	16472.50526798347	221.86268841486813	3164.377157923519
600621621.2273525	137849503271.29938	171043795223.7309	2334424569.644779	-15931.278926391913	16365.541570459858	223.57601436545357	3162.469910646974
600679221.2273525	136929190475.87086	171983363024.0896	2347352379.208501	-16023.917013009886	16258.293253625123	225.3096563633651	3160.5591374635596
600736821.2273525	136003560608.1625	172916745211.515	2360380633.9816394	-16115.900057362349	16150.763940832021	227.06371121934288	3158.6448110991
600794421.2273525	135072651300.83572	173843925703.07773	2373510512.485651	-16207.231454572731	16042.957175695536	228.83827376900152	3156.726900941389
600852021.2273525	134136499990.96312	174764888617.67358	2386743198.646804	-16297.914600620981	15934.876422472786	230.63343683792556	3154.8053730231195
600909621.2273525	133195143920.00826	175679618271.4629	2400079881.679387	-16387.952891361863	15826.52506644916	232.44929120667615	3152.8801900061767
600967221.2273525	132248620133.86026	176588099173.33383	2413521755.966918	-16477.34972155217	15717.906414330117	234.28592557570482	3150.951311167343
601024821.2273525	131296965482.92491	177490316020.387	2427070020.941304	-16566.10848388652	15609.023694638789	236.14342653018346	3149.0186923854626
601082421.2273525	130340216622.27122	178386253693.44415	2440725880.959997	-16654.232568041814	15499.880058119235	238.02187850474843	3147.0822861301103
601140021.2273525	129378410011.83243	179275897252.57953	2454490545.1810966	-16741.72535973024	15390.478578145136	239.92136374816215	3145.1420414518198
601197621.2273525	128411581916.66156	180159231932.6753	2468365227.4364285	-16828.59023976085	15280.822251133945	241.84196228789756	3143.1979039739044
601255221.2273525	127439768407.24055	181036243139.00098	2482351146.102579	-16914.8305831095	15170.913996966186	243.78375189464262	3141.249815885927
601312821.2273525	126463005359.84285	181906916442.81735	2496449523.969875	-17000.449757997165	15060.756659410035	245.74680804673358	3139.2977159388533
601370421.2273525	125481328456.94891	182771237577.00412	2510661588.10932	-17085.451124976596	14950.35300655087	247.73120389451415	3137.3415394419376
601428021.2273525	124494773187.71416	183629192431.7136	2524988569.7374744	-17169.838036027173	14839.705731225828	249.7370102246271	3135.3812182613774
601485621.2273525	123503374848.48775	184480767050.04938	2539431704.0792823	-17253.613833657946	14728.817451463054	251.76429542423728	3133.416680820778
601543221.2273525	122507168543.38501	185325947623.76898	2553992230.228816	-17336.78185001869	14617.690710925981	253.8131254451938	3131.447852103462
601600821.2273525	121506189184.90897	186164720489.01422	2568671391.0079765	-17419.345406019045	14506.327979361984	255.8835637681282	3129.4746536566618
601658421.2273525	120500471494.62256	186997072122.06647	2583470432.823118	-17501.30781045562	14394.731653055707	257.9756713664944	3127.4970035976253
601716021.2273525	119490050003.87228	187822989135.12827	2598390605.519594	-17582.67235914689	14282.904055286897	260.0895066705544	3125.514816621666
601773621.2273525	118474959054.55916	188642458272.1318	2613433162.234232	-17663.442334076	14170.847436792483	262.22512553130747	3123.5280040121847
601831221.2273525	117455232799.96089	189455466404.5737	2628599359.245732	-17743.621002541207	14058.563976233076	264.38258118437216	3121.5364736526917
601888821.2273525	116430905205.60263	190262000527.37646	2643890455.8229628	-17823.21161631397	13946.055780663759	266.56192421381866	3119.540130040844
601946421.2273525	115402010050.17403	191062047754.77863	2659307714.0712132	-17902.217410804747	13833.324886008695	268.7632025159553	3117.538874304525
602004021.2273525	114368580926.49646	191855595316.25046	2674852398.776316	-17980.641604236167	13720.373257540163	270.9864612630745	3115.5326042199767
602061621.2273525	113330651242.53625	192642630552.43915	2690525777.2467113	-18058.48739682373	13607.20279036134	273.23174286715727	3113.5212142319992
602119221.2273525	112288254222.46577	193423140911.14008	2706329119.153391	-18135.757969963746	13493.815309893125	275.4990869435418	3111.5045954762277
602176821.2273525	111241422907.76968	194197113943.29846	2722263696.3677835	-18212.45648542879	13380.21257236471	277.78853027455773	3109.48263580349
602234421.2273525	110190190158.39938	194964537299.03677	2738330782.7975125	-18288.58608457012	13266.396265308053	280.10010677312926	3107.4552198062474
602292021.2273525	109134588653.97107	195725398723.7134	2754531654.2200737	-18364.149887527412	13152.368008055975	282.4338474463497	3105.422228847117
602349621.2273525	108074650895.01094	196479686054.0078	2770867588.1144066	-18439.15099244545	13038.129352243976	284.7897803590295	3103.383541089469
602407221.2273525	107010409204.24437	197227387214.0361	2787339863.4903693	-18513.592474697896	12923.681782315689	287.1679305972241	3101.3390315300912
602464821.2273525	105941895727.92877	197968490211.49573	2803949760.716122	-18587.47738611799	12809.026716031725	289.5683202317381	3099.288572033901
602522421.2273525	104869142437.23297	198702983133.83862	2820698561.343378	-18660.80875423599	12694.16550498227	291.9909682816166	3097.232031370693
602580021.2273525	103792181129.65797	199430854144.47516	2837587547.9305835	-18733.58958152349	12579.099435102913	294.43589067761786	3095.169275253898
602637621.2273525	102711043430.5018	200152091479.00705	2854618003.8639755	-18805.822844644466	12463.829727194005	296.9031002256797	3093.1001663813217
602695221.2273525	101625760794.36803	200866683441.491	2871791213.1765466	-18877.511493712824	12348.357537443311	299.39260657037295	3091.0245644778433
602752821.2273525	100536364506.71541	201574618400.73193	2889108460.3648906	-18948.658451556705	12232.683957952016	301.9044161583522	3088.942326340028
602810421.2273525	99442885685.452	202275884786.6063	2906571030.2039413	-19019.26661298901	12116.810017264113	304.43853220180563	3086.8533058826224
602868021.2273525	98345355282.56805	202970471086.41772	2924180207.559644	-19089.33884408467	12000.736680898763	306.99495464189977	3084.757354186886
602925621.2273525	97243804085.81361	203658365841.28073	2941937277.1994543	-19158.87798146397	11884.46485188624	309.5736801122353	3082.654319550714
602983221.2273525	96138262720.41403	204339557642.53815	2959843523.600797	-19227.886831582393	11767.995371306675	312.1747019023028	3080.5440475405
603040821.2273525	95028761650.82896	205014035128.2076	2977900230.757383	-19296.368170026508	11651.329018832284	314.7980099209529	3078.4263810446846
603098421.2273525	93915331182.54938	205681786979.46072	2996108681.9834375	-19364.32474081611	11534.466513272431	317.4435906598747	3076.3011603289315
603156021.2273525	92798001463.93704	206342801917.13245	3014470159.715812	-19431.759255712364	11417.408513122078	320.11142715709434	3074.1682230928695
603213621.2273525	91676802488.10204	206997068698.26324	3032985945.3140078	-19498.674393531957	11300.15561711315	322.80149896048965	3072.0274045283372
603271221.2273525	90551764094.81854	207644576112.67303	3051657318.8580976	-19565.072799467358	11182.708364768832	325.5137820913249	3069.878537379062
603328821.2273525	89422915972.48366	208285312979.56604	3070485558.944533	-19630.957084412657	11065.067236961302	328.24824900781533	3067.7214520016996
603386421.2273525	88290287660.11002	208919268144.16913	3089471942.479869	-19696.32982429553	10947.232656472082	331.0048685687148	3065.5559764281666
603444021.2273525	87153908549.36008	209546430474.40186	3108617744.4723887	-19761.193559414725	10829.20498855563	333.7836059969362	3063.3819364291835
603501621.2273525	86013807886.61664	210166788857.57953	3127924237.821634	-19825.550793783415	10710.98454150586	336.5844228432068	3061.199155578954
603559221.2273525	84870014775.09229	210780332197.14783	3147392693.10583	-19889.403994478012	10592.571567225736	339.4072769497597	3059.0074553209
603616821.2273525	83722558176.97534	211387049409.4523	3167024378.3672485	-19952.75559099268	10473.96626179976	342.2521224140657	3056.8066550343683
603674421.2273525	82571466915.61243	211986929420.53888	3186820558.8954563	-20015.607974599312	10355.168766069452	345.11890955260884	3054.596572102225
603732021.2273525	81416769677.72983	212579961162.98892	3206782497.00848	-20077.963497712903	10236.17916621199	348.00758486471017	3052.3770219792555
603789621.2273525	80258495015.68828	213166133572.7871	3226911451.831914	-20139.82447326241	10116.997494321555	350.9180909963976	3050.1478182612823
603847221.2273525	79096671349.77618	213745435586.22342	3247208679.075926	-20201.19317406689	9997.62372899389	353.8503667043326	3047.9087727549113
603904821.2273525	77931326970.53752	214317856136.828	3267675430.8101807	-20262.071832216934	9878.057795913744	356.80434681979136	3045.6596955478235
603962421.2273525	76762490041.1359	214883384152.34094	3288312955.2367115	-20322.462638461282	9758.299568445385	359.7799622127054	3043.4003950795222
604020021.2273525	75590188599.7528	215442008551.7154	3309122496.460719	-20382.36774159871	9638.348868226016	362.77713975576427	3041.1306782124484
604077621.2273525	74414450562.02136	215993718242.1556	3330105294.259285	-20441.789247874978	9518.20546576228	365.7958022885854	3038.850350303377
604135221.2273525	73235303723.49509	216538502116.18857	3351262583.8480415	-20500.72922038483	9397.869081029845	368.83586858195247	3036.559215275008
604192821.2273525	72052775762.15039	217076349048.77124	3372595595.6457806	-20559.18967847904	9277.339384075936	371.8972533021255	3034.2570756876653
604250421.2273525	70866894240.92256	217607247894.43185	3394105555.0370073	-20617.172597176475	9156.615995624921	374.97986697522686	3031.9437328110216
604308021.2273525	69677686610.27689	218131187484.44635	3415793682.1324415	-20674.679906581026	9035.698487687103	378.08361595170686	3029.61898669576
604365621.2273525	68485180210.81215	218648156624.05035	3437661191.5274806	-20731.71349130346	8914.586384170492	381.20840237088953	3027.282636245098
604423221.2273525	67289402275.897644	219158144089.68576	3459709292.0586076	-20788.27518988808	8793.279161495742	384.35412412560686	3024.9344792860848
604480821.2273525	66090379934.34238	219661138626.28387	3481939186.5578065	-20844.366794244273	8671.776249214145	387.52067482691723	3022.5743126406046
604538421.2273525	64888140213.09858	220157128944.5829	3504352071.6048803	-20899.990049082695	8550.077030628994	390.7079437689211	3020.201932195999
604596021.2273525	63682710039.99571	220646103718.48236	3526949137.2778106	-20955.146651356252	8428.180843419941	393.9158158936671	3017.817132975239
604653621.2273525	62474116246.50747	221128051582.43353	3549731566.901061	-21009.838249705794	8306.086980270635	397.14417175615995	3015.4197092065824
604711221.2273525	61262385570.55005	221602961128.86545	3572700536.7918844	-21064.066443910382	8183.794689499622	400.39288748946836	3013.0094543926325
604768821.2273525	60047544659.313705	222070820905.64746	3595857216.0045958	-21117.832784342205	8061.30317569468	403.66183476994024	3010.586161378748
604826421.2273525	58829620072.122536	222531619413.58945	3619202766.0728984	-21171.138771426093	7938.611600350121	406.95088078252394	3008.149622420732
604884021.2273525	57608638283.32732	222985345103.97754	3642738340.750163	-21223.985855103594	7815.719082507724	410.25988818620243	3005.6996292517438
604941621.2273525	56384625685.229355	223431986376.14752	3666465085.747738	-21276.375434301546	7692.624699401049	413.5887150795445	3003.235973148374
604999221.2273525	55157608591.033554	223871531575.09543	3690384138.4712915	-21328.30885640513	7569.327487103032	416.9372149663718	3000.758444995833
605056821.2273525	53927613237.83247	224303968989.1252	3714496627.755155	-21379.787416735446	7445.826441177145	420.30523672154993	2998.266835352203
605114421.2273525	52694665789.62015	224729286847.53427	3738803673.5947247	-21430.81235803152	7322.120517332042	423.69262455690307	2995.7609345117
605172021.2273525	51458792340.33563	225147473318.33722	3763306386.876888	-21481.384869936708	7198.2086320797325	427.09921798725946	2993.2405325669097
605229621.2273525	50220018916.9353	225558516506.02652	3788005869.1085052	-21531.506088489605	7074.089663397291	430.52485179662716	2990.7054194699563
