573319221.2273525	-141584065527.56796	45684190946.16828	-21033367.71882826	-9932.994316409315	-28939.530504817427	0.9006915533942339	4000.0
573319222.2273525	-141584075460.55942	45684162006.63673	-21033366.818136178	-9932.988590230796	-28939.53259022463	0.9006926105033108	3999.9999666960584
573319226.2273525	-141584115192.468	45684046248.489685	-21033363.21535728	-9932.965685512356	-28939.54093184179	0.9006968389473535	3999.999833480255
573319242.2273525	-141584274119.18597	45683583215.56785	-21033348.804072548	-9932.874066568873	-28939.574298124022	0.9007137528472758	3999.9993006164245
573319306.2273525	-141584909811.399	45681731078.541954	-21033291.156227335	-9932.507589679366	-28939.70776027039	0.9007814104270144	3999.99716915123
573319562.2273525	-141587452345.7041	45674322445.02719	-21033060.521542616	-9931.041664273405	-28940.241561134604	0.9010520724278556	3999.9886431324744
573320586.2273525	-141597618730.0459	45644686544.73111	-21032137.289714325	-9925.177677157159	-28942.37600102228	0.9021352274117646	3999.9545365295826
573324682.2273525	-141638224213.17444	45526121105.65003	-21028433.258429192	-9901.71716559264	-28950.901541618463	0.9064759635375736	3999.8180696576237
573341066.2273525	-141799684756.02615	45051511344.91844	-21013438.537507843	-9807.802415762737	-28984.808082873045	0.92396905478861	3999.27155388163
573406602.2273525	-142430111721.68082	43147594118.1285	-20950542.059627384	-9430.999788130883	-29117.296868904883	0.9960420810593804	3997.0750605238813
573668746.2273525	-144703176171.36847	35450066703.51227	-20648330.381168116	-7906.758116852921	-29596.604089319248	1.3190908739756138	3988.118856979488
574108199.1537968	-147607241797.0604	22299267570.129383	-19926700.466094743	-5300.73028558208	-30215.19781160925	1.9940854031569237	3972.473034701108
574515629.0200225	-149267573371.43527	9907856388.483845	-18959249.761295874	-2844.751549743496	-30577.9405661963	2.7820683487780844	3957.240159503127
574721978.8090662	-149725429067.80627	3586313468.191435	-18338197.002012357	-1592.280774150604	-30683.43130424414	3.2446619402277523	3949.256187331031
575005331.2775737	-149932455650.75537	-5118597128.8946495	-17320525.687965434	131.31113626602684	-30742.245451480572	3.952675521897166	3938.000352331297
575233231.3834138	-149744592808.36084	-12123140820.358175	-16348724.960902318	1516.9160966344823	-30717.33676079363	4.585131661427742	3928.705279717269
575596300.6032288	-148794389509.73077	-23249336122.13634	-14483887.189693784	3714.545761704891	-30545.323835213534	5.712292598321778	3913.4637538237016
575979490.5741028	-146930454589.37662	-34891468691.2582	-12041157.13007782	6008.380195389507	-30189.354293539403	7.065492648939457	3896.824273470682
576346744.5418669	-144325828862.29877	-45890588340.41816	-9183481.677281978	8168.610185019042	-29683.344058674476	8.52335117956828	3880.3769860796756
576693334.9382141	-141147887066.2306	-56074809556.88249	-5969736.874885701	10161.364128276045	-29061.760273464242	10.045272537596633	3864.4414766950977
577010859.670584	-137637872981.79077	-65196315045.26942	-2542092.650117289	11938.889957242067	-28373.47130069886	11.564372257650273	3849.5215143139458
577094378.7532817	-136621557621.5559	-67557767095.96519	-1558792.6032035984	12397.799164550435	-28174.07576282722	11.98371192133296	3845.5500669118114
577338032.7522624	-133439726456.3758	-74347722151.51463	1514411.6457705975	13714.078270568756	-27549.876863506466	13.253839722342507	3833.860601706751
577580296.1936219	-129962349385.9081	-80940680712.49867	4885235.409992614	14987.13287023196	-26868.169749081557	14.585232341003055	3822.0967767362495
577887428.136143	-125118396038.13872	-89049493810.77219	9636140.241318585	16545.173055227955	-25919.98830361872	16.369858219346185	3807.004796249743
578240390.3086119	-118974663693.6144	-97989933531.41618	15795020.900982361	18251.62078918302	-24720.531102170255	18.551323514448768	3789.453636665489
578632159.3028089	-111471576322.5915	-107393048891.2964	23562764.800358813	20031.124058745594	-23261.331312421622	21.130491618497107	3769.772139546261
579060014.029769	-102511507647.1521	-116979610750.70831	33238214.84800461	21825.770730572254	-21527.844602986745	24.12772649021722	3748.1173833270773
579523609.7143902	-91978144729.38556	-126496072825.53966	45214870.21982234	23582.762256550428	-19503.59594735192	27.573828299001917	3724.5706351801655
580024427.482293	-79739953807.10834	-135685538504.42876	60000745.9035137	25248.980778356585	-17171.339624268647	31.507607668822438	3699.1715674011634
580565850.4765068	-65645003745.16897	-144268424550.55457	78260151.68586648	26767.547392512362	-14512.753227948697	35.9766884147095	3671.928048706275
581111399.7017794	-50693870005.71049	-151429862416.36252	99159685.44299498	27992.19141182064	-11726.479975311246	40.67011918640763	3644.8879061596517
581630057.2708409	-35936051696.60517	-156809997642.063	121441786.82937695	28868.779005883007	-9012.03968830909	45.271521268886346	3619.7322407672373
582116101.948511	-21756668035.33986	-160565576628.0017	144512535.61864305	29436.560143492465	-6439.127552529979	49.67270048377975	3596.7846945061797
582558098.9471885	-8670785025.713785	-162893700388.4939	167361474.7821674	29743.032630527847	-4096.6411250628	53.722175708830314	3576.5458438006212
582714994.79975	-3999074036.460783	-163471416065.03308	175903469.2608767	29804.63868268104	-3268.0829937442804	55.165590362158035	3569.5225878150695
583034169.364866	5524528391.976353	-164246630877.4462	193979982.78934872	29855.249849480515	-1592.0062192990235	58.104963604784636	3555.5172901404317
583375396.6203368	15705840995.447832	-164486862055.01404	214342681.9156994	29801.045820001178	179.93782536794066	61.243193281326676	3540.9903375424306
583697063.9411061	25270214834.06997	-164163652391.4235	234516683.68928102	29650.67047046933	1825.0601464826882	64.18772431025948	3527.7479462414794
584165130.0489242	39066348022.45813	-162759353759.0406	265555873.52703735	29267.022683370204	4163.279714762302	68.42932179260183	3509.3174636339922
584680234.199186	53987556697.439835	-159971534806.83884	301988301.41242003	28631.819297044152	6643.164263869219	73.00911426342883	3490.2645644131203
585236548.2612311	69671341094.25587	-155560479000.64523	343948455.7958171	27714.63826242861	9190.645491040643	77.81379164064462	3471.234621342688
585830799.5110624	85790186563.12808	-149332201152.07553	391665002.0088531	26495.83934210622	11739.783272669643	82.74135681310824	3452.7886015694176
586461417.3206218	102028286308.24394	-141131785709.76514	445421149.83584076	24965.45781210665	14229.167880804325	87.69529196860479	3435.4458325895735
587127973.9281509	118066742903.67737	-130841790336.37907	505524754.8382754	23122.830495560476	16600.009926451068	92.58266684113548	3419.710676626669
587830924.6273485	133577308011.10678	-118382418492.05554	572295618.8514515	20976.327165179922	18795.806539570163	97.31680017028009	3406.0846647593253
588571506.3269869	148220158343.74637	-103712210257.0939	646065982.5266651	18542.98868059941	20762.749490815935	101.82396663851803	3395.068726147577
589329503.670603	161290227510.25778	-87327279337.90976	724839255.3364626	15926.097976599316	22407.76074183641	105.94114434537224	3387.322008076388
590061452.8759387	171999403176.02286	-70450812781.8588	803704187.5640767	13328.254372760915	23650.332059376924	109.48694551349627	3383.069409372909
590578664.566591	178413866913.8705	-58035749287.91091	860931649.926495	11474.848607898595	24330.657672807378	111.77946794343073	3381.534022139355
591212295.3769809	184965519359.508	-42410410397.63817	932600321.298354	9207.094328289486	24951.210143442033	114.40954745631463	3379.3586388074573
591835995.6447463	190017426254.83365	-26714609366.63754	1004733359.3193134	6998.179234266463	25345.347330563123	116.88666853509874	3375.381814439567
592430781.1493313	193562583447.41998	-11574718791.192574	1074953361.6509829	4930.088824418858	25534.04760665246	119.23876877135736	3369.681256558857
592768823.8854402	195033722264.1905	-2936390998.5465717	1115491857.6958344	3776.714360391755	25564.941817890463	120.61038552587942	3365.627081301832
593160825.2585703	196255786930.39093	7081566812.06224	1163093058.0775256	2462.719075976547	25535.526726090422	122.26630597634122	3360.21471336677
593630733.441957	197050001102.97888	19055778138.53016	1221039142.5044706	924.6415311621255	25413.197056914956	124.39101081413747	3352.764830828308
594159115.6370063	197093109778.9326	32424181804.69339	1287450577.71052	-751.6964267660715	25170.20000019445	127.03851882771858	3343.210169241858
594673141.4382244	196300024989.65414	45280231695.68646	1353487355.03306	-2324.1864473607025	24835.3832809848	129.9670833262881	3332.8079913270317
595325606.485003	194155633989.06677	61311884801.51967	1439668093.4353173	-4232.23731998463	24284.081803293502	134.33942839845886	3318.180904717097
596072792.2223438	190215633261.09335	79172902575.47835	1542259892.0190973	-6291.231718464691	23499.21315444749	140.49900144693214	3299.711124395665
596879962.3948475	184291435688.97952	97744863475.92665	1658921658.2865067	-8360.803136566254	22493.060966351477	148.90080453416456	3278.019401478868
597740674.9198134	176208622437.2316	116588132244.34608	1791800045.7643478	-10390.647493192768	21268.53798961047	160.32930598262865	3253.280226952475
598655956.4473218	165784919463.16916	135404577823.7955	1945360924.4569037	-12353.373596506917	19826.023835153388	175.8466367370212	3225.5556463255066
599622580.7828889	152926382660.54388	153781109875.71817	2125000562.0625753	-14216.851806642304	18176.942708771905	196.64743568945335	3195.060390198255
600576297.8179829	138569962425.8878	170300146760.7866	2324322521.87953	-15857.916841108296	16449.729987076982	222.22622956731377	3163.9710306799598
601514228.1957228	123009273249.12787	184901328173.04797	2546648968.523108	-17294.989276749042	14673.655063453562	252.77922064576669	3132.4394847117514
602433702.4818819	106519763323.84341	197568928938.39926	2794959547.760469	-18547.624207753757	12870.994927699441	288.2688098762222	3100.3971691394613
603331543.9253511	89369534502.63492	208315436827.5684	3071380014.9754953	-19634.05374360234	11059.501586234359	328.3781356815052	3067.619357458948
604203971.9853233	71823537688.95503	217179673430.28717	3376746418.6947837	-20570.447350920484	9253.984081032479	372.4924480826445	3033.810190575571
605046418.8515522	54150043865.19239	224226404471.32758	3710128214.1045675	-21370.520328719642	7468.14615591687	419.69563681279163	2998.717935033935
605853194.3240525	36630666995.25661	229547858024.09964	4068288774.4168415	-22045.481362021936	5716.790626284315	468.7796424864006	2962.2613900728406
