573319221.2273525	585162266.5067637	148771950837.92905	207055437776.99597	0.0002449500569230677
573319222.2273525	585162118.9995883	148771951404.39792	207055420647.07858	0.00024495008732894986
573319226.2273525	585161528.9745789	148771953670.27533	207055352127.4085	0.0002449502089525367
573319242.2273525	585159168.9335093	148771962733.8171	207055078048.71704	0.00024495069544791954
573319306.2273525	585149729.7114637	148771998988.49765	207053981733.77588	0.0002449526414458926
573319562.2273525	585111987.9039619	148772144015.4338	207049596471.2081	0.00024496042570089187
573320586.2273525	584961262.2202297	148772724254.60587	207032055376.13083	0.0002449915669289071
573324682.2273525	584362240.4791113	148775047314.33557	206961890282.01285	0.00024511619906215194
573341066.2273525	582029290.4474422	148784373214.84503	206681218684.0981	0.00024561579628780384
573403464.1142713	574128090.7645663	148820384456.7442	205612137689.7898	0.00024753376617793493
573502882.8332582	565167033.5847932	148879382586.60233	203908346603.2596	0.0002506369613395773
573633733.9848238	561346595.218546	148960085541.76547	201665337192.9282	0.0002548016868773206
573792363.6109623	570796705.9701818	149062601927.25473	198945827178.99118	0.0002599569785113595
573976148.9709141	602785132.3258784	149187838323.72836	195795434694.31052	0.0002660496465604993
574183042.9160945	665569758.4761173	149337190260.69022	192250662072.6267	0.000273025155795585
574411382.3542657	764330861.8314863	149512401043.01636	188342336210.2081	0.0002808184554626558
574659803.2805039	901030026.3102285	149715496701.07138	184097208563.74338	0.0002893497257283563
574927196.9185865	1075795920.1051521	149948757524.75342	179538843265.38177	0.00029852265531319104
575212682.6536812	1287977352.052603	150214709968.19736	174688218320.39902	0.00030822405888211247
575515589.5694969	1536161267.1971717	150516132616.60132	169564188968.56122	0.00031832416368230814
575835443.9878169	1818079023.5774047	150856074004.85345	164183867246.47412	0.00032867713510210874
576171962.4440744	2131634706.455928	151237882217.32822	158562938255.50726	0.00033912155196611497
576525050.5332694	2476339108.123309	151665247922.24615	152715919093.17798	0.00034948063908046687
576894808.2690815	2853727036.903669	152142263698.16043	146656367027.1102	0.0003595621099543404
577281543.4350822	3267585796.33674	152673504722.29764	140397036204.10602	0.00036915750373570685
577685795.3085471	3722785299.742506	153264138861.16138	133949978124.06352	0.0003780408872759458
578108372.5078796	4221034571.8832603	153920078767.62585	127326576324.53352	0.00038596673407521366
578550411.4575821	4760975879.11927	154648196852.17157	120537490907.64754	0.0003926666767952251
579013466.5047778	5344858386.692525	155456638278.90903	113592467748.9924	0.0003978445987140924
579499651.5946558	5983447887.206721	156355294514.789	106499922254.61815	0.0004011690912296528
579995840.1958953	6674596730.494664	157324379930.2062	99488624773.30258	0.0004022652201621448
580457672.3262298	7362230115.184091	158272746792.21753	93183478695.32092	0.00040116502035039914
580874538.3316889	8020772354.255003	159166474633.15262	87685908651.66057	0.0003984060882983345
581138735.4477288	8457978245.3878565	159751089488.14542	84301181422.26338	0.0003957920390583821
581382236.3519552	8876438788.932613	160302215521.6159	81252276050.02151	0.0003927919389660432
581704752.6749132	9457406622.166798	161050077806.539	77321387345.56079	0.0003879541442575695
582075769.150646	10171108940.817265	161935162564.99237	72955405513.52757	0.00038118860186872096
582473429.6487494	11001274092.891582	162912530388.02744	68467545968.56276	0.0003725429950298525
582886660.1925821	11944160720.859095	163958778339.5341	64021310695.56398	0.00036207685391788846
583308496.8798499	12996114038.195248	165057978409.10422	59718615702.37573	0.00034989523369351107
583733889.4540406	14156254246.128315	166197197694.8601	55628917356.7594	0.0003361518290089175
584158729.5563262	15426887781.707996	167364555499.71985	51801684083.120926	0.0003210469921474836
584579278.2473755	16810384688.671679	168548031163.22107	48272864342.02324	0.0003048271664064258
584991702.8236743	18302655134.030193	169734372981.0382	45068829818.00983	0.0002877890646150838
585391528.5240772	19883723955.746895	170907602572.83093	42209522333.71045	0.00027029390348976055
585772679.5149703	21516646754.525448	172046138673.14633	39712672040.58066	0.00025280620929608627
586125009.127722	23139004793.268974	173115108008.9101	37604338942.76813	0.00023601232638196558
586422754.0383016	24598547133.013367	174030196348.76495	35971925513.57338	0.00022140204326635547
586700013.4623213	26034252201.645264	174891496000.90204	34573772365.833595	0.00020749270471019987
587041720.5295929	27910411729.244076	175964514929.76797	33009895111.685867	0.0001900008584348551
587424788.6200756	30159274262.42521	177181577160.90918	31460233106.172024	0.0001700139002967298
587839702.0385451	32770068842.353413	178515395353.5305	30013789087.000134	0.0001480297688626997
588281373.7551954	35748154851.31146	179951382330.12833	28721593202.773376	0.00012439970494126226
588746616.0767065	39109716209.44516	181480024299.046	27610299859.0025	9.947113288374802e-05
589233211.8843111	42880196941.637215	183094087934.16373	26686708019.7825	7.370990770881928e-05
589739481.3343263	47090685119.75193	184787312478.80792	25940409482.415276	4.806554125430812e-05
590264036.1144259	51764641745.726295	186553659416.37613	25346756640.2257	2.631877965212942e-05
590805607.5186094	56913608287.027885	188386779484.1174	24870684780.825497	2.616203838357765e-05
591362893.4196386	62550923733.62988	190279534383.79074	24471118287.63732	4.8139557992266604e-05
591934384.1155281	68693926357.68841	192223455411.78195	24105390293.933155	7.445221885323465e-05
592518120.7025883	75348972593.82008	194208002485.8861	23733204776.47732	0.00010113389185282557
593111308.8437314	82486977345.40755	196219394178.42288	23320003673.61131	0.000127092245472064
593709627.867734	90048981393.54211	198238525918.031	22840028172.57645	0.00015169889645193558
594305835.9068248	97937330210.72015	200236751100.70023	22279946062.368183	0.00017442329929751895
594886384.0424607	105950065075.36818	202165498293.8231	21645410536.437	0.00019470142574860882
595270838.0065756	111424078645.83098	203431816788.59982	21174212130.415012	0.00020709128285269907
595693285.3354528	117579757104.41135	204811883844.66617	20609067485.80025	0.00021974043408862023
596226742.8332419	125547965002.69359	206535732009.20963	19825586206.352432	0.00023427845582552967
596876080.6563401	135523755909.05594	208602540311.31088	18771423804.791687	0.000249875255114295
597521566.5061315	145716173443.90005	210619310137.47513	17623166428.085564	0.0002632408699811521
598131417.7975944	155551973064.31818	212487161702.19223	16457650735.20345	0.0002741251145937829
598693992.7532532	164764218250.37643	214175709899.4354	15324059705.431942	0.0002829092697111975
599176123.1372421	172747302660.3512	215595198953.44308	14316574978.161524	0.0002896962949887603
599594533.2845086	179731756109.1841	216805736892.35315	13421498251.991226	0.00029520592145976113
600126557.2813148	188665874101.58438	218315607764.58325	12264161566.28879	0.0003019673533564386
600729913.0024258	198829487631.17776	219987341747.3606	10938963964.562382	0.00030974961900548023
601390282.0289593	209944378355.6881	221766972157.7582	9492777657.354912	0.00031910542559275524
602102150.4372392	221877837030.51892	223626640149.00586	7965373787.177667	0.00033114673516847996
602864428.2547299	234537340476.36417	225551220529.5379	6400951120.050552	0.00034753444212860086
603679364.7211758	247837302189.2763	227534691187.1573	4855484720.242954	0.0003704961841533954
604549920.4126005	261704731909.6111	229573614529.55118	3411500056.2399907	0.00040273399348969904
605291430.6928391	273187046299.66412	231250435553.12228	2409724327.552338	0.0004373790377902476
