573319221.2273525	585162266.5067637	148771950837.92905	207055437776.99597	0.0002449500569230677
573376821.2273525	577303978.2629464	148804912445.06516	206068646248.3722	0.00024671191156401496
573434421.2273525	570832005.7812569	148838541422.8552	205081659329.04623	0.00024849399746592287
573492021.2273525	565908916.9049896	148872839783.9256	204094508846.3547	0.00025029524158250106
573549621.2273525	562690329.4097937	148907809510.39374	203107226690.3313	0.00025211458245809625
573607221.2273525	561320172.249071	148943452553.8191	202119844810.3537	0.00025395097083091606
573664821.2273525	561925978.6496801	148979770835.15598	201132395214.00842	0.0002558033701611998
573722421.2273525	564614615.4782939	149016766244.70737	200144909963.30603	0.00025767075708896795
573780021.2273525	569468871.9371395	149054440642.0801	199157421173.91968	0.0002595521218259519
573837621.2273525	576545273.552379	149092795856.14084	198169961010.94547	0.0002614464684862143
573895221.2273525	585873355.3089395	149131833684.97397	197182561688.5026	0.0002633528153598674
573952821.2273525	597456444.8593197	149171555895.83975	196195255465.4475	0.0002652701951341639
574010421.2273525	611273814.1583306	149211964225.13455	195208074644.67352	0.00026719765506608785
574068021.2273525	627283899.3809522	149253060378.35233	194221051569.18826	0.0002691342571104256
574125621.2273525	645428195.8266892	149294846030.04602	193234218621.0445	0.00027107907800708085
574183221.2273525	665635416.5788977	149337322823.79193	192247608217.8695	0.000273031209331262
574240821.2273525	687825550.128736	149380492372.15424	191261252811.28104	0.0002749897575099688
574298421.2273525	711913539.3400567	149424356256.65094	190275184883.8757	0.0002769538438080034
574356021.2273525	737812405.7496569	149468916027.7211	189289436947.16138	0.00027892260428653625
574413621.2273525	765435738.1929222	149514173204.69348	188304041539.12958	0.00028089518973711927
574471221.2273525	794699540.7310604	149560129275.75574	187319031221.4128	0.0002828707655937974
574528821.2273525	825523487.707498	149606785697.9261	186334438577.65143	0.00028484851182580443
574586421.2273525	857831665.094204	149654143897.02478	185350296210.00327	0.0002868276228131876
574644021.2273525	891552891.5759338	149702205267.6478	184366636738.06436	0.0002888073072074827
574701621.2273525	926620715.0476899	149750971173.14133	183383492794.94077	0.00029078678777943675
574759221.2273525	962973174.6608236	149800442945.57758	182400897026.3246	0.0002927653012556175
574816821.2273525	1000552408.4101284	149850621885.73212	181418882086.65643	0.0002947420981455847
574874421.2273525	1039304173.6947598	149901509263.06183	180437480638.14783	0.00029671644256117286
574932021.2273525	1079177334.9124508	149953106315.6845	179456725346.80328	0.00029868761202927606
574989621.2273525	1120123359.205133	150005414250.36	178476648881.66785	0.00030065489729946636
575047221.2273525	1162095850.0296834	150058434242.47168	177497283910.68143	0.00030261760214756107
575104821.2273525	1205050139.0394406	150112167436.0101	176518663099.87433	0.0003045750431762427
575162421.2273525	1248942950.1579423	150166614943.5573	175540819109.56738	0.0003065265496136478
575220021.2273525	1293732145.4874313	150221777846.2727	174563784592.92603	0.0003084714631108458
575277621.2273525	1339376560.0576055	150277657193.87985	173587592192.99512	0.0003104091375388943
575335221.2273525	1385835930.20663	150334254004.65472	172612274540.58643	0.0003123389387862503
575392821.2273525	1433070917.3353925	150391569265.41547	171637864251.8359	0.00031426024455709193
575450421.2273525	1481043223.8677776	150449603931.5127	170664393925.69086	0.0003161724441711127
575508021.2273525	1529715791.185497	150508358926.82147	169691896141.765	0.00031807493836526196
575565621.2273525	1579053060.720767	150567835143.73492	168720403457.5919	0.0003199671390978909
575623221.2273525	1629021270.979126	150628033443.15817	167749948406.93912	0.00032184846935557704
575680821.2273525	1679588757.2867856	150688954654.50424	166780563496.4062	0.0003237183629630559
575738421.2273525	1730726219.6672606	150750599575.6911	165812281204.4645	0.000325576264396428
575796021.2273525	1782406928.5538995	150812968973.13965	164845133977.51257	0.0003274216285999607
575853621.2273525	1834606847.5425565	150876063581.77298	163879154229.2186	0.00032925392080656457
575911221.2273525	1887304665.041099	150939884105.0176	162914374336.6645	0.0003310726163622422
575968821.2273525	1940481739.5919642	151004431214.8047	161950826639.46783	0.0003328772005544785
576026421.2273525	1994121974.1324403	151069705551.57367	160988543436.27856	0.0003346671684447952
576084021.2273525	2048211640.8299773	151135707724.27658	160027556983.76376	0.0003364420247054808
576141621.2273525	2102739180.0204427	151202438310.38342	159067899493.03516	0.00033820128346054697
576199221.2273525	2157694994.9480352	151269897855.88947	158109603128.8095	0.00033994446813094493
576256821.2273525	2213071259.760934	151338086875.3231	157152700005.962	0.0003416711112840772
576314421.2273525	2268861752.9425764	151407005851.75528	156197222188.3583	0.0003433807544875447
576372021.2273525	2325061723.080505	151476655236.81027	155243201685.98935	0.00034507294816717334
576429621.2273525	2381667789.2107677	151547035450.6774	154290670453.14374	0.0003467472514692233
576487221.2273525	2438677874.1043344	151618146882.1242	153339660386.33203	0.0003484032321267933
576544821.2273525	2496091165.7120786	151689989888.5109	152390203321.8775	0.00035004046633033327
576602421.2273525	2553908099.322031	151762564795.8059	151442331034.3017	0.0003516585386021899
576660021.2273525	2612130350.590486	151835871898.60254	150496075233.7413	0.0003532570416751774
576717621.2273525	2670760827.336715	151909911460.13766	149551467564.58337	0.000354835576375012
576775221.2273525	2729803645.8869143	151984683712.31027	148608539602.72748	0.00035639375150660894
576832821.2273525	2789264076.0779185	152060188855.7028	147667322854.47363	0.00035793118374409917
576890421.2273525	2849148438.311963	152136427059.60236	146727848753.482	0.00035944749752450433
576948021.2273525	2909463937.03712	152213398462.02438	145790148660.18152	0.000360942324944971
577005621.2273525	2970218418.5315547	152291103169.73645	144854253858.39484	0.0003624153056634845
577063221.2273525	3031420047.507727	152369541258.2841	143920195554.93015	0.0003638660868029152
577120821.2273525	3093076906.855406	152448712772.01755	142988004876.3902	0.0003652943228583721
577178421.2273525	3155196536.8878484	152528617724.1199	142057712868.56396	0.00036669967560772727
577236021.2273525	3217785442.731468	152609256096.63605	141129350493.5674	0.00036808181402517206
577293621.2273525	3280848608.2009068	152690627840.50357	140202948629.10037	0.00036944041419781376
577351221.2273525	3344389058.834213	152772732875.58435	139278538065.78476	0.0003707751592450874
577408821.2273525	3408407514.006848	152855571090.69742	138356149506.44138	0.00037208573924098735
577466421.2273525	3472902158.399797	152939142343.6534	137435813563.57648	0.0003733718511389629
577524021.2273525	3537868548.7796383	153023446461.28983	136517560758.36258	0.00037463319869939177
577581621.2273525	3603299656.586719	153108483239.5079	135601421518.7869	0.0003758694924195632
577639221.2273525	3669186033.703075	153194252443.31036	134687426177.97583	0.0003770804494660305
577696821.2273525	3735516080.31225	153280753806.8406	133775604973.19278	0.00037826579360929425
577754421.2273525	3802276390.5086837	153367987033.42322	132865988043.4827	0.0003794252551606775
577812021.2273525	3869452152.2589803	153455951795.6053	131958605429.31647	0.0003805585709113358
577869621.2273525	3937027581.5711813	153544647735.19965	131053487070.05429	0.00038166548407329404
577927221.2273525	4004986374.35402	153634074463.3286	130150662803.6544	0.0003827457442224456
577984821.2273525	4073312162.059739	153724231560.46933	129250162364.2541	0.000383799107243401
578042421.2273525	4141988958.2600503	153815118576.5004	128352015382.13655	0.0003848253352761506
578100021.2273525	4211001583.087439	153906735030.74945	127456251380.97853	0.0003858241966644028
578157621.2273525	4280336051.8419027	153999080412.04214	126562899778.39891	0.0003867954659055748
578215221.2273525	4349979914.071574	154092154178.7525	125671989882.88582	0.0003877389236023181
578272821.2273525	4419922530.956032	154185955758.85394	124783550894.42593	0.0003886543564155412
578330421.2273525	4490155282.226765	154280484549.97217	123897611901.86588	0.00038954155701881814
578388021.2273525	4560671698.901075	154375739919.43884	123014201883.14447	0.00039040032405416295
578445621.2273525	4631467524.0103035	154471721204.3467	122133349703.21858	0.0003912304620890649
578503221.2273525	4702540709.2279215	154568427711.60568	121255084113.93729	0.0003920317815747063
578560821.2273525	4773891359.870397	154665858718.0004	120379433752.48091	0.000392804098805363
578618421.2273525	4845521643.505902	154764013470.24884	119506427140.92668	0.0003935472358788544
578676021.2273525	4917435678.16755	154862891185.06207	118636092685.14116	0.0003942610206580403
578733621.2273525	4989639415.130644	154962491049.20544	117768458673.99312	0.0003949452867332406
578791221.2273525	5062140528.8373575	155062812219.56097	116903553279.03645	0.00039559987338561373
578848821.2273525	5134948323.372042	155163853823.19016	116041404552.84956	0.00039622462555136454
578906421.2273525	5208073661.353725	155265614957.39954	115182040429.68056	0.0003968193937867284
578964021.2273525	5281528917.50771	155368094689.80576	114325488723.27824	0.0003973840342337594
579021621.2273525	5355327955.617958	155471292058.4031	113471777127.87215	0.0003979184085867743
579079221.2273525	5429486124.004924	155575206071.6314	112620933216.16344	0.00039842238405947986
579136821.2273525	5504020261.013877	155679835708.4456	111772984440.23828	0.0003988958333526956
579194421.2273525	5578948698.145853	155785179918.38638	110927958129.69478	0.00039933863462264334
579252021.2273525	5654291244.484804	155891237621.6518	110085881492.79607	0.0003997506714497755
579309621.2273525	5730069132.307385	155998007709.1704	109246781614.47762	0.00040013183280806553
579367221.2273525	5806304900.970488	156105489042.67526	108410685457.6527	0.0004004820130347517
579424821.2273525	5883022195.594426	156213680454.77936	107577619861.46016	0.00040080111180049687
579482421.2273525	5960245460.336664	156322580749.052	106747611542.31474	0.0004010890340798969
579540021.2273525	6037999514.796965	156432188700.09656	105920687092.81346	0.0004013456901223467
579597621.2273525	6116309017.188609	156542503053.6292	105096872982.05333	0.0004015709954231874
579655221.2273525	6195197838.481866	156653522526.55914	104276195555.46579	0.00040176487069515176
579712821.2273525	6274688394.381889	156765245807.06943	103458681034.52924	0.00040192724184000386
579770421.2273525	6354801000.961457	156877671554.69955	102644355517.26956	0.000402058039920435
579828021.2273525	6435553328.370014	156990798400.42883	101833244977.59319	0.0004021572011321156
579885621.2273525	6516960020.52128	157104624946.76102	101025375266.27936	0.00040222466677589076
579943221.2273525	6599032526.803725	157219149767.8102	100220772110.02246	0.00040226038323013533
580000821.2273525	6681779159.883793	157334371409.38766	99419461112.95052	0.0004022643019231753
580058421.2273525	6765205360.414508	157450288389.08987	98621467755.18024	0.0004022363793058248
580116021.2273525	6849314123.712954	157566899196.38812	97826817394.926	0.00040217657682393537
580173621.2273525	6934106530.512757	157684202292.71835	97035535266.92953	0.0004020848608910256
580231221.2273525	7019582324.152575	157802196111.57312	96247646484.50719	0.00040196120286088537
580288821.2273525	7105740486.514451	157920879058.594	95463176038.33134	0.00040180557900019705
580346421.2273525	7192579779.545444	158040249511.66556	94682148798.20265	0.0004016179704611284
580404021.2273525	7280099233.647016	158160305821.0101	93904589512.30219	0.0004013983632538639
580461621.2273525	7368298575.642781	158281046309.28372	93130522808.7315	0.000401146748219113
580519221.2273525	7457178596.347549	158402469271.67383	92359973195.02792	0.000400863121000502
580576821.2273525	7546741461.226506	158524572975.9969	91592965059.58781	0.0004005474820168877
580634421.2273525	7636990968.321077	158647355662.7983	90829522671.5634	0.0004001998364345976
580692021.2273525	7727932756.767309	158770815545.4527	90069670181.82529	0.00039982019413949463
580749621.2273525	7819574467.995152	158894950810.26572	89313431623.50633	0.00039940856970894465
580807221.2273525	7911925860.875812	159019759616.5765	88560830912.28857	0.0003989649823836484
580864821.2273525	8004998882.107988	159145240096.862	87811891847.80296	0.0003984894560392827
580922421.2273525	8098807694.059423	159271390356.84143	87066638113.28758	0.00039798201915799904
580980021.2273525	8193368663.8806305	159398208475.58276	86325093277.34123	0.00039744270479975113
581037621.2273525	8288700319.575207	159525692505.60965	85587280793.50278	0.00039687155057342244
581095221.2273525	8384823280.408525	159653840473.0097	84853224002.09943	0.000396268598607767
581152821.2273525	8481760170.179905	159782650377.54376	84122946129.72736	0.0003956338955221382
581210421.2273525	8579535522.247252	159912120192.75674	83396470291.35004	0.00039496749239702287
581268021.2273525	8678175684.690666	160042247866.0884	82673819489.45892	0.00039426944474435635
581325621.2273525	8777708732.687435	160173031318.98676	81955016616.43385	0.00039353981247761333
581383221.2273525	8878164393.149763	160304468447.021	81240084453.5963	0.00039277865988165603
581440821.2273525	8979573984.080276	160436557119.9968	80529045673.26959	0.00039198605558238633
581498421.2273525	9081970367.9973	160569295182.0717	79821922838.3669	0.0003911620725161209
581556021.2273525	9185387915.19823	160702680451.87238	79118738403.87083	0.0003903067878987527
581613621.2273525	9289862468.554188	160836710722.6123	78419514716.8063	0.0003894202831946659
581671221.2273525	9395431296.97749	160971383762.2107	77724274017.29518	0.0003885026440853848
581728821.2273525	9502133019.868654	161106697313.41278	77033038438.75589	0.00038755396043799726
581786421.2273525	9610007480.2313	161242649093.9107	76345830008.69484	0.00038657432627332464
581844021.2273525	9719095540.778702	161379236796.4657	75662670649.20288	0.0003855638397338127
581901621.2273525	9829438776.932167	161516458089.03152	74983582177.06963	0.0003845226030512111
581959221.2273525	9941079045.376112	161654310614.87827	74308586304.84103	0.00038345072251396096
582016821.2273525	10054057919.110138	161792791992.71783	73637704640.18768	0.00038234830843436547
582074421.2273525	10168416000.975111	161931899816.83032	72970958687.33948	0.000381215475115476
582132021.2273525	10284192156.050564	162071631657.191	72308369845.97348	0.00038005234081774694
582189621.2273525	10401422733.767809	162211985059.59918	71649959412.54872	0.00037885902772542916
582247221.2273525	10520140873.813604	162352957545.80704	70995748579.13342	0.00037763566191271905
582304821.2273525	10640375995.50923	162494546613.65027	70345758434.55014	0.00037638237330967633
582362421.2273525	10762153551.672934	162636749737.17947	69700009962.8484	0.0003750992956678658
582420021.2273525	10885495086.754967	162779564366.79242	69058524044.31546	0.00037378656652579
582477621.2273525	11010418586.429928	162922987929.36765	68421321453.69064	0.0003724443271740627
582535221.2273525	11136939057.983965	163067017828.39853	67788422860.88784	0.00037107272262037425
582592821.2273525	11265069251.512362	163211651444.12906	67159848829.050934	0.0003696719015541944
582650421.2273525	11394820426.648499	163356886133.68997	66535619814.59018	0.00036824201631128253
582708021.2273525	11526203084.66034	163502719231.2362	65915756165.37603	0.0003667832228379708
582765621.2273525	11659227612.114754	163649148048.08517	65300278119.94484	0.0003652956806552164
582823221.2273525	11793904810.240118	163796169872.85614	64689205805.6614	0.00036377955282246164
582880821.2273525	11930246306.878048	163943781971.61066	64082559237.13127	0.00036223500590130985
582938421.2273525	12068264862.700033	164091981587.9936	63480358314.386536	0.0003606622099189623
582996021.2273525	12207974590.426172	164240765943.37564	62882622820.41193	0.00035906133833151323
583053621.2273525	12349391106.98158	164390132236.99615	62289372419.227646	0.00035743256798702924
583111221.2273525	12492531636.12446	164540077646.10764	61700626652.318596	0.00035577607908849663
583168821.2273525	12637415075.00661	164690599326.12076	61116404936.88404	0.0003540920551565612
583226421.2273525	12784062033.79392	164841694410.75043	60536726561.08271	0.000352380682992135
583284021.2273525	12932494853.728643	164993360012.16257	59961610681.956795	0.00035064215263887503
583341621.2273525	13082737606.298914	165145593221.1224	59391076319.94501	0.00034887665734550005
583399221.2273525	13234816074.61528	165298391107.1432	58825142356.016205	0.0003470843935279829
583456821.2273525	13388757717.599863	165451750718.63583	58263827525.6086	0.0003452655607316441
583514421.2273525	13544591617.938248	165605669083.0599	57707150414.87936	0.00034342036159315173
583572021.2273525	13702348415.602251	165760143207.07516	57155129453.82233	0.0003415490018023838
583629621.2273525	13862060229.792692	165915170076.69406	56607782911.76395	0.00033965169006426924
583687221.2273525	14023760573.022423	166070746657.43527	56065128889.74338	0.00033772863806052686
583744821.2273525	14187484261.501255	166226869894.47824	55527185314.74106	0.00033578006041135445
583802421.2273525	14353267325.797564	166383536712.81805	54993969931.58629	0.00033380617463710835
583860021.2273525	14521146924.823208	166540744017.422	54465500295.48933	0.00033180720111992436
583917621.2273525	14691161264.479774	166698488693.38666	53941793763.74127	0.00032978336306535317
583975221.2273525	14863349519.819248	166856767606.0955	53422867486.46876	0.00032773488646400484
584032821.2273525	15037751756.333391	167015577601.37796	52908738397.64905	0.0003256620000532027
584090421.2273525	15214408842.09208	167174915505.66922	52399423204.38959	0.00032356493527871324
584148021.2273525	15393362338.038132	167334778126.17084	51894938377.03864	0.0003214439262565201
584205621.2273525	15574654349.225414	167495162251.01178	51395300136.83702	0.0003192992097346831
584263221.2273525	15758327315.84786	167656064649.41144	50900524445.23684	0.0003171310250553034
584320821.2273525	15944423720.836329	167817482071.84216	50410626989.726295	0.00031493961411663545
584378421.2273525	16132985692.465914	167979411250.19373	49925623172.28502	0.0003127252213353179
584436021.2273525	16324054488.154291	168141848897.93793	49445528093.50541	0.00031048809360881887
584493621.2273525	16517669861.571453	168304791710.2946	48970356539.526344	0.00030822848027806484
584551221.2273525	16713869339.917826	168468236364.3978	48500122965.02956	0.00030594663309030287
584608821.2273525	16912687469.083088	168632179519.46362	48034841478.29573	0.0003036428061622188
584666421.2273525	17114155114.135065	168796617816.95822	47574525822.98736	0.000301317255943374
584724021.2273525	17318298920.12952	168961547880.7667	47119189361.36259	0.00029897024117994696
584781621.2273525	17525141032.45439	169126966317.36325	46668845054.67623	0.00029660202287884924
584839221.2273525	17734699141.861244	169292869715.9817	46223505444.56281	0.0002942128642722225
584896821.2273525	17946986863.106674	169459254648.78693	45783182632.25336	0.0002918030307824187
584954421.2273525	18162014394.416584	169626117671.04736	45347888257.632645	0.00028937278998742317
585012021.2273525	18379789357.872383	169793455321.3078	44917633477.665565	0.0002869224115868488
585069621.2273525	18600317702.02649	169961264121.5635	44492428942.99095	0.00028445216736846385
585127221.2273525	18823604559.110706	170129540577.4346	44072284775.48685	0.0002819623311754209
585184821.2273525	19049654980.779743	170298281178.34183	43657210542.49331	0.00027945317887411776
585242421.2273525	19278474514.710327	170467482397.6825	43247215233.2068	0.00027692498832285515
585300021.2273525	19510069618.02197	170637140693.0075	42842307231.141	0.00027437803934131036
585357621.2273525	19744447926.37306	170807252506.19925	42442494288.991356	0.00027181261368087767
585415221.2273525	19981618408.95501	170977814263.65002	42047783499.45378	0.00026922899499602583
585472821.2273525	20221591441.857483	171148822376.441	41658181268.77302	0.00026662746881668146
585530421.2273525	20464378828.815365	171320273240.52286	41273693285.97474	0.00026400832252178086
585588021.2273525	20709993792.166927	171492163236.89587	40894324495.04786	0.000261371845314045
585645621.2273525	20958450950.06786	171664488731.79166	40520079063.104904	0.00025871832819614264
585703221.2273525	21209766289.80475	171837246076.8556	40150960350.84245	0.00025604806394830155
585760821.2273525	21463957141.997913	172010431609.3293	39786970880.30033	0.0002533613471075373
585818421.2273525	21721042156.737827	172184041652.23474	39428112303.528946	0.0002506584739486092
585876021.2273525	21981041280.21731	172358072514.55823	39074385369.98386	0.0002479397424668796
585933621.2273525	22243975729.083065	172532520491.43564	38725789893.944984	0.00024520545236323
585991221.2273525	22509867959.352554	172707381864.33823	38382324721.68924	0.00024245590503121805
586048821.2273525	22778741627.114567	172882652901.2591	38043987697.989975	0.00023969140354667957
586106421.2273525	23050621539.11513	173058329856.90018	37710775633.30535	0.0002369122526599955
586164021.2273525	23325533592.439053	173234408972.86038	37382684269.65422	0.00023411875879126204
586221621.2273525	23603504703.53757	173410886477.82358	37059708248.459335	0.00023131123002863494
586279221.2273525	23884562727.5427	173587758587.7486	36741841075.77803	0.0002284899761301443
586336821.2273525	24168736368.892296	173765021506.05817	36429075091.26217	0.0002256553085292954
586394421.2273525	24456055083.605892	173942671423.8303	36121401433.66091	0.00022280754034484861
586452021.2273525	24746548971.990215	174120704519.98868	35818810010.46757	0.00021994698639511242
586509621.2273525	25040248658.152435	174299116961.495	35521289464.93151	0.0002170739632172788
586567221.2273525	25337185149.583637	174477904903.54132	35228827146.45019	0.00021418878909222277
586624821.2273525	25637389666.564888	174657064489.74304	34941409079.43102	0.00021129178407535947
586682421.2273525	25940893427.785316	174836591852.33264	34659019935.367226	0.0002083832700341545
586740021.2273525	26247727376.223045	175016483112.35422	34381643003.85159	0.00020546357069296803
586797621.2273525	26557921829.316685	175196734379.8581	34109260166.769604	0.00020253301168602112
586855221.2273525	26871506041.425407	175377341754.09677	33841851872.323017	0.00019959192061932537
586912821.2273525	27188507676.317364	175558301323.72098	33579397111.410973	0.00019664062714253372
586970421.2273525	27508952204.12144	175739609166.97623	33321873395.58153	0.00019367946303184435
587028021.2273525	27832862260.23202	175921261351.90048	33069256735.975758	0.0001907087622851104
587085621.2273525	28160257029.38083	176103253936.5221	32821521625.609417	0.00018772886123061576
587143221.2273525	28491151739.13302	176285582969.05814	32578641021.844856	0.00018474009865099872
587200821.2273525	28825557353.711987	176468244488.11368	32340586332.94127	0.00018174281592418893
587258421.2273525	29163480543.144382	176651234522.88138	32107327404.81831	0.00017873735718327538
587316021.2273525	29504923962.852158	176834549093.34186	31878832512.488743	0.00017572406949765472
587373621.2273525	29849886823.654316	177018184210.46426	31655068351.31727	0.0001727033030780649
587431221.2273525	30198365678.42236	177202135876.40793	31436000033.9913	0.00016967541150846816
587488821.2273525	30550355316.82402	177386400084.7238	31221591086.68484	0.00016664075200820066
587546421.2273525	30905849653.43373	177570972820.5574	31011803451.580383	0.0001635996857283386
587604021.2273525	31264842515.03365	177755850060.85132	30806597488.940304	0.00016055257808676005
587661621.2273525	31627328269.184742	177941027774.54892	30605931984.73643	0.00015749979914713206
587719221.2273525	31993302274.63826	178126501922.79816	30409764159.240456	0.0001544417240478141
587776821.2273525	32362761164.84547	178312268459.15637	30218049680.06093	0.00015137873348769268
587834421.2273525	32735702994.41315	178498323329.79477	30030742677.12566	0.00014831121427701487
587892021.2273525	33112127285.48661	178684662473.7046	29847795761.55225	0.00014523955996268917
587949621.2273525	33492035009.89155	178871281822.9023	29669160046.84281	0.0001421641715391013
588007221.2273525	33875428537.086555	179058177302.6367	29494785173.533413	0.00013908545825738516
588064821.2273525	34262311570.45813	179245344831.59555	29324619336.912388	0.00013600383854837157
588122421.2273525	34652689087.066734	179432780322.11295	29158609317.06688	0.00013291974107716787
588180021.2273525	35046567289.50686	179620479680.37738	28996700513.01343	0.00012983360595062528
588237621.2273525	35443953573.36521	179808438806.63983	28838836977.9749	0.0001267458861029103
588295221.2273525	35844856509.81185	179996653595.42264	28684961459.611137	0.00012365704888922925
588352821.2273525	36249285839.985054	180185119935.72882	28535015440.33384	0.00012056757792365969
588410421.2273525	36657252475.90075	180373833711.25137	28388939182.81058	0.00011747797520424775
588468021.2273525	37068768501.51126	180562790800.58362	28246671775.390205	0.00011438876357726857
588525621.2273525	37483847167.19791	180751987077.42978	28108151182.34945	0.00011130048960364092
588583221.2273525	37902502871.34201	180941418410.81543	27973314293.626987	0.0001082137269038188
588640821.2273525	38324751123.56221	181131080665.29938	27842096979.409725	0.0001051290800743717
588698421.2273525	38750608485.56799	181320969701.18488	27714434143.781548	0.00010204718929053012
588756021.2273525	39180092487.096466	181511081374.7319	27590259782.62334	9.896873573530449e-05
588813621.2273525	39613221515.76336	181701411538.36987	27469507041.00784	9.589444802922444e-05
588871221.2273525	40050014680.545906	181891956040.91	27352108273.301907	9.282510987704756e-05
588928821.2273525	40490491648.77889	182082710727.75903	27237995103.75495	8.976156920184219e-05
588986421.2273525	40934672455.84772	182273671441.13242	27127098488.27247	8.670474910609541e-05
589044021.2273525	41382577285.30366	182464834020.26874	27019348777.114334	8.365566108893185e-05
589101621.2273525	41834226215.20835	182656194301.64343	26914675777.703407	8.061542106430129e-05
589159221.2273525	42289638924.760544	182847748119.184	26813008818.737144	7.758526887605452e-05
589216821.2273525	42748834354.52414	183039491304.4845	26714276813.43968	7.456659220370909e-05
589274421.2273525	43211830314.983086	183231419687.02118	26618408324.277504	7.156095601321572e-05
589332021.2273525	43678643042.85892	183423529094.3681	26525331625.655785	6.857013905184522e-05
589389621.2273525	44149286713.583244	183615815352.41287	26434974768.86526	6.559617934414309e-05
589447221.2273525	44623772931.63141	183808274285.573	26347265643.550056	6.264143125586998e-05
589504821.2273525	45102110236.69061	184000901717.01248	26262132041.796936	5.970863750674939e-05
589562421.2273525	45584303679.368744	184193693468.85858	26179501718.26903	5.680102059781529e-05
589620021.2273525	46070354529.86692	184386645362.4192	26099302452.34137	5.3922399559609794e-05
589677621.2273525	46560260180.65997	184579753218.3997	26021462106.548058	5.107733982143264e-05
589735221.2273525	47054014285.77594	184773012857.12128	25945908686.180378	4.8271346445355516e-05
589792821.2273525	47551607145.81749	184966420098.7384	25872570395.29922	4.551111401342959e-05
589850421.2273525	48053026306.87189	185159970763.45724	25801375693.4604	4.280485000397779e-05
589908021.2273525	48558257304.72154	185353660671.754	25732253349.110924	4.016269206216764e-05
589965621.2273525	49067284464.55541	185547485644.5937	25665132492.52473	3.7597241813179356e-05
590023221.2273525	49580091666.2687	185741441503.64893	25599942666.52289	3.512423561858466e-05
590080821.2273525	50096663004.199326	185935524071.5192	25536613875.174263	3.276335926418737e-05
590138421.2273525	50616983299.627396	186129729171.95016	25475076631.451492	3.053917624278911e-05
590196021.2273525	51141038454.87159	186324052630.0532	25415262001.75986	2.848205674456456e-05
590253621.2273525	51668815662.04882	186518490272.52515	25357101649.9016	2.6628838945470335e-05
590311221.2273525	52200303494.29294	186713037927.8684	25300527877.314144	2.5022711087636604e-05
590368821.2273525	52735491912.86268	186907691426.61105	25245473663.449482	2.3711529843963213e-05
590426421.2273525	53274372222.48285	187102446601.52704	25191872701.41951	2.274371921410032e-05
590484021.2273525	53816937002.31283	187297299287.85687	25139659434.60445	2.216146145203745e-05
590541621.2273525	54363180033.46325	187492245323.52832	25088769087.819763	2.1992396689331823e-05
590599221.2273525	54913096237.483925	187687280549.37698	25039137700.121193	2.2242850258975953e-05
590656821.2273525	55466681634.471924	187882400809.36755	24990702151.82575	2.2895927131779833e-05
590714421.2273525	56023933324.60308	188077601950.815	24943400192.88454	2.3915552150408546e-05
590772021.2273525	56584849492.893036	188272879824.60544	24897170466.37753	2.525430994200881e-05
590829621.2273525	57149429433.67716	188468230285.418	24851952532.323185	2.6861551980078187e-05
590887221.2273525	57717673588.516815	188663649191.946	24807686887.770588	2.8689311759774015e-05
590944821.2273525	58289583588.94309	188859132407.11887	24764314986.288174	3.069544618131335e-05
591002421.2273525	58865162293.722595	189054675798.32355	24721779254.668575	3.2844613334744286e-05
591060021.2273525	59444413809.33479	189250275237.62662	24680023108.273266	3.510798286330391e-05
591117621.2273525	60027343482.305565	189445926601.996	24638990964.820656	3.746238452045582e-05
591175221.2273525	60613957853.10646	189641625773.52325	24598628255.425953	3.988931627805143e-05
591232821.2273525	61204264563.523155	189837368639.64542	24558881435.736294	4.237401606136887e-05
591290421.2273525	61798272212.531815	190033151093.36707	24519697993.266335	4.490467269714019e-05
591348021.2273525	62395990159.360275	190228969033.48282	24481026455.784653	4.747178758490721e-05
591405621.2273525	62997428275.98528	190424818364.79953	24442816395.272255	5.0067671797270116e-05
591463221.2273525	63602596654.22227	190620694998.35837	24405018433.59939	5.268605524082158e-05
591520821.2273525	64211505274.38233	190816594851.6575	24367584243.732025	5.532178471149916e-05
591578421.2273525	64824163643.114456	191012513848.87408	24330466552.697525	5.797059090568631e-05
591636021.2273525	65440580407.84197	191208447921.08713	24293619140.16685	6.062890831599555e-05
591693621.2273525	66060762954.846054	191404393006.4993	24256996839.24818	6.329373549283504e-05
591751221.2273525	66684716998.45647	191600345050.66006	24220555532.699776	6.59625260952363e-05
591808821.2273525	67312446170.84985	191796300006.6874	24184252151.345524	6.863310347169194e-05
591866421.2273525	67943951626.1395	191992253835.49084	24148044668.879845	7.130359328786471e-05
591924021.2273525	68579231678.55633	192188202505.99323	24111892097.42911	7.397237006032748e-05
591981621.2273525	69218281501.40675	192384141995.35355	24075754481.63416	7.663801446242578e-05
592039221.2273525	69861092918.96689	192580068289.1892	24039592891.728504	7.929927902227977e-05
592096821.2273525	70507654324.69542	192775977381.79803	24003369416.589027	8.195506039709855e-05
592154421.2273525	71157950753.49075	192971865276.381	23967047154.93683	8.460437683167019e-05
592212021.2273525	71811964122.01006	193167727985.26382	23930590207.399204	8.724634972769477e-05
592269621.2273525	72469673630.6681	193363561530.11966	23893963666.075703	8.988018849194513e-05
592327221.2273525	73131056298.01945	193559361942.19077	23857133605.92199	9.250517801453857e-05
592384821.2273525	73796087578.68175	193755125262.5106	23820067072.680134	9.512066826868553e-05
592442421.2273525	74464742005.21982	193950847542.12595	23782732073.892124	9.77260656308902e-05
592500021.2273525	75136993795.24463	194146524842.3183	23745097565.596256	0.00010032082560362564
592557621.2273525	75812817376.47191	194342153234.8259	23707133442.587402	0.00010290444668704151
592615221.2273525	76492187800.64064	194537728802.06516	23668810524.643166	0.00010547646519664794
592672821.2273525	77175081036.86134	194733247637.3522	23630100545.779095	0.00010803645086338606
592730421.2273525	77861474151.73344	194928705845.12418	23590976140.375397	0.00011058400308377557
592788021.2273525	78551345394.99684	195124099541.1605	23551410831.544426	0.00011311874771242763
592845621.2273525	79244674215.1179	195319424852.80386	23511379017.052467	0.00011564033430906463
592903221.2273525	79941441230.05501	195514677919.1814	23470855957.149292	0.00011814843376784319
592960821.2273525	80641628176.08461	195709854891.42514	23429817760.515606	0.00012064273626952945
593018421.2273525	81345217853.52722	195904951932.8929	23388241371.17684	0.0001231229495073358
593076021.2273525	82052194083.64023	196099965219.38858	23346104555.27358	0.00012558879714553414
593133621.2273525	82762541686.46538	196294890939.3824	23303385886.74414	0.00012804001747673948
593191221.2273525	83476246485.30444	196489725294.2312	23260064734.89334	0.00013047636224934877
593248821.2273525	84193295339.6784	196684464498.3981	23216121249.545776	0.00013289759564113793
593306421.2273525	84913676204.95497	196879104779.67224	23171536348.683205	0.0001353034933588449
593364021.2273525	85637378213.11334	197073642379.3885	23126291703.680447	0.00013769384184659445
593421621.2273525	86364391765.27344	197268073552.64636	23080369727.091522	0.00014006843758870318
593479221.2273525	87094708622.79378	197462394568.52924	23033753557.77948	0.00014242708649451664
593536821.2273525	87828321980.27551	197656601710.32336	22986427048.957436	0.0001447696033547168
593594421.2273525	88565226501.38046	197850691275.73605	22938374753.380177	0.00014709581136011473
593652021.2273525	89305418297.77847	198044659577.1143	22889581911.643272	0.0001494055416751513
593709621.2273525	90048894833.56439	198238502941.6629	22840034437.53508	0.00015169863305947395
593767221.2273525	90795654742.5957	198432217711.6618	22789718906.41305	0.00015397493153179663
593824821.2273525	91545697554.1855	198625800244.68445	22738622541.312824	0.00015623429007111827
593882421.2273525	92299023332.43398	198819246913.81427	22686733200.873013	0.00015847656835092105
593940021.2273525	93055632244.47742	199012554107.86227	22634039366.395638	0.00016070163250266083
593997621.2273525	93815524081.0683	199205718231.58334	22580530129.563477	0.00016290935490521845
594055221.2273525	94578697757.55907	199398735705.89282	22526195180.13888	0.00016509961399751606
594112821.2273525	95345150823.83215	199591602968.08264	22471024793.72972	0.00016727229411174545
594170421.2273525	96114879008.46892	199784316472.03708	22415009820.18935	0.00016942728532507578
594228021.2273525	96887875816.92267	199976872688.44815	22358141671.093597	0.0001715644833278517
594285621.2273525	97664132197.457	200169268105.03085	22300412309.225094	0.00017368378930666156
594343221.2273525	98443636283.72766	200361499226.73795	22241814235.76662	0.000175785109840705
594400821.2273525	99226373219.94037	200553562575.97446	22182340480.54509	0.000177868356810207
594458421.2273525	100012325073.37971	200745454692.81158	22121984589.408497	0.00017993344731568543
594516021.2273525	100801470838.86084	200937172135.20093	22060740614.92091	0.0001819803036070129
594573621.2273525	101593786538.90991	201128711479.18723	21998603104.25133	0.00018400885302140283
594631221.2273525	102389245420.94968	201320069319.12195	21935567089.83303	0.0001860190279294503
594688821.2273525	103187818247.70941	201511242267.87576	21871628078.01357	0.00018801076568855969
594746421.2273525	103989473669.76003	201702226957.05066	21806782039.976	0.00018998400860304916
594804021.2273525	104794178660.75635	201893020037.19205	21741025400.605145	0.00019193870389039807
594861621.2273525	105601898988.62042	202083618177.9999	21674355029.955723	0.0001938748036530849
594919221.2273525	106412599691.57518	202274018068.54025	21606768232.535748	0.00019579226485558654
594976821.2273525	107226245527.97968	202464216417.45544	21538262738.75874	0.00019769104930609805
595034421.2273525	108042801373.52872	202654209953.1746	21468836695.262253	0.00019957112364258345
595092021.2273525	108862232547.51791	202843995424.1234	21398488655.992798	0.00020143245932287832
595149621.2273525	109684505059.71979	203033569598.9332	21327217573.511917	0.00020327503261847066
595207221.2273525	110509585779.00958	203222929266.65027	21255022790.05027	0.0002050988246117434
595264821.2273525	111337442532.64917	203412071236.94418	21181904029.474785	0.00020690382119639784
595322421.2273525	112168044150.32945	203600992340.3156	21107861388.39201	0.00020869001308084094
595380021.2273525	113001360469.58282	203789689428.304	21032895328.758324	0.00021045739579436234
595437621.2273525	113837362319.47342	203978159373.69485	20957006668.935947	0.000212205969695858
595495221.2273525	114676021498.20444	204166399070.72604	20880196577.16928	0.00021393573998500836
595552821.2273525	115517310758.10284	204354405435.29398	20802466562.453705	0.00021564671671568957
595610421.2273525	116361203808.78955	204542175405.15936	20723818468.654087	0.0002173389148115362
595668021.2273525	117207675346.46576	204729705940.15198	20644254465.699024	0.00021901235408348447
595725621.2273525	118056701114.12816	204916994022.376	20563777043.82149	0.0002206670592492205
595783221.2273525	118908257993.98502	205104036656.4131	20482389005.348637	0.00022230305995438334
595840821.2273525	119762324129.13762	205290830869.52695	20400093458.97646	0.00022392039079547268
595898421.2273525	120618879066.45593	205477373711.86572	20316893812.145573	0.00022551909134432572
595956021.2273525	121477903906.51451	205663662256.66473	20232793765.512917	0.00022709920617413663
596013621.2273525	122339381439.79605	205849693600.44858	20147797305.538193	0.00022866078488684093
596071221.2273525	123203296242.08566	206035464863.23242	20061908699.13718	0.00023020388214194665
596128821.2273525	124069634697.67673	206220973188.72275	19975132487.006268	0.00023172855768657918
596186421.2273525	124938384918.78468	206406215744.518	19887473477.814133	0.0002332348763867948
596244021.2273525	125809536535.4282	206591189722.30814	19798936742.679714	0.00023472290826004563
596301621.2273525	126683080343.0128	206775892338.07367	19709527608.79525	0.00023619272850876452
596359221.2273525	127559007813.91768	206960320832.28467	19619251654.77638	0.0002376444175549957
596416821.2273525	128437310501.13136	207144472470.0984	19528114704.20323	0.00023907806107602644
596474421.2273525	129317979381.12701	207328344541.55658	19436122821.473637	0.00024049375004099604
596532021.2273525	130201004194.35147	207511934361.7829	19343282305.250286	0.0002418915807483697
596589621.2273525	131086372841.68425	207695239271.1786	19249599684.9182	0.00024327165486429765
596647221.2273525	131974070884.28842	207878256635.61813	19155081714.08541	0.00024463407946176755
596704821.2273525	132864081176.07893	208060983846.64426	19059735367.311604	0.0002459789670605207
596762421.2273525	133756383638.00137	208243418321.66254	18963567833.68701	0.00024730643566767856
596820021.2273525	134650955166.38112	208425557504.1347	18866586513.941437	0.0002486166088190466
596877621.2273525	135547769656.73671	208607398863.77188	18768799014.363754	0.0002499096156210226
596935221.2273525	136446798120.13454	208788939896.72705	18670213143.713535	0.00025118559079307263
596992821.2273525	137348008870.02557	208970178125.78677	18570836907.913876	0.0002524446747107513
597050421.2273525	138251367761.31775	209151111100.5623	18470678506.697777	0.00025368701344917303
597108021.2273525	139156838467.95435	209331736397.67987	18369746328.90006	0.00025491275882689774
597165621.2273525	140064382788.89764	209512051620.97076	18268048948.97837	0.00025612206845021144
597223221.2273525	140973960974.33496	209692054401.66013	18165595122.849937	0.00025731510575767783
597280821.2273525	141885532064.10056	209871742398.5554	18062393784.12961	0.0002584920400649926
597338421.2273525	142799054229.2824	210051113298.23425	17958454040.91641	0.00025965304660998393
597396021.2273525	143714485106.61362	210230164815.23126	17853785171.276947	0.0002607983065977777
597453621.2273525	144631782114.4139	210408894692.22443	17748396620.973778	0.0002619280072460331
597511221.2273525	145550902739.19193	210587300700.22076	17642297998.56993	0.00026304234183016916
597568821.2273525	146471804783.82663	210765380638.74103	17535499073.811897	0.00026414150972852487
597626421.2273525	147394446571.33994	210943132336.00397	17428009772.58556	0.0002652257164673968
597684021.2273525	148318787102.1823	211120553649.10992	17319840175.532436	0.00026629517376584855
597741621.2273525	149244786167.04257	211297642464.22293	17211000513.286945	0.0002673500995802226
597799221.2273525	150172404420.87686	211474396696.75336	17101501165.13434	0.0002683907181482991
597856821.2273525	151101603426.6978	211650814291.53867	16991352654.423838	0.00026941726003295956
597914421.2273525	152032345679.51047	211826893223.02402	16880565647.299753	0.0002704299621653249
597972021.2273525	152964594621.62735	212002631495.44174	16769150948.435764	0.0002714290678872276
598029621.2273525	153898314660.58234	212178027142.9906	16657119499.590939	0.00027241482699294137
598087221.2273525	154833471200.15225	212353078230.01358	16544482375.994257	0.000273387495770076
598144821.2273525	155770030693.68362	212527782851.17523	16431250784.248564	0.00027434733703948853
598202421.2273525	156707960726.96982	212702139131.63867	16317436059.680405	0.00027529462019414787
598260021.2273525	157647230135.13232	212876145227.24084	16203049663.737967	0.00027622962123680295
598317621.2273525	158587809153.99872	213049799324.6676	16088103181.940126	0.0002771526228163574
598375221.2273525	159529669600.9077	213223099641.62836	15972608320.992619	0.0002780639142627971
598432821.2273525	160472785072.406	213396044427.02875	15856576907.313982	0.00027896379162056057
598490421.2273525	161417131137.0169	213568631961.14362	15740020883.669518	0.00027985255768022115
598548021.2273525	162362685490.99777	213740860555.78824	15622952308.54739	0.00028073052200831556
598605621.2273525	163309428035.84134	213912728554.49023	15505383352.18139	0.00028159800097520357
598663221.2273525	164257340831.5289	214084234332.6584	15387326296.440422	0.00028245531778077655
598720821.2273525	165206407883.36932	214255376297.7527	15268793530.983688	0.0002833028024778929
598778421.2273525	166156614735.98758	214426152889.45245	15149797553.01248	0.00028414079199335756
598836021.2273525	167107947876.09653	214596562579.82364	15030350963.758423	0.00028496963014628345
598893621.2273525	168060393981.5392	214766603873.4858	14910466468.03881	0.00028578966766367185
598951221.2273525	169013939088.30484	214936275307.7778	14790156871.299023	0.0002866012621930435
599008821.2273525	169968567768.50818	215105575452.92255	14669435078.90472	0.0002874047783119149
599066421.2273525	170924262412.6178	215274502912.1911	14548314093.514784	0.0002882005875339711
599124021.2273525	171881002687.96957	215443056322.06616	14426807014.22896	0.00028898906831172896
599181621.2273525	172838765210.24124	215611234352.4038	14304927034.42933	0.00028977060603549936
599239221.2273525	173797523426.7609	215779035706.5951	14182687440.443813	0.0002905455930284539
599296821.2273525	174757247680.7675	215946459121.72662	14060101610.194948	0.0002913144285376136
599354421.2273525	175717905409.53302	216113503368.7401	13937183011.152668	0.0002920775187205486
599412021.2273525	176679461426.47513	216280167252.5906	13813945199.80001	0.00029283527662756983
599469621.2273525	177641878244.22482	216446449612.4048	13690401819.222122	0.0002935881221792487
599527221.2273525	178605116407.13718	216612349321.6374	13566566598.879824	0.0002943364821390013
599584821.2273525	179569134813.81458	216777865288.22733	13442453352.05108	0.0002950807900806014
599642421.2273525	180533891020.28113	216942996454.75217	13318075976.069944	0.00029582148635032783
599700021.2273525	181499341521.42865	217107741798.58282	13193448449.533379	0.0002965590180236325
599757621.2273525	182465442012.22217	217272100332.03592	13068584832.813452	0.00029729383885603467
599815221.2273525	183432147631.47208	217436071102.52606	12943499265.226622	0.00029802640922809863
599872821.2273525	184399413190.53464	217599653192.71716	12818205965.678192	0.00029875719608425633
599930421.2273525	185367193387.9108	217762845720.67258	12692719230.02722	0.00029948667286528884
599988021.2273525	186335443009.10352	217925647840.00375	12567053431.376638	0.00030021531943426896
600045621.2273525	187304117109.82327	218088058740.0191	12441223018.20931	0.00030094362199575907
600103221.2273525	188273171180.05658	218250077645.87082	12315242514.101395	0.0003016720730081037
600160821.2273525	189242561286.79446	218411703818.70096	12189126516.441479	0.00030240117108861115
600218421.2273525	190212244194.2977	218572936555.78745	12062889695.93443	0.0003031314209114604
600276021.2273525	191182177462.44412	218733775190.68698	11936546795.51934	0.00030386333309818296
600333621.2273525	192152319525.7081	218894219093.37933	11810112629.891222	0.00030459742410053625
600391221.2273525	193122629757.31778	219054267670.4091	11683602084.833763	0.0003053342160756598
600448821.2273525	194093068524.91672	219213920365.02682	11557030116.211885	0.000306074236753351
600506421.2273525	195063597245.40295	219373176657.32916	11430411750.122078	0.00030681801929536954
600564021.2273525	196034178447.41736	219532036064.398	11303762081.283241	0.0003075661021466392
600621621.2273525	197004775850.08002	219690498140.43863	11177096273.784943	0.0003083190288782831
600679221.2273525	197975354465.88306	219848562476.9163	11050429559.303307	0.00030907734802240917
600736821.2273525	198945880733.88617	220006228702.6926	10923777237.964228	0.0003098416128985839
600794421.2273525	199916322686.1362	220163496484.16034	10797154676.80818	0.000310612381431975
600852021.2273525	200886650145.0553	220320365525.37708	10670577310.707312	0.0003113902159631415
600909621.2273525	201856834941.92056	220476835568.19766	10544060640.845512	0.00031217568304947255
600967221.2273525	202826851136.2924	220632906392.40683	10417620235.879475	0.00031296935325830023
601024821.2273525	203796675203.90927	220788577815.8489	10291271730.452	0.00031377180095177253
601082421.2273525	204766286148.1116	220943849694.55713	10165030826.431732	0.00031458360406350083
601140021.2273525	205735665481.05524	221098721922.8829	10038913291.828861	0.00031540534386714694
601197621.2273525	206704797021.22995	221253194433.62274	9912934961.579388	0.0003162376047370439
601255221.2273525	207673666468.62427	221407267198.14377	9787111737.310965	0.00031708097390100587
601312821.2273525	208642260750.78848	221560940226.50934	9661459587.587866	0.0003179360411855268
601370421.2273525	209610567178.21082	221714213567.60345	9535994548.219196	0.0003188033987535701
601428021.2273525	210578572494.16412	221867087309.25235	9410732722.57897	0.0003196836408351825
601485621.2273525	211546261936.21158	222019561578.3469	9285690282.086739	0.00032057736345122333
601543221.2273525	212513618430.35977	222171636540.9633	9160883466.495514	0.00032148516413048903
601600821.2273525	213480622011.4448	222323312402.48172	9036328585.091873	0.0003224076416205644
601658421.2273525	214447249514.5069	222474589407.70468	8912042016.313015	0.00032334539559277284
601716021.2273525	215413474529.05685	222625467840.97488	8788040209.96778	0.00032429902634160084
601773621.2273525	216379267567.44092	222775948026.29007	8664339686.52899	0.00032526913447901586
601831221.2273525	217344596378.23523	222926030327.41772	8540957039.769082	0.00032625632062412846
601888821.2273525	218309426334.967	223075715148.00967	8417908936.209803	0.00032726118508866745
601946421.2273525	219273720843.03568	223225002931.71268	8295212117.931649	0.0003282843275587657
602004021.2273525	220237441725.82578	223373894162.28088	8172883402.452309	0.0003293263467735938
602061621.2273525	221200549568.69556	223522389363.68536	8050939685.50762	0.00033038784020137204
602119221.2273525	222163004013.5914	223670489100.22235	7929397941.464611	0.00033146940371336345
602176821.2273525	223124764006.51163	223818193976.62112	7808275226.315496	0.0003325716312564143
602234421.2273525	224085788005.312	223965504638.15	7687588678.456506	0.00033369511452466396
602292021.2273525	225046034157.39642	224112421770.72165	7567355521.77956	0.00033484044263108195
602349621.2273525	226005460456.66403	224258946100.99634	7447593067.253001	0.00033600820177944157
602407221.2273525	226964024887.59433	224405078396.4846	7328318715.69154	0.0003371989749374208
602464821.2273525	227921685562.17902	224550819465.64902	7209549960.514721	0.0003384133415114836
602522421.2273525	228878400853.0845	224696170158.0034	7091304390.215761	0.0003396518770242511
602580021.2273525	229834129524.32153	224841131364.21143	6973599692.021701	0.00034091515279501905
602637621.2273525	230788830859.06638	224985704016.18533	6856453654.548927	0.0003422037356241213
602695221.2273525	231742464783.32175	225129889087.18033	6739884172.225397	0.00034351818748185254
602752821.2273525	232694991983.90985	225273687591.8904	6623909248.074263	0.00034485906520260106
602810421.2273525	233646374019.79898	225417100586.5422	6508546999.194713	0.000346226920184917
602868021.2273525	234596573426.8958	225560129168.98615	6393815659.691485	0.00034762229809814297
602925621.2273525	235545553817.95914	225702774478.78812	6279733587.225525	0.00034904573859631625
602983221.2273525	236493279980.94757	225845037697.31918	6166319266.159328	0.0003504977750399679
603040821.2273525	237439717980.62906	225986920047.843	6053591315.009166	0.00035197893422644455
603098421.2273525	238384835269.35522	226128422795.6037	5941568490.544537	0.00035348973612938555
603156021.2273525	239328600813.19592	226269547247.91058	5830269695.455079	0.00035503069364792674
603213621.2273525	240270985238.81396	226410294754.22324	5719713983.99508	0.00035660231236621327
603271221.2273525	241211961004.0641	226550666706.23334	5609920569.885458	0.00035820509032372127
603328821.2273525	242151502590.88718	226690664537.94684	5500908833.39611	0.0003598395177969402
603386421.2273525	243089586712.14145	226830289725.7643	5392698329.883066	0.00036150607709284984
603444021.2273525	244026192514.41727	226969543788.55844	5285308798.21988	0.00036320524235465096
603501621.2273525	244961301747.09967	227108428287.7524	5178760169.960497	0.0003649374793801336
603559221.2273525	245894898855.70166	227246944827.39578	5073072579.623705	0.00036670324545306463
603616821.2273525	246826970948.30222	227385095054.23798	4968266374.244174	0.0003685029891878915
603674421.2273525	247757507582.94223	227522880657.80243	4864362125.636419	0.0003703371503880709
603732021.2273525	248686500336.6573	227660303370.458	4761380640.5795965	0.0003722061599182261
603789621.2273525	249613942146.71567	227797364967.4884	4659342974.792739	0.00037411043959036615
603847221.2273525	250539826458.86484	227934067267.16168	4558270444.368277	0.00037605040206428606
603904821.2273525	251464146265.30237	228070412130.7975	4458184641.077597	0.0003780264507622735
603962421.2273525	252386893150.2855	228206401462.83258	4359107445.263645	0.00038003897979817377
604020021.2273525	253308056468.76535	228342037210.88528	4261061042.6292453	0.0003820883739208483
604077621.2273525	254227622758.01926	228477321365.81824	4164067938.3580265	0.00038417500847197844
604135221.2273525	255145575432.39346	228612255961.80008	4068150975.2675614	0.0003862992493581769
604192821.2273525	256061894754.83127	228746843076.36505	3973333349.401605	0.00038846145303726373
604250421.2273525	256976558033.85385	228881084830.47122	3879638628.960719	0.0003906619665185912
604308021.2273525	257889539971.23535	229014983388.55798	3787090771.5814734	0.00039290112737720863
604365621.2273525	258800813083.9456	229148540958.60052	3695714143.1171637	0.00039517926378163657
604423221.2273525	259710348137.35864	229281759792.16382	3605533536.309097	0.00039749669453500037
604480821.2273525	260618114546.70233	229414642184.4557	3516574189.1566286	0.00039985372912922096
604538421.2273525	261524080723.47488	229547190474.3762	3428861803.719139	0.00040225066781191795
604596021.2273525	262428214359.35568	229679407044.56738	3342422563.381737	0.0004046878016656863
604653621.2273525	263330482650.86328	229811294321.46127	3257283150.481818	0.0004071654126993407
604711221.2273525	264230852474.1639	229942854775.3249	3173470760.744424	0.0004096837739507122
604768821.2273525	265129290522.13492	230074090920.30515	3091013118.14956	0.0004122431496005679
604826421.2273525	266025763416.14975	230205005314.47174	3009938484.096595	0.0004148437950971807
604884021.2273525	266920237804.01505	230335600559.85782	2930275666.4414215	0.00041748595729108125
604941621.2273525	267812680453.6533	230465879302.49997	2852054020.637908	0.0004201698745794773
604999221.2273525	268703058349.89523	230595844232.47552	2775303448.7037525	0.0004228957770598613
605056821.2273525	269591338799.373	230725498083.93976	2700054387.859367	0.0004256638866922399
605114421.2273525	270477489546.17755	230854843635.15942	2626337793.7178545	0.0004284744174695058
605172021.2273525	271361478898.85367	230983883708.54654	2554185110.5765624	0.00043132757559536256
605229621.2273525	272243275867.59637	231112621170.6894	2483628231.559922	0.0004342235596693073
