573319221.2273525	-141584065527.56796	45684190946.16828	-21033367.71882826	-9932.994316409315	-28939.530504817427	0.9006915533942339	4000.0
573376821.2273525	-142146693194.54443	44013851700.2472	-20979709.524387445	-9602.451652562862	-29057.714198632188	0.9628716773927118	3998.0752709636495
573434421.2273525	-142690241134.45694	42336816839.80162	-20922394.759346392	-9270.511939613907	-29172.014096637566	1.0276633342024928	3996.1376037007803
573492021.2273525	-143214630287.6079	40653310587.47254	-20861271.70564167	-8937.22419318103	-29282.412394752446	1.095111335654229	3994.1868639175677
573549621.2273525	-143719784425.41382	38963558171.89869	-20796186.08328393	-8602.63769847722	-29388.891967417636	1.1652598243205528	3992.222926090149
573607221.2273525	-144205630165.63254	37267785788.49056	-20726981.089140072	-8266.801999832369	-29491.436372532884	1.2381522654586972	3990.2456733557283
573664821.2273525	-144672096986.9842	35566220559.92564	-20653497.43617459	-7929.766890111616	-29590.02985621152	1.3138314391226933	3988.2549973991627
573722421.2273525	-145119117243.1595	33859090496.37439	-20575573.39314031	-7591.582400033011	-29684.657357350272	1.3923394324455889	3986.250798335615
573780021.2273525	-145546626176.2104	32146624455.469223	-20493044.824708913	-7252.298787388231	-29775.30451201206	1.4737176320920806	3984.232984589815
573837621.2273525	-145954561929.3164	30429052102.02568	-20405745.23203109	-6911.966526169926	-29861.957657619325	1.5580067168819765	3982.2014727724363
573895221.2273525	-146342865558.92307	28706603867.528244	-20313505.793716826	-6570.636295609523	-29944.603836955834	1.645246650584839	3980.1561875540624
573952821.2273525	-146711481046.2452	26979510909.390663	-20216155.40722561	-6228.358969129166	-30023.230801974783	1.7354766748861425	3978.097061537175
574010421.2273525	-147060355308.13266	25248005070.003025	-20113520.730656996	-5885.18560321179	-30097.827017411277	1.8287353025253386	3976.02403512657
574068021.2273525	-147389438207.29224	23512318835.57606	-20005426.22493136	-5541.167426193061	-30168.381664197128	1.9250603106060697	3973.9370563985763
574125621.2273525	-147698682561.8613	21772685294.794773	-19891694.196351033	-5196.355826979221	-30234.88464267619	2.0244887340788975	3971.8360809694054
574183221.2273525	-147988044154.33054	20029338097.292366	-19772144.83953189	-4850.802343694816	-30297.32657561852	2.1270568593967796	3969.7210718629563
574240821.2273525	-148257481739.8102	18282511411.95675	-19646596.28069539	-4504.558652264343	-30355.698811031605	2.232800218343574	3967.5919993783486
574298421.2273525	-148506957053.63702	16532439885.080719	-19514864.621311083	-4157.676554931851	-30409.993424767046	2.341753582035817	3965.448840957445
574356021.2273525	-148736434818.31815	14779358598.367952	-19376763.98207962	-3810.2079687226446	-30460.203222921395	2.4539509550979774	3963.2915810525915
574413621.2273525	-148945882749.8092	13023503026.80667	-19232106.547246322	-3462.2049138512557	-30506.3217440295	2.5694255700114406	3961.120210994784
574471221.2273525	-149135271563.12238	11265108996.423315	-19080702.609235156	-3113.71950207993	-30548.34326104922	2.6882098816373357	3958.9347288624485
574528821.2273525	-149304574977.26392	9504412641.927406	-18922360.613593243	-2764.8039250316533	-30586.262783136226	2.810335561913452	3956.735139350999
574586421.2273525	-149453769719.49597	7741650364.260522	-18756887.2042358	-2415.510442462204	-30620.0760572078	2.9358334947253577	3954.5214536433195
574644021.2273525	-149582835528.92264	5977058788.061272	-18584087.268981453	-2065.89137049542	-30649.77956929458	3.064733770951838	3952.2936892813022
574701621.2273525	-149691755159.39703	4210874719.0586777	-18403763.98536796	-1715.9990698259692	-30675.370545679354	3.1970656836848113	3950.051870038548
574759221.2273525	-149780514381.74814	2443335101.405959	-18215718.866738208	-1365.8859338940024	-30696.846953822052	3.3328577236237837	3947.796025794334
574816821.2273525	-149849101985.32605	674676974.9669851	-18019751.808586426	-1015.604377035992	-30714.207503070174	3.472137574644936	3945.5261924089295
574874421.2273525	-149897509778.86346	-1094862567.4314394	-17815661.135154683	-665.2068226162335	-30727.45164515416	3.6149321095448976	3943.2424116003285
574932021.2273525	-149925732590.6536	-2865046422.7699995	-17603243.646269415	-314.7456911433419	-30736.579574466934	3.761267385959257	3940.9447308224626
574989621.2273525	-149933768268.04355	-4635637520.617221	-17382294.66440807	35.72661162393334	-30741.59222812744	3.9111686424558174	3938.6332031449415
575047221.2273525	-149921617676.24155	-6406398865.9070015	-17152608.081985723	386.1577065769534	-30742.49128582763	4.064660294802624	3936.307887134361
575104821.2273525	-149889284696.4393	-8177093581.701248	-16913976.408851653	736.495253159226	-30739.279169462803	4.221765932410721	3933.96884673721
575162421.2273525	-149836776223.24875	-9947484951.924992	-16666190.819985727	1086.6869612657533	-30731.95904254509	4.382508314951636	3931.6161511643963
575220021.2273525	-149764102161.45343	-11717336464.061264	-16409041.20338465	1436.6806031351855	-30720.534809400095	4.546909369149541	3929.249874777413
575277621.2273525	-149671275422.0752	-13486411851.79376	-16142316.20812791	1786.4240252304621	-30705.011114146706	4.714990185747982	3926.8700969761485
575335221.2273525	-149558311917.7572	-15254475137.584377	-15865803.29261343	2135.8651601033594	-30685.39333946033	4.886771016651154	3924.476902088348
575392821.2273525	-149425230557.46405	-17021290675.173132	-15579288.772952883	2484.952038238569	-30661.687605119725	5.06227127223957	3922.0703792607273
575450421.2273525	-149272053240.50015	-18786623191.98819	-15282557.871516561	2833.6327998728657	-30633.90076633785	5.241509518860019	3919.6506223517263
575508021.2273525	-149098804849.8483	-20550237831.45407	-14975394.765617814	3181.8557067850106	-30602.040411877257	5.424503476489679	3917.2177298259003
575565621.2273525	-148905513244.83035	-22311900195.18414	-14657582.636327082	3529.569154051738	-30566.114861950442	5.611270016574225	3914.7718046499313
575623221.2273525	-148692209253.09134	-24071376385.046825	-14328903.717405349	3876.7216817657386	-30526.133165905994	5.801825160039744	3912.3129541902463
575680821.2273525	-148458926661.91016	-25828433045.091972	-13989139.344347198	4223.261986710942	-30482.105099701264	5.996184075478272	3909.841290112221
575738421.2273525	-148205702208.83914	-27582837403.32567	-13638070.003523327	4569.13893399102	-30434.041163162314	6.1943610775067794	3907.356928280953
575796021.2273525	-147932575571.67502	-29334357313.32113	-13275475.381412625	4914.301568606471	-30381.952577032305	6.396369625299274	3904.859988663575
575853621.2273525	-147639589357.76465	-31082761295.653328	-12901134.413913794	5258.69912697618	-30325.85127980924	6.602222321291903	3902.3505952330916
575911221.2273525	-147326789092.6494	-32827818579.145554	-12514825.335726645	5602.281048398995	-30265.74992437436	6.811930910060691	3899.8288758737067
575968821.2273525	-146994223208.05008	-34569299141.9161	-12116325.729792954	5944.996986451226	-30201.661874412242	7.025506277371681	3897.2949622876235
576026421.2273525	-146641943029.1984	-36306973752.21207	-11705412.576787202	6286.796820315559	-30133.601200624293	7.242958449403169	3894.7489899032803
576084021.2273525	-146270002761.51736	-38040614009.01986	-11281862.304647073	6627.630666037434	-30061.58267673676	7.464296592139696	3892.1910977850007
576141621.2273525	-145878459476.65552	-39769992382.43924	-10845450.83813397	6967.448887704517	-29985.62177530503	7.689529010937491	3889.62142854403
576199221.2273525	-145467373097.87988	-41494882253.810486	-10395953.648413612	7306.202108545239	-29905.734663315776	7.918663150260995	3887.040128250925
576256821.2273525	-145036806384.8316	-43215057955.58213	-9933145.802646857	7643.841221942272	-29821.938197588683	8.151705593590092	3884.447346349271
576314421.2273525	-144586824917.65027	-44930294810.90786	-9456802.01358105	7980.3174023567735	-29734.249919979673	8.388662063497677	3881.843235570698
576372021.2273525	-144117497080.47125	-46640369172.96204	-8966696.689131925	8315.582116159601	-29642.688052387406	8.629537421897117	3879.2279518511673
576429621.2273525	-143628894044.302	-48345058463.96167	-8462603.981946386	8649.587132365326	-29547.27149156522	8.87433567045927	3876.6016542484977
576487221.2273525	-143121089749.28323	-50044141213.88374	-7944297.838936421	8982.284533265178	-29448.019803740484	9.123059951198485	3873.964504861107
576544821.2273525	-142594160886.34036	-51737397098.86765	-7411552.050774397	9313.626724955155	-29344.95321904363	9.375712547227263	3871.316668747938
576602421.2273525	-142048186878.23184	-53424606979.29078	-6864140.3013400445	9643.566447755271	-29238.092625749185	9.632294883678995	3868.6583138495444
576660021.2273525	-141483249860.0002	-55105552937.50758	-6301836.217109411	9972.056786516425	-29127.459564330922	9.89280752879839	3865.989610910308
576717621.2273525	-140899434658.83353	-56780018315.24058	-5724413.416476278	10299.051180810973	-29013.07622133395	10.157250195198984	3863.3107334017614
576775221.2273525	-140296828773.34222	-58447787750.612946	-5131645.558996291	10624.503435003418	-28894.96542306589	10.425621741287245	3860.621857446993
576832821.2273525	-139675522352.26053	-60108647214.81318	-4523306.394544279	10948.367728197749	-28773.15062911001	10.697920172852779	3857.9231617461064
576890421.2273525	-139035608172.57755	-61762384048.38069	-3899169.8123751953	11270.598624057717	-28647.65592566285	10.974142644823985	3855.2148275027102
576948021.2273525	-138377181617.10742	-63408786997.102615	-3259009.8900792412	11591.151080496671	-28518.50601869916	11.254285463188655	3852.4970383514183
577005621.2273525	-137700340651.50424	-65047646247.51208	-2602600.942421565	11909.980459233615	-28385.72622696698	11.538344087078887	3849.769980286334
577063221.2273525	-137005185800.73111	-66678753461.978226	-1929717.570057163	12227.04253521203	-28249.342474815727	11.826313131019713	3847.033841590497
577120821.2273525	-136291820124.99057	-68301901813.37846	-1240134.7081115954	12542.293505878359	-28109.381284860327	12.118186367340837	3844.288812766273
577178421.2273525	-135560349195.12454	-69916886019.34328	-533627.6746180523	12855.690000316828	-27965.869770484387	12.413956728750776	3841.5350864666625
577236021.2273525	-134810881067.49243	-71523502376.06483	190027.78119846247	13167.189088237526	-27818.835628185556	12.713616311072817	3838.7728574275125
577293621.2273525	-134043526258.33585	-73121548791.66011	931055.4307992142	13476.748288814819	-27668.307129766294	13.017156376142077	3836.002322400611
577351221.2273525	-133258397717.63858	-74710824819.08025	1689678.5183813125	13784.325579372959	-27514.313114373137	13.324567354862952	3833.2236800876412
577408821.2273525	-132455610802.49068	-76291131688.55615	2466119.713107994	14089.879403916137	-27356.882980387985	13.63583885042629	3830.4371310749852
577466421.2273525	-131635283249.96593	-77862272339.57404	3260601.0615287647	14393.368681500076	-27196.046677174625	13.95095964168554	3827.642877769354
577524021.2273525	-130797535149.52151	-79424051452.37045	4073343.9401986375	14694.752814442569	-27031.834696683985	14.26991768669112	3824.8411243342293
577581621.2273525	-129942488914.92973	-80976275478.9404	4904569.00850541	14993.991696370142	-26864.27806492153	14.592700126382265	3822.0320766271025
577639221.2273525	-129070269255.75066	-82518752673.54994	5754496.161714198	15291.04572009848	-26693.40833328044	14.919293288435597	3819.2159421374954
577696821.2273525	-128181003148.35612	-84051293122.74562	6623344.484238032	15585.875785343918	-26519.257569744088	15.249682691269562	3816.3929299257456
577754421.2273525	-127274819806.51422	-85573708774.85382	7511332.2031436805	15878.443306263853	-26341.85834996143	15.583853048203999	3813.5632505625467
577812021.2273525	-126351850651.5443	-87085813468.96211	8418676.641901463	16168.71021882352	-26161.243748199082	15.921788271773984	3810.7271160692267
577869621.2273525	-125412229282.05316	-88587422963.3764	9345594.174387962	16456.63898798714	-25977.447328173723	16.263471478197115	3807.8847398587536
577927221.2273525	-124456091443.26172	-90078354963.54625	10292300.17915046	16742.192614731117	-25790.503133768638	16.60888499199337	3805.036336677457
577984821.2273525	-123483574995.93304	-91558429149.45238	11259008.993941855	17025.334642877366	-25600.445679638207	16.95801035075669	3802.1821225474514
578042421.2273525	-122494819884.9121	-93027467202.45009	12245933.870534765	17306.029165744818	-25407.309941704203	17.310828310077405	3799.322314709754
578100021.2273525	-121489968107.2874	-94485292831.56187	13253286.92982348	17584.24083261714	-25211.13134754774	17.66731884861457	3796.457131568082
578157621.2273525	-120469163680.18568	-95931731799.21397	14281279.117222415	17859.934855025032	-25011.945766700836	18.02746117331732	3793.586792633323
578215221.2273525	-119432552608.21031	-97366611946.4107	15330120.158369472	18133.077012841244	-24809.789500841565	18.39123372479431	3790.71151846867
578272821.2273525	-118380282850.53323	-98789763217.34152	16400018.515143096	18403.633660187006	-24604.69927389667	18.758614182830293	3787.8315306354048
578330421.2273525	-117312504287.65315	-100201017683.41542	17491181.342001144	18671.571731148062	-24396.71222205575	19.129579472048846	3784.947051639333
578388021.2273525	-116229368687.82938	-101600209566.7176	18603814.442650195	18936.85874529911	-24185.865883701037	19.504105767720333	3782.05830487785
578445621.2273525	-115131029673.20326	-102987175262.8838	19738122.227053538	19199.462813035276	-23972.198189256756	19.88216850171401	3779.1655145876393
578503221.2273525	-114017642685.61797	-104361753363.38753	20894307.668786112	19459.35264070944	-23755.74745096222	20.263742368593398	3776.268905792993
578560821.2273525	-112889364952.148	-105723784677.23691	22072572.262744695	19716.497535574257	-23536.55235257263	20.648801331853758	3773.368704254744
578618421.2273525	-111746355450.34996	-107073112252.07512	23273115.983221363	19970.867410527833	-23314.651938991872	21.037318630300753	3770.46513641981
578676021.2273525	-110588774873.24521	-108409581394.68266	24496137.24234844	20222.43278866216	-23090.08560584124	21.42926678456915	3767.5584293713378
578733621.2273525	-109416785594.04655	-109733039690.87694	25741832.848922975	20471.164807613553	-22862.893088968318	21.824617603780602	3764.648810779444
578791221.2273525	-108230551630.64	-111043337024.80576	27010397.96761859	20717.03522371412	-22633.11445390013	22.223342192339302	3761.736508852546
578848821.2273525	-107030238609.8329	-112340325597.63159	28302026.07859279	20960.01641594385	-22400.790085244684	22.625410956864506	3758.821752289279
578906421.2273525	-105816013731.38084	-113623859945.60461	29616908.937497444	21200.081389682655	-22165.960676045124	23.030793613258822	3755.904770230992
578964021.2273525	-104588045731.80325	-114893796957.52078	30955236.53590035	21437.20378026192	-21928.667217090468	23.43945919391104	3752.9857922148194
579021621.2273525	-103346504848.00105	-116149995891.5632	32317197.06212543	21671.35785631517	-21688.950986187316	23.851376055032517	3750.0650481273246
579079221.2273525	-102091562780.68675	-117392318391.52432	33702976.8625194	21902.518522927625	-21446.85353739648	24.266511884125816	3747.1427681587093
579136821.2273525	-100823392657.6388	-118620628502.40784	35112760.40315241	22130.661324584456	-21202.41669023868	24.684833707584517	3744.219182757585
579194421.2273525	-99542168996.79228	-119834792685.40736	36546730.23196015	22355.762447917634	-20955.68251887359	25.10630789842306	3741.2945225863027
579252021.2273525	-98248067669.17674	-121034679832.26157	38005066.9413349	22577.798724251363	-20706.693341256134	25.530900184135312	3738.3690184768407
579309621.2273525	-96941265861.71375	-122220161278.98375	39487949.13117297	22796.7476319462	-20455.49170827437	25.958575654680725	3735.4429013872386
579367221.2273525	-95621942039.88458	-123391110818.9661	40995553.372385755	23012.587298542134	-20202.120392872774	26.389298770596877	3732.5164023585844
579424821.2273525	-94290275910.28082	-124547404715.45619	42528054.17088165	23225.29650270073	-19946.622379165237	26.823033371237113	3729.5897524725433
579482421.2273525	-92946448383.04854	-125688921713.40692	44085623.93202609	23434.854675946845	-19689.040851541762	27.25974268313211	3726.6631828094305
579540021.2273525	-91590641534.2381	-126815543050.69843	45668432.92558671	23641.241904210296	-19429.419183772778	27.699389328474	3723.7369244068223
579597621.2273525	-90223038568.0707	-127927152468.73265	47276649.251170695	23844.43892916809	-19167.800928115237	28.141935333721904	3720.811208218703
579655221.2273525	-88843823779.13351	-129023636222.40082	48910438.80416132	24044.427149387757	-18904.229804424373	28.587342138327497	3717.886265075147
579712821.2273525	-87453182514.51457	-130104883089.42336	50569965.24216042	24241.188621272566	-18638.749689275148	29.03557060357935	3714.9623256425307
579770421.2273525	-86051301135.88905	-131170784379.0642	52255389.951943755	24434.706059809334	-18371.40460509724	29.486581021564717	3712.039620384273
579828021.2273525	-84638366981.56805	-132221233940.21939	53966872.016935915	24624.962839119904	-18102.238709327554	29.94033312424748	3709.118379522104
579885621.2273525	-83214568328.52089	-133256128168.88179	55704568.18521143	24811.942992817018	-17831.296283584023	30.39678609266086	3706.1988329978567
579943221.2273525	-81780094354.38338	-134275366014.98253	57468632.83802859	24995.631214165776	-17558.621722864587	30.855898566213607	3703.2812104357804
580000821.2273525	-80335135099.46147	-135278848988.61128	59259217.95890261	25176.01285605178	-17284.259524775207	31.317628652108244	3700.365741105374
580058421.2273525	-78879881428.74283	-136266481165.61708	61076473.10322449	25353.07393075715	-17008.25427879046	31.781933934870054	3697.452653884738
580116021.2273525	-77414524993.92639	-137238169192.59178	62920545.368431844	25526.80110954578	-16730.650655550642	32.2487714859854	3694.5421772244413
580173621.2273525	-75939258195.48172	-138193822291.23752	64791579.36473801	25697.18172205903	-16451.493396198974	32.71809787364797	3691.6345391119007
580231221.2273525	-74454274144.7485	-139133352262.12167	66689717.18642566	25864.2037555234	-16170.827301762516	33.18986917261151	3688.729967036276
580288821.2273525	-72959766626.08653	-140056673487.82184	68615098.383711	26027.85585377182	-15888.697222580313	33.66404097414777	3685.828687953869
580346421.2273525	-71455930059.0883	-140963702935.46255	70567859.93518436	26188.12731607982	-15605.148047782517	34.14056839610799	3682.930928254037
580404021.2273525	-69942959460.86281	-141854360158.6482	72548136.22083358	26345.00809581856	-15320.224694823666	34.61940609308675	3680.0369137256066
580461621.2273525	-68421050408.403595	-142728567298.79404	74556058.99565536	26498.488798926242	-15033.97209907396	35.1005082666865	3677.1468695237954
580519221.2273525	-66890399001.04849	-143586249085.8606	76591757.36386111	26648.560682199775	-14746.435203471363	35.583828675881406	3674.2610201376337
580576821.2273525	-65351201823.04411	-144427332838.49222	78655357.75368227	26795.215651408555	-14457.658948238502	36.06932064747917	3671.379589357888
580634421.2273525	-63803655906.223274	-145251748463.56677	80746983.89278117	26938.44625923229	-14167.688260667108	36.55693708667898	3668.5028002454824
580692021.2273525	-62247958692.80686	-146059428455.15793	82866756.78427275	27078.245703024753	-13876.568044973561	37.04663048772449	3665.6308751004153
580749621.2273525	-60684307998.33891	-146850307892.91586	85014794.68336251	27214.607822405727	-13584.34317222848	37.53835294465007	3662.7640354311743
580807221.2273525	-59112901974.76529	-147624324439.86975	87191213.07460628	27347.527096683047	-13291.058470363641	38.03205616211887	3659.902501924639
580864821.2273525	-57533939073.66664	-148381418339.65723	89396124.64979662	27476.998642106984	-12996.758714259218	38.52769146635122	3657.0464944164796
580922421.2273525	-55947618009.652794	-149121532413.18484	91629639.2864814	27603.01820895926	-12701.488615914208	39.02520981614174	3654.196231862038
580980021.2273525	-54354137723.930885	-149844612054.72543	93891864.02711953	27725.582178478897	-12405.292814703209	39.524561813963665	3651.3519323077026
581037621.2273525	-52753697348.05412	-150550605227.4563	96182903.05887869	27844.687559627222	-12108.215867722176	40.02569771715884	3648.5138128627627
581095221.2273525	-51146496167.862366	-151239462458.444	98502857.69408001	27960.331985694538	-11810.302240226145	40.528567449211764	3645.682089671748
581152821.2273525	-49532733587.62203	-151911136833.08136	100851826.35129462	28072.513710750707	-11511.596296161559	41.0331206111061	3642.856977887248
581210421.2273525	-47912609094.37526	-152565583988.98187	103229904.53709659	28181.231605942365	-11212.142288795845	41.53930649276214	3640.038691643207
581268021.2273525	-46286322222.5063	-153202762109.3366	105637184.828477	28286.485155639064	-10911.98435144698	42.047074084553515	3637.2274440287024
581325621.2273525	-44654072518.5347	-153822631915.7413	108073756.85592356	28388.27445343111	-10611.166488315457	42.55637208890168	3634.4234470621873
581383221.2273525	-43016059506.142914	-154425156660.49698	110539707.28717038	28486.60019798157	-10309.7325654212	43.067148931946406	3631.626911666213
581440821.2273525	-41372482651.44683	-155010302118.3928	113035119.81162196	28581.463688735268	-10007.726301647755	43.579352775290715	3628.8380476426155
581498421.2273525	-39723541328.51784	-155578036577.97537	115560075.12545602	28672.86682148731	-9705.1912598962	44.09293152781866	3626.0570636481707
581556021.2273525	-38069434785.16405	-156128330832.31238	118114650.91740876	28760.812083813973	-9402.170838350985	44.60783285758433	3623.284167170714
581613621.2273525	-36410362108.978455	-156661158169.25586	120698921.85524732	28845.302550368717	-9098.70826185986	45.12400420377021	3620.5195645057224
581671221.2273525	-34746522193.661835	-157176494361.21255	123312959.57293265	28926.341878046107	-8794.84657343007	45.641392788713574	3617.7634607333525
581728821.2273525	-33078113705.62823	-157674317654.42792	125956832.65847729	29003.934301016525	-8490.62862584293	46.15994562999892	3615.0160596959404
581786421.2273525	-31405335050.899883	-158154608757.79047	128630606.64250138	29078.084625634456	-8186.097073388604	46.679609552615	3612.27756397595
581844021.2273525	-29728384342.29885	-158617350831.16348	131334343.98749079	29148.798225223396	-7881.294363723148	47.200331201174585	3609.5481748743778
581901621.2273525	-28047459366.94301	-159062529473.25156	134068104.07776079	29216.081034740146	-7576.262729849629	47.72205705219545	3606.8280923896014
581959221.2273525	-26362757554.051964	-159490132709.00848	136831943.21012908	29279.93954532156	-7271.044182225004	48.24473342644067	3604.1175151966772
582016821.2273525	-24674475943.07164	-159900150976.5942	139625914.5853009	29340.38079871662	-6965.680500994662	48.768306501316694	3601.4166406270783
582074421.2273525	-22982811152.12133	-160292577113.88864	142450068.29997024	29397.41238160696	-6660.213228355948	49.29272232332737	3598.725664648873
582132021.2273525	-21287959346.772038	-160667406344.56885	145304451.3396398	29451.042419818732	-6354.683661052506	49.81792682058226	3596.0447818473413
582189621.2273525	-19590116209.161354	-161024636263.75806	148189107.57216296	29501.279572428906	-6049.132843000878	50.34386581535746	3593.3741854060204
582247221.2273525	-17889476907.449726	-161364266823.25345	151104077.7420107	29548.13302576903	-5743.601558050506	50.87048503670723	3590.714067088186
582304821.2273525	-16186236065.62615	-161686300316.3413	154049399.4652666	29591.612487329552	-5438.130322878866	51.397730133124604	3588.0646172187567
582362421.2273525	-14480587733.667244	-161990741362.20633	157025107.225352	29631.72817956769	-5132.759380022773	51.92554668524939	3585.4260246666254
582420021.2273525	-12772725358.055534	-162277596889.94373	160031232.36948505	29668.49083362203	-4827.528691046999	52.453880218621606	3582.7984768274064
582477621.2273525	-11062841752.662857	-162546876122.18207	163067803.10587513	29701.911682936883	-4522.4779298515405	52.98267621647869	3580.182159606604
582535221.2273525	-9351129070.00332	-162798590558.32404	166134844.5016557	29732.002456799535	-4217.646476118422	53.51188013259474	3577.577257403192
582592821.2273525	-7637778772.860357	-163032753957.4143	169232378.48155826	29758.77537379345	-3913.0734088989543	54.04143740415989	3574.9839530936056
582650421.2273525	-5922981606.294439	-163249382320.64203	172360423.82732868	29782.243135170607	-3608.797500342683	54.57129346469815	3572.4024280161343
582708021.2273525	-4206927570.0335445	-163448493873.4858	175518996.17788902	29802.418918145977	-3304.8572095683953	55.10139375702184	3569.8328619557237
582765621.2273525	-2489805891.2532234	-163630109047.51028	178708108.03024656	29819.31636911735	-3001.2906766784604	55.631683746220844	3567.2754331291717
582823221.2273525	-771804997.748188	-163794250461.82162	181927768.74115178	29832.94959681359	-2698.135716916706	56.16210893268495	3564.730318170721
582880821.2273525	946887508.4990883	-163940942904.19128	185177984.52950752	29843.333165374395	-2395.429814970792	56.69261486515728	3562.1976921180435
582938421.2273525	2666084877.3485126	-164070213311.85486	188458758.4795306	29850.482087364657	-2093.2101194196757	57.22314715381722	3559.677728398609
582996021.2273525	4385601236.129625	-164182090751.99625	191770090.54466826	29854.41181672662	-1791.5134373263018	57.75365148339088	3557.1705988164404
583053621.2273525	6105251614.8603115	-164276606401.92365	195111977.55227005	29855.138241672787	-1490.3762289763322	58.28407362628729	3554.6764735392458
583111221.2273525	7824851971.054314	-164353793528.94757	198484413.20901734	29852.67767752272	-1189.8346027631223	58.81435945575852	3552.195521085926
583168821.2273525	9544219214.116035	-164413687469.96786	201887388.10711145	29847.046859486854	-889.9243102190644	59.344454959081915	3549.7279083144517
583226421.2273525	11263171229.315878	-164456325610.77902	205320889.73122156	29838.26293540025	-590.6807411939604	59.87430625076253	3547.273800410108
583284021.2273525	12981526901.348225	-164481747365.10175	208784902.4661938	29826.343458409487	-292.1389191799819	60.40385958575397	3544.8333608741
583341621.2273525	14699106137.465153	-164489994153.34985	212279407.60552227	29811.30637961556	5.6665032160915985	60.933061372695775	3542.406751512517
583399221.2273525	16415729890.185497	-164481109381.14038	215804383.36058274	29793.17004067598	302.7012486536601	61.46185818716552	3539.994132425648
583456821.2273525	18131220179.57737	-164455138417.5554	219359804.87063047	29771.953166368843	598.9314192921777	61.99019678494369	3537.595661997646
583514421.2273525	19845400115.111027	-164412128573.16464	222945644.2135622	29747.674857122103	894.3235008780409	62.518024115289656	3535.211496886538
583572021.2273525	21558093917.07961	-164352129077.81668	226561870.41744283	29720.3545815108	1188.8443666845972	63.04528733422657	3532.841792014571
583629621.2273525	23269126937.588627	-164275191058.20724	230208449.47279823	29690.01216872523	1482.4612813058527	63.571933817833695	3530.4867005588944
583687221.2273525	24978325681.108757	-164181367515.23364	233885344.34567294	29656.66780101306	1775.1419043035762	64.09791117554397	3528.14637394257
583744821.2273525	26685517824.59485	-164070713301.14294	237592514.99145484	29620.342006098166	2066.854293708824	64.62316726344511	3525.8209618259084
583802421.2273525	28390532237.16574	-163943285096.48276	241329918.36946526	29581.055649579095	2357.5669093775873	65.14765019758231	3523.510612098123
583860021.2273525	30093198999.34647	-163799141386.8631	245097508.45831585	29538.829927310017	2647.248616201424	65.67130836726074	3521.2154708693
583917621.2273525	31793349421.871964	-163638342439.5373	248895236.27203128	29493.68635776694	2935.8686871736854	66.19409044834579	3518.935682462675
583975221.2273525	33490816064.049137	-163460950279.8104	252723049.8769382	29445.646774401965	3223.3968063113134	66.71594541655931	3516.671389407215
584032821.2273525	35185432751.67915	-163267028667.28354	256580894.4093196	29394.733317988408	3509.803071433453	67.23682256077001	3514.4227324305007
584090421.2273525	36877034594.53922	-163056643071.9424	260468712.09383482	29340.96842895938	3795.057996797314	67.75667149627583	3512.1898504518977
584148021.2273525	38565458003.42112	-162829860650.098	264386442.26270404	29284.374839742675	4079.1325155916675	68.27544217807687	3509.972880576018
584205621.2273525	40250540706.73029	-162586750220.18732	268334021.37565723	29224.975567094472	4361.997982289419	68.79308491413647	3507.7719580864623
584263221.2273525	41932121766.64224	-162327382238.44363	272311383.04064626	29162.79390443461	4643.626174859451	69.30955037862886	3505.5872164398384
584320821.2273525	43610041594.81694	-162051828774.44226	276318458.03532004	29097.853414185938	4923.989296838788	69.82478962517145	3503.4187872600505
584378421.2273525	45284141967.67407	-161760163486.53174	280355174.329261	29030.17792012031	5203.059979266287	70.33875410003975	3501.2668003328513
584436021.2273525	46954266041.22534	-161452461597.15732	284421457.10698223	28959.791499713847	5480.811282478265	70.85139565536312	3499.1313836006525
584493621.2273525	48620258365.46907	-161128799868.08496	288517228.79168445	28886.71847651375	5757.216697767644	71.3626665622993	3497.0126631575886
584551221.2273525	50281964898.34339	-160789256575.53363	292642409.06977063	28810.98341251937	6032.25014890711	71.87251952418605	3494.9107632448226
584608821.2273525	51939233019.24289	-160433911485.22403	296796914.916118	28732.61110057972	6305.885993537848	72.38090768966774	3492.8258062460955
584666421.2273525	53591911542.09654	-160062845827.35086	300980660.620105	28651.626556809915	6578.099024424632	72.88778466579524	3490.7579126835035
584724021.2273525	55239850728.01007	-159676142271.48666	305193557.8123921	28568.055013028898	6848.864470578606	73.39310453109684	3488.707201213502
584781621.2273525	56882902297.473175	-159273884901.42505	309435515.4924544	28481.92190922065	7118.157998248929	73.89682184861877	3486.673788623128
584839221.2273525	58520919442.13346	-158856159189.97015	313706440.0568651	28393.252886021237	7385.955711784582	74.398891678933	3484.657789826436
584896821.2273525	60153756836.138245	-158423051973.68045	318006235.3283264	28302.073777233814	7652.234154367468	74.89926959311059	3482.65931786113
584954421.2273525	61781270647.046036	-157974651427.57397	322334802.58544713	28208.4106023739	7916.970308618293	75.39791168565871	3480.678483885401
585012021.2273525	63403318546.31006	-157511047039.80194	326692040.59326446	28112.289559246845	8180.141597076525	75.8947745874193	3478.7153971749444
585069621.2273525	65019759719.334	-157032329586.2991	331077845.6345071	28013.73701655983	8441.725882555662	76.38981547842758	3476.7701651201614
585127221.2273525	66630454875.10496	-156538591105.4161	335492111.5415984	27912.779506570183	8701.70146837557	76.88299210072846	3474.8428932235306
585184821.2273525	68235266255.40238	-156029924872.5431	339934729.7293958	27809.443717772276	8960.047098472918	77.37426277114889	3472.9336850971417
585242421.2273525	69834057643.58815	-155506425374.72946	344405589.2286654	27703.756487624752	9216.741957391572	77.8635863940244	3471.0426424603825
585300021.2273525	71426694372.97809	-154968188285.3083	348904576.7202876	27595.74479532011	9471.76567015417	78.35092247387762	3469.16986513777
585357621.2273525	73013043334.79915	-154415310438.5311	353431576.57019216	27485.435754598504	9725.09830201661	78.8362311280473	3467.315451056916
585415221.2273525	74592972985.73303	-153847889804.22052	357986470.8650181	27372.85660660756	9976.720358106844	79.31947309926552	3465.479496246615
585472821.2273525	76166353355.05063	-153266025462.44635	362569139.4484985	27258.034712810037	10226.612782949704	79.8006097681815	3463.6620948350446
585530421.2273525	77733056051.33884	-152669817578.23322	367179459.9585626	27140.99754794105	10474.756959879278	80.27960316582984	3461.8633390480704
585588021.2273525	79292954268.82394	-152059367376.30438	371817307.8651569	27021.77269301652	10721.134710340551	80.7564159860416	3460.083319207637
585645621.2273525	80845922793.29271	-151434777115.86935	376482556.5087772	26900.38782839456	10965.728293081816	81.231011597796	3458.322123730238
585703221.2273525	82391838007.61624	-150796150065.46127	381175077.13971233	26776.870726891408	11208.520403239709	81.70335405751108	3456.57983912545
585760821.2273525	83930577896.87874	-150143590477.8295	385894738.95799226	26651.24924695335	11449.494171318454	82.17340812127131	3454.856549994514
585818421.2273525	85462022053.1145	-149477203564.8946	390641409.1540402	26523.551325886365	11688.633162065073	82.6411392569904	3453.1523390289576
585876021.2273525	86986051679.65625	-148797095472.77078	395414952.95002216	26393.804973144757	11925.92137324215	83.10651365650712	3451.467287009231
585933621.2273525	88502549595.09991	-148103373256.86172	400215233.641892	26262.038263680228	12161.343234300279	83.56949824761266	3449.8014728033495
585991221.2273525	90011400236.88617	-147396144857.0363	405042112.64212686	26128.279331353027	12394.8836049513	84.03006070600735	3448.1549733655215
586048821.2273525	91512489664.50615	-146675519072.88873	409895449.5231495	25992.556362406096	12626.527773644875	84.48816946718489	3446.52786373474
586106421.2273525	93005705562.33183	-145941605539.08957	414775102.06143266	25854.89758900387	12856.261455949532	84.94379373824238	3444.920217033325
586164021.2273525	94490937242.0768	-145194514700.83252	419680926.28228194	25715.33128283677	13084.07079284032	85.39690350961413	3443.3321044653867
586221621.2273525	95968075644.8903	-144434357789.38217	424612776.505292	25573.88574879265	13309.942348894901	85.84746956672738	3441.763595315191
586279221.2273525	97437013343.08888	-143661246797.72937	429570505.3904719	25430.589318696435	13533.863110399598	86.2954635015782	3440.214756945405
586336821.2273525	98897644541.52895	-142875294456.35672	434553963.9850348	25285.4703451189	13755.82048336758	86.74085772422555	3438.685654795185
586394421.2273525	100349865078.62589	-142076614209.12183	439563001.77084774	25138.5571952558	13975.802291470867	87.1836254742017	3437.1763523780915
586452021.2273525	101793572427.0208	-141265320189.26184	444597466.71253556	24989.878244878364	14193.796773887805	87.62374083183734	3435.686911279787
586509621.2273525	103228665693.90309	-140441527195.5237	449657205.30623496	24839.461872356	14409.792583068362	88.06117872949905	3434.2173911554946
586567221.2273525	104655045620.98886	-139605350668.42682	454742062.62899345	24687.33645275241	14623.778782418396	88.49591496273791	3432.7678497271645
586624821.2273525	106072614584.16275	-138756906666.65997	459851882.3888077	24533.530351995665	14835.74484390546	88.92792620134698	3431.338342780325
586682421.2273525	107481276592.78534	-137896311843.61914	464986506.9752959	24378.07192112347	15045.680645587434	89.35719000032587	3429.9289241605597
586740021.2273525	108880937288.67172	-137023683424.08984	470145777.51099914	24220.98949060411	15253.57646906619	89.78368481075074	3428.5396457695683
586797621.2273525	110271503944.74486	-136139139181.0778	475329533.90330666	24062.31136473405	15459.422996868034	90.20738999054781	3427.170557560759
586855221.2273525	111652885463.36877	-135242797412.79305	480537614.89699763	23902.06581611282	15663.21130975272	90.62828581516843	3425.8217075343073
586912821.2273525	113024992374.36542	-134334776919.79092	485769858.1273961	23740.281080195906	15864.932883952988	91.04635348816421	3424.493141731624
586970421.2273525	114387736832.72005	-133415196982.27368	491026100.1741317	23576.98534992631	16064.579588346465	91.46157515166004	3423.184904229155
587028021.2273525	115741032615.98001	-132484177337.55748	496306176.6155003	23412.2067704453	16262.143681561722	91.87393389672353	3421.8970371314385
587085621.2273525	117084795121.35092	-131541838157.70755	501609922.08341956	23245.973433883042	16457.617809020463	92.28341377362881	3420.629580563327
587143221.2273525	118418941362.49521	-130588300027.34529	506937170.318972	23078.313374229485	16650.99499991753	92.68999980201302	3419.3825726612827
587200821.2273525	119743389966.03702	-129623683921.63182	512287754.2285302	22909.25456228619	16842.26866414063	93.0936779809238	3418.1560495636327
587258421.2273525	121058061167.7797	-128648111184.42982	517661505.94045806	22738.824900699263	17031.432589131768	93.49443529875575	3416.950045399667
587316021.2273525	122362876808.63864	-127661703506.64832	523058256.86237967	22567.05221907413	17218.480936691914	93.89225974307432	3415.764592277444
587373621.2273525	123657760330.29527	-126664582904.77307	528477837.7390127	22393.964269172266	17403.408239730943	94.28714031032534	3414.599720270151
587431221.2273525	124942636770.57745	-125656871699.58525	533920078.7105563	22219.58872019027	17586.20939896473	94.67906701542826	3413.4554574008507
587488821.2273525	126217432758.56897	-124638692495.0725	539384809.3716288	22043.953154121744	17766.879679560843	95.06803090125156	3412.331829625427
587546421.2273525	127482076509.45569	-123610168157.5342	544871858.8307471	21867.08506120196	17945.41470773509	95.45402404796843	3411.228860813508
587604021.2273525	128736497819.11093	-122571421794.88394	550381055.7703431	21689.01183543575	18121.81046730038	95.83703958229113	3410.1465727271348
587661621.2273525	129980628058.42557	-121522576736.15309	555912228.5073059	21509.760770208784	18296.063296169727	96.2170716865821	3409.084984996888
587719221.2273525	131214400167.38814	-120463756511.19577	561465205.0540478	21329.359053982254	18468.16988281529	96.59411560784044	3408.044115095174
587776821.2273525	132437748648.91939	-119395084830.60004	567039813.1800826	21147.833766071213	18638.12726268511	96.96816766656151	3407.0239783063075
587834421.2273525	133650609562.46527	-118316685565.80606	572635880.4741111	20965.211872506683	18805.932814579173	97.33922526546863	3406.0245876929885
587892021.2273525	134852920517.35564	-117228682729.43442	578253234.4066061	20781.520221981333	18971.584256986825	97.70728689811449	3405.0459540587162
587949621.2273525	136044620665.92972	-116131200455.8263	583891702.3928883	20596.785541879166	19135.07964438687	98.07235215735116	3404.088085905603
588007221.2273525	137225650696.43707	-115024362981.79802	589551111.8566871	20411.034434388777	19296.417363512355	98.43442174366662	3403.1509893869843
588064821.2273525	138395952825.71622	-113908294627.61165	595231290.2941768	20224.29337270043	19455.596129581543	98.79349747338635	3402.2346682541233
588122421.2273525	139555470791.6568	-112783119778.16322	600932065.3384824	20036.58869728669	19612.61498249688	99.14958228673831	3401.3391237961937
588180021.2273525	140704149845.44995	-111648962864.39166	606653264.8246448	19847.946612266733	19767.47328301344	99.50268025577944	3400.464354772606
588237621.2273525	141841936743.6317	-110505948344.90807	612394716.8550394	19658.393181853833	19920.170708878664	99.8527965921824	3399.61035733658
588295221.2273525	142968779739.9238	-109354200687.84956	618156249.8652384	19467.954326886374	20070.707250944797	100.1999376548806	3398.7771249486873
588352821.2273525	144084628576.87802	-108193844352.95625	623937692.6903105	19276.655821441607	20219.083209255943	100.54411095757001	3397.964648278869
588410421.2273525	145189434477.32645	-107025003773.87552	629738874.631547	19084.523289532477	20365.299189110916	100.88532517606616	3397.1729150951737
588468021.2273525	146283150135.64496	-105847803340.6933	635559625.5236087	18891.5822018869	20509.356097103748	101.22359015551473	3396.401910137148
588525621.2273525	147365729708.8335	-104662367382.69379	641399775.8020837	18697.857872809338	20651.25513714344	101.55891691745406	3395.6516149714284
588583221.2273525	148437128807.41714	-103468820151.3493	647259156.5714465	18503.37545712449	20790.997806454103	101.89131766672794	3394.9220078266253
588640821.2273525	149497304486.1744	-102267285803.54102	653137599.6734132	18308.159947202534	20928.58589155752	102.22080579824743	3394.213063404041
588698421.2273525	150546215234.696	-101057888385.01134	659034937.7556788	18112.23617006577	21064.021464239184	102.54739590359965	3393.524752660057
588756021.2273525	151583820967.77927	-99840751814.04944	664951004.3410339	17915.628784576234	21197.3068774995	102.87110377750241	3392.8570425552093
588813621.2273525	152610083015.6635	-98615999865.41014	670885633.8968464	17718.362278703826	21328.44476149163	103.19194642410288	3392.2098957639178
588871221.2273525	153624964114.10925	-97383756154.46721	676838661.9049025	17520.46096687463	21457.438019447232	103.50994206311896	3391.58327033755
588928821.2273525	154628428394.3282	-96144144121.60167	682809924.9315963	17321.94898739889	21584.289823591676	103.82511013582146	3390.9771193119077
588986421.2273525	155620441372.76636	-94897287016.82542	688799260.6984601	17122.850299978265	21709.00361105007	104.13747131085626	3390.3913902481945
589044021.2273525	156600969940.7469	-93643307884.64137	694806508.1530248	16923.188683291788	21831.583079745455	104.44704748990398	3389.8260246940094
589101621.2273525	157569982353.9747	-92382329549.13976	700831507.540002	16722.987732660145	21952.032184290445	104.75386181317674	3389.2809575476913
589159221.2273525	158527448221.9104	-91114474599.33113	706874100.4727772	16522.27085778762	22070.35513187386	105.05793866474961	3388.7561163052574
589216821.2273525	159473338497.01508	-89839865374.71643	712934130.0052067	16321.061280581192	22186.556378143407	105.35930367772579	3388.2514201639465
589274421.2273525	160407625463.8727	-88558623951.09451	719011440.7037054	16119.382033046351	22300.64062308582	105.65798373923406	3387.7667789496354
589332021.2273525	161330282728.1924	-87270872126.60738	725105878.7196195	15917.25595525893	22412.612806905716	105.95400699525673	3387.3020918266675
589389621.2273525	162241285205.69724	-85976731408.02147	731217291.8618708	15714.705693412265	22522.4781059044	106.24740285528705	3386.8572457372593
589447221.2273525	163140609110.90198	-84676322997.24754	737345529.6698647	15511.753697939286	22630.241928359814	106.53820199681431	3386.4321135027767
589504821.2273525	164028231945.78482	-83369767778.09775	743490443.4866529	15308.42222170886	22735.909910408842	106.82643636963553	3386.026551499608
589562421.2273525	164904132488.3577	-82057186303.27895	749651886.5323368	15104.733318295537	22839.487911933164	107.11213919999207	3385.6403967965566
589620021.2273525	165768290781.13898	-80738698781.62367	755829713.9777069	14900.708840322282	22940.982012449786	107.39534499453005	3385.2734636065684
589677621.2273525	166620688119.53223	-79414425065.55736	762023783.0181034	14696.370437875454	23040.39850700736	107.67608954408284	3384.9255388605093
589735221.2273525	167461307040.11664	-78084484638.80145	768233952.9474896	14491.739556991193	23137.743902089493	107.95440992727475	3384.5963766513096
589792821.2273525	168290131308.8516	-76748996604.31296	774460085.232729	14286.837438212768	23233.024911525954	108.23034451394408	3384.285691219233
589850421.2273525	169107145909.2004	-75408079672.4587	780702043.5880524	14081.685115218004	23326.24845241305	108.50393296838453	3383.9931480495134
589908021.2273525	169912337030.17722	-74061852149.42401	786959694.0497087	13876.303413515976	23417.421641044075	108.77521625240361	3383.718352530126
589965621.2273525	170705692054.3202	-72710431925.85675	793232905.0507843	13670.712949212579	23506.55178885083	109.0442366281965	3383.4608354736256
590023221.2273525	171487199545.5964	-71353936465.74324	799521547.4961847	13464.934127843797	23593.646398357367	109.31103766103439	3383.22003466072
590080821.2273525	172256849237.24084	-69992482795.51773	805825494.8377634	13258.987143276172	23678.713159146762	109.57566422176585	3382.9952714638152
590138421.2273525	173014632019.5341	-68626187493.40386	812144623.1495918	13052.891976673718	23761.7599438419	109.83816248912991	3382.785721668122
590196021.2273525	173760539927.5226	-67255166678.98656	818478811.2033552	12846.668395530338	23842.794804101326	110.09857995187987	3382.5903800499677
590253621.2273525	174494566128.685	-65879536003.0149	824827940.5438664	12640.335952767095	23921.8259666309	110.35696541071611	3382.4080194869184
590311221.2273525	175216704910.54807	-64499410637.4337	831191895.5646847	12433.91398589347	23998.861829212212	110.61336898002736	3382.237147911878
590368821.2273525	175926951668.2567	-63114905265.6434	837570563.5838306	12227.421616231859	24073.910956748678	110.8678420894384	3382.0759707374546
590426421.2273525	176625302892.1003	-61726134072.987656	843963834.919582	12020.877748204453	24146.98207732998	111.1204374851639	3381.9223720221826
590484021.2273525	177311756155.00064	-60333210737.466095	850371602.9663452	11814.301068681638	24218.08407831597	111.37120923116636	3381.7739319207276
590541621.2273525	177986310099.9634	-58936248420.673134	856793764.2705854	11607.710046391261	24287.226002440446	111.62021271011761	3381.627995366325
590599221.2273525	178648964427.49747	-57535359758.96015	863230218.6068075	11401.122931387763	24354.417043935864	111.86750462416238	3381.4817926538176
590656821.2273525	179299719883.00568	-56130656854.81992	869680869.0535743	11194.55775458038	24419.666544679712	112.113142995483	3381.332590202615
590714421.2273525	179938578244.14993	-54722251268.49285	876145622.0695531	10988.032327319594	24482.98399036307	112.35718716666389	3381.177833879921
590772021.2273525	180565542308.19366	-53310254009.793564	882624387.5695758	10781.564241041142	24544.3790066823	112.59969780085497	3381.0152511244182
590829621.2273525	181180615879.32642	-51894775530.1548	889117079.0007036	10575.170866966277	24603.86135555445	112.84073688173278	3380.8428984294796
590887221.2273525	181783803755.97174	-50475925714.89027	895623613.4182832	10368.869355858042	24661.440931357025	113.08036771325823	3380.659161591863
590944821.2273525	182375111718.0833	-49053813875.672485	902143911.561984	10162.676637832254	24717.12775719276	113.31865491922983	3380.462726100016
591002421.2273525	182954546514.43152	-47628548743.224915	908677897.9318016	9956.60942222244	24770.93198118016	113.55566444263171	3380.252534383606
591060021.2273525	183522115849.88367	-46200238460.2274	915225500.8640201	9750.684197498016	24822.863872770155	113.79146354477487	3380.027741256627
591117621.2273525	184077828372.6812	-44768990574.43281	921786652.6071182	9544.917231234629	24872.933819089718	114.02612080423114	3379.7876734496867
591175221.2273525	184621693661.71667	-43334912031.99376	928361289.3976071	9339.324570136021	24921.15232131283	114.2597061155585	3379.531795409588
591232821.2273525	185153722213.81317	-41898109170.99721	934949351.53579	9133.922040106328	24967.529991059404	114.49229068781706	3379.2596815257075
591290421.2273525	185673925431.0096	-40458687715.2054	941550783.4614291	8928.72524637208	25012.077546822682	114.72394704287446	3378.97099406103
591348021.2273525	186182315607.85455	-39016752768.00288	948165533.8293102	8723.749573653058	25054.805810425652	114.9547490134999	3378.6654658049583
591405621.2273525	186678905918.7109	-37572408806.5457	954793555.58469	8519.010186381118	25095.72570350681	115.18477174124602	3378.3428864921857
591463221.2273525	187163710405.07474	-36125759676.11243	961434806.0386162	8314.522028965963	25134.84824403597	115.41409167411723	3378.0030921667785
591520821.2273525	187636743962.911	-34676908584.65518	968089246.9431068	8110.299826107244	25172.184542860385	115.64278656402414	3377.645956827457
591578421.2273525	188098022330.00812	-33225958097.548664	974756844.5661767	7906.358083152012	25207.745800281653	115.87093546402295	3377.271385833594
591636021.2273525	188547562073.35468	-31773010132.53546	981437569.7666987	7702.711086496586	25241.543302663827	116.09861872533877	3376.879310670682
591693621.2273525	188985380576.5404	-30318165954.865623	988131398.0690877	7499.372904032143	25273.58841907315	116.32591799417244	3376.4696847683763
591751221.2273525	189411496027.18445	-28861526172.629242	994838309.7377932	7296.357385632999	25303.89259794971	116.55291620828963	3376.042480137012
591808821.2273525	189825927404.39224	-27403190732.27939	1001558289.8515909	7093.678163686859	25332.467363811455	116.77969759339157	3375.597684643907
591866421.2273525	190228694466.24493	-25943258914.34413	1008291328.3776574	6891.348653666064	25359.32431399079	117.00634765926668	3375.1352997926806
591924021.2273525	190619817737.32214	-24481829329.32599	1015037420.245418	6689.382054739175	25384.47511540419	117.23295319572212	3374.655338900452
591981621.2273525	190999318496.2616	-23018999913.785862	1021796565.4201525	6487.791350421797	25407.931501355102	117.45960226829476	3374.1578255917266
592039221.2273525	191367218763.35733	-21554867926.61007	1028568768.9763494	6286.589309265905	25429.705268370344	117.68638421374055	3373.6427925458897
592096821.2273525	191723541288.19812	-20089529945.45996	1035354041.1707922	6085.788485587097	25449.808273070357	117.91338963530181	3373.110280449039
592154421.2273525	192068309537.34988	-18623081863.398746	1042152397.5153677	5885.401220228303	25468.25242907349	118.14071039775146	3372.5603371114335
592212021.2273525	192401547682.08185	-17155618885.697294	1048963858.8495817	5685.439641359826	25485.049703934637	118.36843962221388	3371.993016719953
592269621.2273525	192723280586.1411	-15687235526.814774	1055788451.4127707	5485.915665314481	25500.21211611837	118.59667168076129	3371.408379201227
592327221.2273525	193033533793.57526	-14218025607.5526	1062626206.9159954	5286.840997457047	25513.751732006782	118.82550219078536	3370.806489675965
592384821.2273525	193332333516.60657	-12748082252.379435	1069477162.6136031	5088.227133087281	25525.680662942228	119.05502800914313	3370.187417988844
592442421.2273525	193619706623.55927	-11277497886.925966	1076341361.3744478	4890.085358375723	25536.01106230523	119.28534722607684	3369.5512383012788
592500021.2273525	193895680626.84106	-9806364235.646915	1083218851.7527518	4692.426751331388	25544.755122627495	119.51655915890701	3368.898028736798
592557621.2273525	194160283670.98193	-8334772319.648159	1090109688.058599	4495.262182800602	25551.925072740403	119.74876434549805	3368.227871070608
592615221.2273525	194413544520.73096	-6862812454.677221	1097013930.4280438	4298.602317496191	25557.533174958982	119.98206453749599	3367.540850456441
592672821.2273525	194655492549.21323	-5390574249.274385	1103931644.8928251	4102.457615056095	25561.591722301462	120.21656269333775	3366.8370551849944
592730421.2273525	194886157726.149	-3918146603.0842266	1110862903.449671	3906.838331130979	25564.1130357446	120.45236297103153	3366.1165764692364
592788021.2273525	195105570606.13583	-2445617705.322691	1117807784.1291797	3711.754518499619	25565.109461514803	120.68957072070741	3365.3795082526503
592845621.2273525	195313762316.99594	-973075033.4002972	1124766371.0642672	3517.2160282115983	25564.59336841508	120.92829247693821	3364.62594703713
592903221.2273525	195510764548.1903	499394648.3024483	1131738754.5581627	3323.2325107564448	25562.577145187985	121.16863595082987	3363.8559917277703
592960821.2273525	195696609539.30048	1971705289.5082436	1138725031.1519444	3129.813417258465	25559.073197914506	121.41071002188075	3363.0697434922286
593018421.2273525	195871330068.58035	3443771554.9679413	1145725303.6915996	2936.968000696498	25554.093947449008	121.65462472960975	3362.2673056326944
593076021.2273525	196034959441.57855	4915508825.238123	1152739681.3945942	2744.7053171479756	25547.651826890156	121.90049126495262	3361.448783468796
593133621.2273525	196187531479.83337	6386833197.314686	1159768279.9159412	2553.034227056335	25539.759279087946	122.14842196142615	3360.614284230027
593191221.2273525	196329080509.64136	7857661485.123156	1166811221.4137537	2361.963396521288	25530.428754186752	122.39853028605977	3359.763916956474
593248821.2273525	196459641350.9007	9327911219.86963	1173868634.6142678	2171.5012986109587	25519.67270720438	122.65093083009434	3358.8977924068145
593306421.2273525	196579249306.03082	10797500650.252491	1180940654.8763244	1981.6562146954793	25507.50359564716	122.90573929944773	3358.0160229726766
593364021.2273525	196687940148.96997	12266348742.536743	1188027424.255294	1792.4362358013332	25493.93387716102	123.16307250494683	3357.1187225986014
593421621.2273525	196785750114.2502	13734375180.497126	1195129091.5664327	1603.8492639851265	25478.976007218414	123.4230483523258	3356.206006706934
593479221.2273525	196872715886.15323	15201500365.226141	1202245812.447655	1415.9030137270738	25462.642436841204	123.68578583199024	3355.2779921270667
593536821.2273525	196948874587.94653	16667645414.812521	1209377749.421711	1228.6050133429517	25444.945610359257	123.95140500854693	3354.3347970285276
593594421.2273525	197014263771.20114	18132732163.893257	1216525071.9577518	1041.96260641362	25425.8979632048	124.22002701009902	3353.3765408574823
593652021.2273525	197068921405.19287	19596683163.07754	1223687956.5322747	855.9829532321073	25405.51191974241	124.4917740173065	3352.40334427626
593709621.2273525	197112885866.38672	21059421678.248062	1230866586.6894295	670.6730322670592	25383.799891134524	124.76676925221159	3351.4153291055704
593767221.2273525	197146195928.00623	22520871689.739586	1238061153.100673	486.03964164220633	25360.77427324237	125.04513696682903	3350.4126182691134
593824821.2273525	197168890749.68912	23980957891.398247	1245271853.6237628	302.08940063101363	25336.44744456224	125.32700243150092	3349.39533574033
593882421.2273525	197181009867.22827	25439605689.522858	1252498893.3610723	118.82875116599462	25310.8317641969	125.61249192301631	3348.3636064910565
593940021.2273525	197182593182.40118	26896741201.68972	1259742484.7172122	-63.736040637853876	25283.939569862097	125.90173271249503	3347.317556441883
593997621.2273525	197173680952.8868	28352291255.46493	1267002847.4559507	-245.59888294642042	25255.783175927983	126.194853053036	3346.257312414042
594055221.2273525	197154313782.27148	29806183387.003708	1274280208.7564151	-426.75385665684007	25226.37487149524	126.4919821671297	3345.183002082663
594112821.2273525	197124532610.14496	31258345839.539616	1281574803.268558	-607.1952138355991	25195.726918505963	126.79325023383487	3344.0947539312483
594170421.2273525	197084378702.2857	32708707561.76818	1288886873.1678832	-786.9173761454022	25163.851549888757	127.09878837571947	3342.9926972072594
594228021.2273525	197033893640.9382	34157198206.12205	1296216668.2094083	-965.9149332605466	25130.76096773832	127.40872864556574	3341.8769618786823
594285621.2273525	196973119315.18124	35603748126.94295	1303564445.7808573	-1144.1826412719201	25096.46734152903	127.72320401283943	3340.7476785914864
594343221.2273525	196902097911.38837	37048288378.55344	1310930470.9550662	-1321.7154210823883	25060.982806362445	128.0423483499233	3339.60497862788
594400821.2273525	196820871903.7814	38490750713.22626	1318315016.5415885	-1498.5083567924066	25024.31946124852	128.36629641811473	3338.4489938652855
594458421.2273525	196729484045.07663	39931067579.05744	1325718363.1374886	-1674.5566940770877	24986.489367420334	128.69518385338796	3337.279856735959
594516021.2273525	196627977357.2255	41369172117.74188	1333140799.1773064	-1849.855838554753	24947.504546682194	129.0291471519204	3336.0977001871934
594573621.2273525	196516395122.24847	42804998162.25646	1340582620.9821832	-2024.4013541480545	24907.376979790733	129.36832365538373	3334.902657642039
594631221.2273525	196394780873.16452	44238480234.44922	1348044132.8081326	-2198.1889614374777	24866.118604869003	129.7128515359996	3333.694862960499
594688821.2273525	196263178385.01532	45669553542.53842	1355525646.8934443	-2371.2145360082122	24823.741315853193	130.06286978136012	3332.4744504011455
594746421.2273525	196121631665.98422	47098153978.52441	1363027483.5052068	-2543.4741067910363	24780.25696097174	130.41851817901335	3331.241554583111
594804021.2273525	195970184948.61194	48524218115.51308	1370549970.9849346	-2714.9638543970123	24735.677341256738	130.77993730081414	3329.9963104484214
594861621.2273525	195808882681.10748	49947683204.95563	1378093445.7932892	-2885.680109447314	24690.014209087225	131.14726848704018	3328.738853224633
594919221.2273525	195637769518.75616	51368487173.80449	1385658252.553876	-3055.6193508978995	24643.2792667643	131.52065383027394	3327.4693183877407
594976821.2273525	195456890315.42358	52786568621.58924	1393244744.096107	-3224.778204360171	24595.484165117592	131.90023615905034	3326.1878416253244
595034421.2273525	195266290115.15686	54201866817.41206	1400853281.4971168	-3393.1534404174727	24546.64050214309	132.28615902127075	3324.894558799915
595092021.2273525	195066014143.88303	55614321696.86558	1408484234.1227129	-3560.7419729382345	24496.759821671894	132.67856666738354	3323.589605912546
595149621.2273525	194856107801.20374	57023873858.87659	1416137979.6673539	-3727.5408573863206	24445.853612069608	133.07760403333123	3322.273119066475
595207221.2273525	194636616652.289	58430464562.473175	1423814904.1931365	-3893.547289128399	24393.933304966376	133.48341672326526	3320.9452344310494
595264821.2273525	194407586419.86713	59834035723.4819	1431515402.1677809	-4058.7586017395042	24341.0102740169	133.8961509920279	3319.6060882057022
595322421.2273525	194169062976.31268	61234529911.15276	1439239876.5016007	-4223.172265306686	24287.095833690546	134.31595372740242	3318.2558165840555
595380021.2273525	193921092335.8323	62631890344.71665	1446988738.5834436	-4386.785884731398	24232.20123809097	134.74297243213135	3316.8945557181187
595437621.2273525	193663720646.74884	64026060889.87392	1454762408.3155892	-4549.5971980307295	24176.337679805252	135.17735520570375	3315.5224416825654
595495221.2273525	193396994183.88196	65416986055.22	1462561314.1475925	-4711.604074638482	24119.516288781964	135.61925072591177	3314.139610439075
595552821.2273525	193120959341.02814	66804610988.60477	1470385893.1090565	-4872.8045137056015	24061.7481312382	136.06880823017673	3312.746197800727
595610421.2273525	192835662623.53775	68188881473.43083	1478236590.8413234	-5033.196642401055	24003.044208595096	136.52617749664554	3311.342339396433
595668021.2273525	192541150640.98975	69569743924.89218	1486113861.6280718	-5192.778714213275	23943.415456441475	136.99150882505796	3309.9281706354045
595725621.2273525	192237470099.96545	70947145386.15193	1494018168.4248028	-5351.549107252251	23882.87274352571	137.46495301738506	3308.5038266716306
595783221.2273525	191924667796.9181	72321033524.46498	1501949982.887205	-5509.50632255323	23821.426870774932	137.94666135823948	3307.069442368372
595840821.2273525	191602790611.14215	73691356627.24289	1509909785.3983867	-5666.648982381548	23759.088570341955	138.43678559505838	3305.6251522626535
595898421.2273525	191271885497.83862	75058063598.06673	1517898065.0949564	-5822.975828539802	23695.86850467897	138.93547791805912	3304.171090529746
595956021.2273525	190931999481.2784	76421103952.64574	1525915319.8919463	-5978.48572067697	23631.77726563823	139.4428909399689	3302.707390947636
596013621.2273525	190583179648.06363	77780427814.72514	1533962056.506558	-6133.177634600013	23566.82537359922	139.95917767552848	3301.2341868614717
596071221.2273525	190225473140.4848	79135985911.9455	1542038790.480723	-6287.050660588613	23501.02327662192	140.48449152077134	3299.7516111479745
596128821.2273525	189858927149.97562	80487729571.65332	1550146046.2024643	-6440.104001712825	23434.38134962598	141.01898623207794	3298.25979617982
596186421.2273525	189483588910.6654	81835610716.66437	1558284356.9260423	-6592.336972154062	23366.90989359567	141.56281590500691	3296.758873789973
596244021.2273525	189099505693.0265	83179581860.98361	1566454264.7908776	-6743.748995530086	23298.619134809876	142.11613495290325	3295.2489752359743
596301621.2273525	188706724797.6191	84519596105.48029	1574656320.8392324	-6894.339603223729	23229.519224097203	142.6790980852843	3293.7302311641733
596359221.2273525	188305293548.93274	85855607133.52045	1582891085.0326445	-7044.108432715835	23159.62023611597	143.25186028600464	3292.2027715739036
596416821.2273525	187895259289.3217	87187569206.56071	1591159126.2670934	-7193.055225923023	23088.93216865813	143.83457679120042	3290.6667257815943
596474421.2273525	187476669373.03796	88515437159.70041	1599461022.3868916	-7341.179827539823	23017.464941977752	144.42740306701396	3289.1222223848113
596532021.2273525	187049571160.35925	89839166397.19633	1607797360.1972864	-7488.482183385919	22945.228398143136	145.0304947870996	3287.5693892262298
596589621.2273525	186614012011.8109	91158712887.94226	1616168735.475759	-7634.9623387588545	22872.232300412226	145.64400780991176	3286.008353357528
596647221.2273525	186170039282.48358	92474033160.91093	1624575752.9820104	-7780.620436791869	22798.486332631514	146.26809815577556	3284.4392410032037
596704821.2273525	185717700316.4449	93785084300.56418	1633019026.4666193	-7925.4567168177	22724.00009865754	146.90292198374183	3282.8621775243046
596762421.2273525	185257042441.2459	95091823942.2283	1641499178.6783607	-8069.471512737986	22648.783121801323	147.5486355682264	3281.277287382077
596820021.2273525	184788112962.52026	96394210267.4399	1650016841.370173	-8212.665251399107	22572.84484429468	148.2053952754356	3279.6846941015206
596877621.2273525	184310959158.6769	97692201999.26106	1658572655.3037617	-8355.038450974187	22496.19462677872	148.87335753957828	3278.0845202348582
596935221.2273525	183825628275.68698	98985758397.56473	1667167270.2528257	-8496.591719351492	22418.84174781413	149.55267883886546	3276.4768873249063
596992821.2273525	183332167521.96173	100274839254.29398	1675801345.004895	-8637.325752529754	22340.79540341261	150.24351567129918	3274.8619158683528
597050421.2273525	182830624063.32373	101559404888.69398	1684475547.3617692	-8777.241333020223	22262.06470658948	150.94602453025064	3273.239725278938
597108021.2273525	182321045018.06958	102839416142.51878	1693190554.1385422	-8916.339328255794	22182.658686937182	151.66036187982968	3271.6104338505343
597165621.2273525	181803477452.12402	104114834375.21478	1701947051.161202	-9054.620689007425	22102.586290219046	152.38668413004598	3269.974158720131
597223221.2273525	181277968374.2849	105385621459.08081	1710745733.2627947	-9192.086447807922	22021.85637798341	153.12514761176334	3268.3310158307145
597280821.2273525	180744564731.55933	106651739774.4065	1719587304.278139	-9328.737717383186	21940.477727197627	153.87590855144845	3266.6811198940477
597338421.2273525	180203313404.5894	107913152204.59044	1728472477.0370815	-9464.575689091263	21858.459029901594	154.6391230457147	3265.0245843533517
597396021.2273525	179654261203.1673	109169822131.23923	1737401973.3562782	-9599.601631369274	21775.80889288059	155.41494703566286	3263.3615213458834
597453621.2273525	179097454861.84088	110421713429.24713	1746376524.029493	-9733.816888188123	21692.535837357264	156.20353628101932	3261.6920416654143
597511221.2273525	178532941035.60657	111668790461.85994	1755396868.8164027	-9867.222877515604	21608.648298702137	157.00504633407323	3260.01625472461
597568821.2273525	177960766295.6914	112911018075.7217	1764463756.4298909	-9999.821089787523	21524.15462616276	157.8196325134143	3258.3342685173106
597626421.2273525	177380977125.42285	114148361595.90643	1773577944.5218275	-10131.613086387315	21439.06308261088	158.6474498774716	3256.6461895807165
597684021.2273525	176793619916.18597	115380786820.93633	1782740199.6673152	-10262.600498134056	21353.381844307572	159.4886531978553	3254.9521229574793
597741621.2273525	176198740963.4665	116608260017.78671	1791951297.347398	-10392.785023779225	21267.119000685805	160.34339693250283	3253.252172157701
597799221.2273525	175596386462.98166	117830747916.87888	1801212021.930214	-10522.16842851203	21180.282554150464	161.21183519862984	3251.5464391208457
597856821.2273525	174986602506.8963	119048217707.06137	1810523166.6505864	-10650.75254247349	21092.880419895453	162.0941217454885	3249.835024177567
597914421.2273525	174369435080.1239	120260637030.58252	1819885533.588041	-10778.539259279636	21004.920425737306	162.99040992693355	3248.1180260114534
597972021.2273525	173744930056.71265	121467973978.0526	1829299933.6432354	-10905.530534553494	20916.410311965476	163.90085267379823	3246.3955416206986
598029621.2273525	173113133196.31635	122670197083.39877	1838767186.5127923	-11031.728384466252	20827.357731208747	164.82560246608082	3244.6676662797026
598087221.2273525	172474090140.74817	123867275318.81195	1848288120.6625276	-11157.134884287545	20737.77024831759	165.7648113049439	3242.9344935006056
598144821.2273525	171827846410.61823	125059178089.68796	1857863573.2990572	-11281.752166944994	20647.655340262194	166.71863068452714	3241.196114994766
598202421.2273525	171174447402.05426	126245875229.563	1867494390.3397768	-11405.582421592977	20557.020396045922	167.6872115635759	3239.452620634185
598260021.2273525	170513938383.50305	127427336995.04477	1877181426.3812017	-11528.627892190914	20465.872716633752	168.67070433688616	3237.7040984128903
598317621.2273525	169846364492.61487	128603534060.73969	1886925544.6656568	-11650.890876090869	20374.21951489578	169.66925880656805	3235.950634408282
598375221.2273525	169171770733.2091	129774437514.17708	1896727617.0463047	-11772.373722634595	20282.06791556529	170.6830241531294	3234.1923127424566
598432821.2273525	168490201972.31848	130940018850.73213	1906588523.9505057	-11893.078831760326	20189.424955211023	171.71214890638063	3232.4292155435114
598490421.2273525	167801702937.31592	132100249968.54668	1916509154.3414953	-12013.008652618928	20096.297582223764	172.7567809161627	3230.6614229068464
598548021.2273525	167106318213.1181	133255103163.45056	1926490405.6783702	-12132.165682199884	20002.692656816518	173.81706732289985	3228.8890128564717
598605621.2273525	166404092239.47125	134404551123.88239	1936533183.8743737	-12250.552463966722	19908.616951038755	174.89315452797842	3227.1120613063363
598663221.2273525	165695069308.31122	135548566925.81264	1946638403.2534702	-12368.171586502454	19814.0771488033	175.98518816395415	3225.330642021685
598720821.2273525	164979293561.20486	136687124027.6675	1956806986.5051982	-12485.02568216449	19719.07984592705	177.09331306458836	3223.5448265804657
598778421.2273525	164256808986.8666	137820196265.25635	1967039864.6377926	-12601.117425749459	19623.631550184073	178.21767323471613	3221.7546843347973
598836021.2273525	163527659418.7519	138947757846.7024	1977337976.9295676	-12716.449533167848	19527.738681371477	179.35841181994726	3219.9602823725145
598893621.2273525	162791888532.72733	140069783347.37726	1987702270.8785474	-12831.024760128379	19431.40757138777	180.51567107620184	3218.161685478809
598951221.2273525	162049539844.8161	141186247704.84036	1998133702.1503398	-12944.845900832255	19334.64446432329	181.68959233908276	3216.358956097982
599008821.2273525	161300656709.01764	142297126213.78464	2008633234.5242393	-13057.915786677315	19237.455516562484	182.8803159930862	3214.552154295332
599066421.2273525	160545282315.2026	143402394520.9872	2019201839.8375535	-13170.237284971927	19139.846796898073	184.08798144065236	3212.7413377191897
599124021.2273525	159783459687.08136	144502028620.26813	2029840497.928141	-13281.813297658886	19041.82428665657	185.3127270710582	3210.9265615631316
599181621.2273525	159015231680.24496	145596004847.45615	2040550196.575154	-13392.646760049078	18943.393879835035	186.55469022915378	3209.1078785283876
599239221.2273525	158240640980.2798	146684299875.3626	2051331931.4379742	-13502.740639565096	18844.5613832489	187.81400718394443	3207.2853387864684
599296821.2273525	157459730100.95392	147766890708.7644	2062186705.993337	-13612.097934494655	18745.3325166907	189.09081309702034	3205.458989942036
599354421.2273525	156672541382.4749	148843754679.39627	2073115531.4706302	-13720.721672753913	18645.712913099287	190.38524199083557	3203.6288769960465
599412021.2273525	155879116989.81833	149914869440.953	2084119426.7853644	-13828.614910660657	18545.708118739414	191.69742671683835	3201.7950423091884
599469621.2273525	155079498911.12714	150980212964.1028	2095199418.4707994	-13935.78073171731	18445.32359339166	193.02749892345489	3199.9575255656473
599527221.2273525	154273728956.1808	152039763531.511	2106356540.6077268	-14042.222245403753	18344.564710552237	194.37558902392811	3198.1163637372238
599584821.2273525	153461848754.9332	153093499732.87643	2117591834.7523923	-14147.942585980023	18243.43675764255	195.74182616401387	3196.2715910478387
599642421.2273525	152643899756.11954	154141400459.9798	2128906349.8625548	-14252.944911298717	18141.944936228407	197.12633818953637	3194.4232389384542
599700021.2273525	151819923225.93198	155183444901.7447	2140301142.2216737	-14357.232401627249	18040.09436224865	198.52925161380466	3192.5713360324444
599757621.2273525	150989960246.7616	156219612539.31235	2151777275.361213	-14460.808258479776	17937.890066252865	199.95069158489267	3190.715908101453
599815221.2273525	150154051716.00787	157249883141.13046	2163335819.9810596	-14563.675703458937	17835.336993648107	201.39078185278441	3188.8569780317666
599872821.2273525	149312238344.95532	158274236758.05618	2174977853.868042	-14665.837977107172	17732.440004954646	202.84964473638678	3186.9945657912485
599930421.2273525	148464560657.7152	159292653718.4742	2186704461.8125486	-14767.298337767783	17629.203876070103	204.32740109041177	3185.128688396864
599988021.2273525	147611058990.23236	160305114623.43024	2198516735.523234	-14868.060060455568	17525.633298542143	205.82417027213057	3183.259359882839
600045621.2273525	146751773489.3577	161311600341.78064	2210415773.539803	-14968.126435737067	17421.73287984949	207.3400701080011	3181.38659126949
600103221.2273525	145886744111.98438	162312092005.35822	2222402681.1438737	-15067.500768620339	17317.507143691	208.87521686017195	3179.510390532772
600160821.2273525	145016010624.24713	163306571004.1553	2234478570.267906	-15166.186377454273	17212.960530282588	210.4297251928641	3177.6307625745753
600218421.2273525	144139612600.78668	164295018981.5234	2246644559.4021893	-15264.186592837279	17108.097396662255	212.00370813863333	3175.747709193829
600276021.2273525	143257589424.07367	165277417829.39136	2258901773.4998827	-15361.504756535553	17002.92201700214	213.59727706451486	3173.8612290584388
600333621.2273525	142369980283.79736	166253749683.50168	2271251343.8801055	-15458.14422041054	16897.438582928557	215.2105416380531	3171.971317678119
600391221.2273525	141476824176.31476	167223996918.66486	2283694408.1290646	-15554.10834535585	16791.65120384908	216.84360979321823	3170.077967378152
600448821.2273525	140578159904.16058	168188142144.03342	2296232109.9992156	-15649.400500243379	16685.563907286763	218.49658769621237	3168.1811672741314
600506421.2273525	139674026075.6176	169146168198.39514	2308865599.3064528	-15744.024060878697	16579.18063922129	220.16957971116707	3166.2809032477253
600564021.2273525	138764461104.34756	170098058145.4861	2321596031.8253207	-15837.982408965563	16472.505264437063	221.86268836573504	3164.377157923519
600621621.2273525	137849503209.08093	171043795269.3241	2334424569.1822357	-15931.27893107962	16365.541566877946	223.576014316578	3162.469910646974
600679221.2273525	136929190413.36528	171983363069.56238	2347352378.7467246	-16023.917017651047	16258.293250008377	225.30965631475328	3160.5591374635596
600736821.2273525	136003560545.37265	172916745256.865	2360380633.520659	-16115.900061956338	16150.763937181118	227.0637111710012	3158.6448110991
600794421.2273525	135072651237.76482	173843925748.30255	2373510512.0254955	-16207.231459118928	16042.95717201119	228.83827372093612	3156.726900941389
600852021.2273525	134136499927.61472	174764888662.77084	2386743198.1874986	-16297.91460511875	15934.876418755757	230.63343679014315	3154.8053730231195
600909621.2273525	133195143856.38538	175679618316.43033	2400079881.2209587	-16387.95289581061	15826.52506270013	232.44929115918302	3152.8801900061767
600967221.2273525	132248620069.96632	176588099218.16913	2413521755.5093884	-16477.34972595128	15717.906410549835	234.28592552850768	3150.951311167343
601024821.2273525	131296965418.76355	177490316065.088	2427070020.484695	-16566.108488235393	15609.02369082803	236.14342648328906	3149.0186923854626
601082421.2273525	130340216557.84573	178386253738.00854	2440725880.504326	-16654.232572339854	15499.8800542787	238.02187845816346	3147.0822861301103
601140021.2273525	129378409947.14651	179275897297.00488	2454490544.7263803	-16741.725363976846	15390.47857427561	239.92136370189368	3145.1420414518198
601197621.2273525	128411581851.7191	180159231976.9596	2468365226.9826827	-16828.59024395544	15280.822247236218	241.84196224195236	3143.1979039739044
601255221.2273525	127439768342.04532	181036243183.14206	2482351145.6498156	-16914.830587251494	15170.913993041044	243.78375184902785	3141.249815885927
601312821.2273525	126463005294.39836	181906916486.81296	2496449523.518103	-17000.449762085987	15060.756655458203	245.74680800145632	3139.2977159388533
601370421.2273525	125481328391.25937	182771237620.8523	2510661587.6585493	-17085.451129011693	14950.353002573198	247.73120384958156	3137.3415394419376
601428021.2273525	124494773121.7833	183629192475.41248	2524988569.287712	-17169.838040008006	14839.705727223096	249.7370101800461	3135.3812182613774
601485621.2273525	123503374782.31961	184480767093.59668	2539431703.6305285	-17253.61383758395	14728.817447436053	251.76429538001554	3133.416680820778
601543221.2273525	122507168476.98392	185325947667.16284	2553992229.781071	-17336.78185388931	14617.690706875559	253.81312540133874	3131.447852103462
601600821.2273525	121506189118.2792	186164720532.25272	2568671390.5612397	-17419.34540983376	14506.327975288994	255.88356372464716	3129.4746536566618
601658421.2273525	120500471427.76817	186997072165.14767	2583470432.377386	-17501.30781421389	14394.731648960913	257.97567132339503	3127.4970035976253
601716021.2273525	119490049936.79744	187822989178.05045	2598390605.07486	-17582.672362848214	14282.904051171137	260.089506627844	3125.514816621666
601773621.2273525	118474958987.2685	188642458314.89313	2613433161.790487	-17663.442337719862	14170.847432656632	262.2251254889939	3123.5280040121847
601831221.2273525	117455232732.45892	189455466447.17218	2628599358.802958	-17743.621006127076	14058.563972077975	264.3825811424633	3121.5364736526917
601888821.2273525	116430905137.89415	190262000569.81055	2643890455.381148	-17823.21161984136	13946.055776490297	266.56192417232234	3119.540130040844
601946421.2273525	115402009982.26372	191062047797.04645	2659307713.630337	-17902.21741427316	13833.32488181774	268.76320247487956	3117.538874304525
602004021.2273525	114368580858.38895	191855595358.3505	2674852398.336359	-17980.6416076451	13720.37325333255	270.98646122242724	3115.5326042199767
602061621.2273525	113330651174.23666	192642630594.3697	2690525776.807646	-18058.4874001727	13607.202786137985	273.23174282694646	3113.5212142319992
602119221.2273525	112288254153.97885	193423140952.89978	2706329118.715193	-18135.7579732523	13493.815305654913	275.49908690377555	3111.5045954762277
602176821.2273525	111241422839.10065	194197113984.88556	2722263695.9304214	-18212.456488656462	13380.212568112542	277.7885302352443	3109.48263580349
602234421.2273525	110190190089.55305	194964537340.45	2738330782.360952	-18288.586087736443	13266.396261042793	280.10010673427695	3107.4552198062474
602292021.2273525	109134588584.95303	195725398764.95123	2754531653.784276	-18364.149890631925	13152.36800377857	282.4338474079666	3105.422228847117
602349621.2273525	108074650825.8266	196479686095.06885	2770867587.679331	-18439.150995487704	13038.129347955351	284.7897803211244	3103.383541089469
602407221.2273525	107010409134.89876	197227387254.919	2787339863.055974	-18513.592477677452	12923.681778016704	287.16793055980537	3101.3390315300912
602464821.2273525	105941895658.42789	197968490252.19922	2803949760.2823553	-18587.47738903442	12809.02671172337	289.56832019481465	3099.288572033901
602522421.2273525	104869142367.58243	198702983174.36157	2820698560.910188	-18660.808757088867	12694.165500665478	291.99096824519677	3097.232031370693
602580021.2273525	103792181059.86311	199430854184.81628	2837587547.4979157	-18733.589584312394	12579.09943077858	294.43589064171067	3095.169275253898
602637621.2273525	102711043360.56873	200152091519.1655	2854618003.4317727	-18805.822847368992	12463.82972286311	296.90310019029374	3093.1001663813217
602695221.2273525	101625760724.30252	200866683481.4657	2871791212.744745	-18877.511496372594	12348.357533106811	299.39260653551696	3091.0245644778433
602752821.2273525	100536364436.52364	201574618440.52164	2889108459.933419	-18948.65845415128	12232.683953610862	301.9044161240358	3088.942326340028
602810421.2273525	99442885615.14023	202275884826.21033	2906571029.7727346	-19019.26661551802	12116.810012919292	304.43853216803734	3086.8533058826224
602868021.2273525	98345355212.14267	202970471125.83502	2924180207.128621	-19089.33884654771	12000.736676551256	306.99495460868934	3084.757354186886
602925621.2273525	97243804015.28072	203658365880.5106	2941937276.7685375	-19158.87798386067	11884.46484753699	309.5736800795918	3082.654319550714
602983221.2273525	96138262649.78026	204339557681.57996	2959843523.1699023	-19227.88683391241	11767.99536695671	312.1747018702357	3080.5440475405
603040821.2273525	95028761580.10062	205014035167.0607	2977900230.3264227	-19296.368172289476	11651.32901448255	314.79800988947125	3078.4263810446846
603098421.2273525	93915331111.73346	205681787018.12445	2996108681.552317	-19364.32474301167	11534.46650892396	317.4435906289884	3076.3011603289315
603156021.2273525	92798001393.04027	206342801955.6062	3014470159.2844334	-19431.759257840156	11417.408508775858	320.1114271268133	3074.1682230928695
603213621.2273525	91676802417.13116	206997068736.5468	3032985944.882269	-19498.67439559167	11300.155612770195	322.8014989308232	3072.0274045283372
603271221.2273525	90551764023.78104	207644576150.76584	3051657318.4258885	-19565.072801458635	11182.70836043018	325.51378206228355	3069.878537379062
603328821.2273525	89422915901.38637	208285313017.4677	3070485558.5117393	-19630.957086335162	11065.067232627945	328.24824897940914	3067.7214520016996
603386421.2273525	88290287588.96048	208919268181.87964	3089471942.0463734	-19696.329826148973	10947.232652145094	331.0048685409538	3065.5559764281666
603444021.2273525	87153908478.16539	209546430511.92108	3108617744.0380673	-19761.19356119879	10829.204984236007	333.7836059698308	3063.3819364291835
603501621.2273525	86013807815.38437	210166788894.90717	3127924237.386355	-19825.550795497787	10710.984537194647	336.58442281676747	3061.199155578954
603559221.2273525	84870014703.83018	210780332234.28424	3147392692.6694603	-19889.403996122426	10592.571562924015	339.40727692399696	3059.0074553209
603616821.2273525	83722558105.69087	211387049446.3974	3167024377.9296455	-19952.75559256684	10473.966257508548	342.25212238899036	3056.8066550343683
603674421.2273525	82571466844.31363	211986929457.2928	3186820558.456468	-20015.607976102914	10355.168761789817	345.11890952823234	3054.596572102225
603732021.2273525	81416769606.42473	212579961199.552	3206782496.567955	-20077.963499145713	10236.179161945038	348.00758484104335	3052.3770219792555
603789621.2273525	80258494944.38493	213166133609.15973	3226911451.3896904	-20139.824474624165	10116.997490068356	350.9180909734521	3050.1478182612823
603847221.2273525	79096671278.48273	213745435622.40588	3247208678.6318316	-20201.19317535733	9997.623724755507	353.85036668212024	3047.9087727549113
603904821.2273525	77931326899.26245	214317856172.8208	3267675430.36404	-20262.071833435803	9878.057791691295	356.8043467983241	3045.6596955478235
603962421.2273525	76762489969.88754	214883384188.1447	3288312954.788344	-20322.46263960837	9758.299564239966	359.7799621919952	3043.4003950795222
604020021.2273525	75590188528.53955	215442008587.33093	3309122496.0099325	-20382.36774267381	9638.34886403873	362.7771397358236	3041.1306782124484
604077621.2273525	74414450490.85178	215993718277.5835	3330105293.80588	-20441.789248877867	9518.205461594229	365.79580226942716	3038.850350303377
604135221.2273525	73235303652.378	216538502151.42975	3351262583.3918123	-20500.729221315312	9397.869076882169	368.83586856358966	3036.559215275008
604192821.2273525	72052775691.09439	217076349083.8266	3372595595.186513	-20559.18967933694	9277.339379949739	371.8972532845715	3034.2570756876653
604250421.2273525	70866894169.93645	217607247929.3022	3394105554.5744767	-20617.172597961606	9156.615991521328	374.97986695849556	3031.9437328110216
604308021.2273525	69677686539.36975	218131187519.13287	3415793681.666415	-20674.679907293255	9035.698483607295	378.08361593581236	3029.61898669576
604365621.2273525	68485180139.99295	218648156658.55414	3437661191.0577145	-20731.713491942653	8914.58638011562	381.2084023558469	3027.282636245098
604423221.2273525	67289402205.17505	219158144124.00787	3459709291.584856	-20788.2751904541	8793.279157466914	384.35412411143085	3024.9344792860848
604480821.2273525	66090379863.72566	219661138660.4256	3481939186.079804	-20844.36679473705	8671.776245212579	387.5206748136239	3022.5743126406046
604538421.2273525	64888140142.59679	220157128978.5454	3504352071.1223583	-20899.990049502154	8550.077026655857	390.70794375652656	3020.201932195999
604596021.2273525	63682709969.61752	220646103752.26694	3526949136.790489	-20955.14665170232	8428.180839476368	393.9158158821884	3017.817132975239
604653621.2273525	62474116176.26192	221128051616.04138	3549731566.4086485	-21009.838249978457	8306.086976357816	397.1441717456147	3015.4197092065824
604711221.2273525	61262385500.44641	221602961162.29767	3572700536.2940736	-21064.066444109645	8183.79468561881	400.3928874798753	3013.0094543926325
604768821.2273525	60047544589.36047	222070820938.90527	3595857215.5010777	-21117.832784468086	8061.303171847023	403.66183476131863	3010.586161378748
604826421.2273525	58829620002.328384	222531619446.674	3619202765.5633483	-21171.138771478694	7938.611596536823	406.95088077489396	3008.149622420732
604884021.2273525	57608638213.701004	222985345136.88983	3642738340.234241	-21223.98585508304	7815.719078730021	410.25988817958586	3005.6996292517438
604941621.2273525	56384625615.779236	223431986408.88846	3666465085.2250967	-21276.375434207985	7692.6246956601535	413.58871507396407	3003.235973148374
604999221.2273525	55157608521.76776	223871531607.66547	3690384137.9415674	-21328.308856238753	7569.327483400153	416.9372149618517	3000.758444995833
605056821.2273525	53927613168.758896	224303969021.52484	3714496627.2179766	-21379.787416496536	7445.826437513515	420.30523671811534	2998.266835352203
605114421.2273525	52694665720.746185	224729286879.76367	3738803673.049708	-21430.812357720402	7322.120513708862	423.6926245545813	2995.7609345117
605172021.2273525	51458792271.66815	225147473350.39606	3763306386.323634	-21481.384869553785	7198.2086284982	427.0992179860796	2993.2405325669097
605229621.2273525	50220018848.48155	225558516537.91437	3788005868.546598	-21531.506088035396	7074.089659858706	430.5248517966208	2990.7054194699563
