573319221.2273525	-141584065527.568	45684190946.16826	-21033367.71882826	-9932.994316409311	-28939.53050481743	0.9006915533942343	4000.0
573319222.2273525	-141584075460.55948	45684162006.63673	-21033366.81813618	-9932.988590230792	-28939.532590224637	0.9006926105033117	3999.9999666960584
573319226.2273525	-141584115192.468	45684046248.48964	-21033363.215357278	-9932.96568551235	-28939.540931841806	0.9006968389473547	3999.999833480255
573319242.2273525	-141584274119.18597	45683583215.56781	-21033348.804072548	-9932.874066568866	-28939.574298124022	0.9007137528472763	3999.9993006164245
573319306.2273525	-141584909811.39893	45681731078.54193	-21033291.15622734	-9932.507589679359	-28939.707760270376	0.9007814104270149	3999.99716915123
573319562.2273525	-141587452345.7042	45674322445.027176	-21033060.52154262	-9931.041664273404	-28940.24156113462	0.9010520724278559	3999.9886431324744
573320586.2273525	-141597618730.0459	45644686544.73113	-21032137.289714336	-9925.177677157155	-28942.376001022258	0.9021352274117639	3999.9545365295826
573324682.2273525	-141638224213.1746	45526121105.65006	-21028433.25842921	-9901.717165592634	-28950.90154161847	0.9064759635375735	3999.8180696576237
573341066.2273525	-141799684756.02618	45051511344.91853	-21013438.53750779	-9807.802415762737	-28984.808082873034	0.9239690547886064	3999.27155388163
573406602.2273525	-142430111721.66565	43147594118.2085	-20950542.05956537	-9430.999788139392	-29117.296868898215	0.996042081055849	3997.0750605238813
573668746.2273525	-144703176168.4231	35450066787.098145	-20648330.31783407	-7906.75812620238	-29596.604081581478	1.3190908707481714	3988.118856979488
574579835.7366284	-149437730942.46417	7943288101.5597925	-18776164.88136576	-2455.4634341633227	-30616.418104829525	2.9213120858208903	3954.775262875412
575593257.3489159	-148805667900.50787	-23156369734.307022	-14501222.669500647	3696.203231229017	-30547.43752539334	5.7022189248291495	3913.5936741697165
576071089.2662644	-146355218271.73138	-37651748520.51263	-11378037.302426817	6551.194911061195	-30078.095640164494	7.414259582066368	3892.7664131795045
576643978.0602716	-141642502351.5541	-54638002584.476715	-6459936.07752408	9880.710918642268	-29158.651825064935	9.819847509101933	3866.7339515914296
577166392.3922315	-135714597528.88509	-69580304168.29033	-682555.8725510571	12790.396831642664	-27996.13202282919	12.35186266896012	3842.110871502168
577596318.8882488	-129721555790.07388	-81370796982.44447	5119678.170095895	15069.998834730583	-26820.991488129814	14.67566868655631	3821.3141597408153
578002638.3469269	-123179458845.14249	-92014023942.89127	11562138.751423603	17112.4229532182	-25541.03149186678	17.066746060776932	3801.2981044511585
578531306.8735627	-113469349768.46024	-105027452028.90569	21466071.69184331	19585.080181319838	-23649.209170492886	20.451056235445602	3774.855212658022
579146925.9322215	-100599570975.43909	-118834653004.79356	35362576.42659655	22170.370703133594	-21159.297786209165	24.758538899352843	3743.7061887016835
579841778.1309495	-84299297082.87616	-132469819470.04639	54379511.57888459	24669.918245434	-18037.688418328937	30.049099600401966	3708.420931427522
580618254.3374944	-64238847398.62552	-145022041357.47412	80157078.77964774	26898.590730653257	-14249.19425425991	36.41985691921142	3669.309767121116
581488256.6098977	-40014910856.784004	-155479115477.88538	115112339.0751368	28656.988104053034	-9758.616181960779	44.00219627141758	3626.547244861757
582471227.2304094	-11252743699.639456	-162517851584.76352	162729201.29173645	29698.36612321919	-4556.330670002597	52.92394705203022	3580.472034789643
583438111.4496859	17574128059.60257	-164465445326.91556	218201560.24779993	29779.181362599695	502.7996044794204	61.818624657489494	3538.373184196944
584403224.3413662	46003814424.633026	-161629625050.77737	282102500.57578915	29000.199515615564	5322.826012011219	70.55965673054301	3500.3452367808704
585377101.2523298	73548098194.53183	-154225032409.73517	354968862.336879	27447.614327662006	9810.388497256678	78.99988216518184	3466.692476336871
586376924.9751681	99909649230.85013	-142320552305.6026	438038743.57824045	25183.370100833996	13909.19210970714	87.0493985022231	3437.632718614813
587441226.7183586	125164810296.93076	-125480749089.66882	534867682.29427236	22189.168428058154	17617.746788324668	94.74682988441094	3413.2588020093726
588571452.0966084	148219133901.41235	-103713335906.57083	646060340.6921978	18543.172250552987	20762.620865853078	101.82361943515069	3395.0694268383963
589717079.3942704	167197822471.27615	-78503957632.05305	766276216.6260002	14556.219246803954	23107.307528709745	107.86698997002746	3384.6985205876745
590703295.1466066	179816108153.8207	-54994570133.16747	874895741.8426297	11027.919344251546	24470.9041504905	112.31015062233334	3381.1994996378066
591528884.3136663	187702026909.86948	-34473908390.063126	969021755.5283028	8081.732230071058	25177.269450471045	115.67473789013198	3377.585227447577
592222604.2262079	192461525327.35394	-16885880842.956762	1050216705.1197983	5648.7456469340195	25487.957890570033	118.4103170351633	3371.8775560374793
593119121.3605535	196150164629.1801	6016508999.505241	1157997519.29887	2601.226381821226	25541.881926213355	122.08579523747281	3360.816542115481
594029311.5956477	197164316153.86478	29152417548.79221	1271004499.0511467	-345.3563687654614	25239.7571497082	126.35781231219167	3345.6587104373184
594960611.0916967	195508777264.43546	52387776086.436935	1391107396.3726823	-3177.2531913263033	24609.04099998156	131.79276931722174	3326.5404654639633
595918932.5187057	191151876219.2204	75543876331.36902	1520749542.9062717	-5878.447895315174	23673.144399060246	139.11515568524314	3303.641814672453
596907281.5925883	184062057895.97464	98358869935.61122	1662993330.7559004	-8428.033130287184	22456.449207058493	149.22173766575224	3277.2485368380294
597925277.8841244	174252280128.5219	120488600002.4136	1821655850.6771836	-10802.536971279354	20988.278736812343	163.16093283891095	3247.7847879931887
598967605.0688326	161837182856.26288	141502805727.87518	2001113070.4820542	-12977.085016477144	19307.04208698035	182.02658053532093	3215.8365339768097
600020623.5172757	147125393979.94727	160875539103.6368	2205240808.9836626	-14924.784857721912	17466.863781061456	206.67985009594287	3182.1909628491403
601052978.9636667	130829886244.1154	177929084767.49875	2433731930.6201777	-16609.267698398995	15555.700449341275	237.0591102273676	3148.063842649221
601963531.7968638	115095485723.99026	191298460156.30527	2663911786.2174873	-17925.575177565795	13799.793781620978	269.42137397259734	3116.9347940210064
602956497.7910091	96651664298.17052	204024355246.57108	2951517025.076849	-19195.936559663405	11822.0549812215	310.965226011735	3081.5154822420586
604357327.1075437	68657096787.33618	218574139645.31876	3434500435.7505116	-20723.530459645743	8932.037899718263	380.7572190835824	3027.6113853718252
605771858.8154985	38421076181.42329	229075599038.0433	4030366066.7612185	-21981.399032521145	5895.272383915788	463.6730551922125	2966.071758556778
