573319221.2273525	585162266.5067637	148771950837.92905	207055437776.99597	0.0002449500569230677
573319222.2273525	585162118.9995883	148771951404.39792	207055420647.07858	0.00024495008732894986
573319226.2273525	585161528.9745848	148771953670.27533	207055352127.40854	0.0002449502089525367
573319242.2273525	585159168.9335154	148771962733.8171	207055078048.71704	0.00024495069544791954
573319306.2273525	585149729.7114509	148771998988.49762	207053981733.77588	0.0002449526414458926
573319562.2273525	585111987.9039431	148772144015.43378	207049596471.2081	0.00024496042570089187
573320586.2273525	584961262.2201922	148772724254.6058	207032055376.13083	0.0002449915669289071
573324682.2273525	584362240.4790555	148775047314.3355	206961890282.01285	0.00024511619906215194
573341066.2273525	582029290.447423	148784373214.845	206681218684.0981	0.00024561579628780384
573406602.2273525	573774304.9341031	148822216225.1342	205558365555.22888	0.00024763084770397606
573608214.6846229	561313534.5225444	148944073224.7256	202102814233.2704	0.000253982787395877
573812275.3129376	573155133.7745384	149075834290.59167	198604470712.22635	0.0002606113568174074
574017180.0290028	613039877.3318834	149216750804.16733	195092248260.5161	0.00026742444105379184
574223087.777292	680787596.7921988	149367127750.1496	191564895293.20062	0.0002743861440125523
574430133.6692137	773660781.3410897	149527276100.29132	188021623554.39633	0.0002814612671128248
574638415.7620089	888211053.6246997	149697497141.86316	184462341509.63947	0.0002886146466229654
574776483.1646918	974108951.4001334	149815406616.9847	182106538053.56735	0.0002933579342729545
574916903.1222261	1068606159.3642437	149939495021.03357	179714076970.65067	0.0002981705921811255
575098000.9065937	1199914171.4993715	150105767706.62183	176634500057.91415	0.0003043435626327355
575283366.7309926	1343974863.6317759	150283270391.02563	173490266071.30103	0.00031060199581950756
575490092.3450073	1514492821.7420294	150489993256.99887	169994494756.5683	0.00031748383392546614
575705207.7818849	1701171247.269437	150714965341.22586	166370477905.97592	0.00032450645258940564
575921780.5173967	1897017767.5802953	150951662522.31427	162737642600.9073	0.00033140450593140385
576134883.5741363	2096338631.2093046	151194594971.04892	159180083962.06287	0.0003379963184980214
576343094.152718	2296786806.216951	151441585543.79178	155722132489.16373	0.0003442253269457908
576545467.044459	2496737171.8172607	151690799530.59106	152379566824.8097	0.00035005871530944497
576740633.0871295	2694299375.7905607	151939695914.32605	149174553782.7547	0.0003554605489642762
576926446.6162235	2886821221.1983	152184482206.42285	146141163081.52484	0.000360384963330203
577099076.4672242	3069746641.845798	152418738284.51642	143339697726.09464	0.0003647578155640666
577182058.0793422	3159134445.972861	152533687504.2469	141999038849.53506	0.0003667876335707063
577306805.569375	3295350502.7090874	152709356530.21982	139991178970.11197	0.0003697480469874165
577449966.4508172	3454429390.6905093	152915193474.64362	137698517648.39087	0.00037300695736118653
577619841.7910036	3646968516.802012	153165313760.26974	134994697376.2573	0.00037667587017827035
577807897.1928489	3864629041.656832	153449629387.12973	132023497127.12494	0.00038047830247163553
578010635.6124066	4104048322.712427	153764873818.83444	128847350250.51537	0.0003842623975663175
578226320.2640815	4363434330.91408	154110172346.2244	125500602030.39734	0.0003879175061168948
578454085.6967231	4641894552.129425	154485887018.02872	122004123460.93991	0.0003913500288433993
578687682.4826175	4932029884.342378	154882997116.79623	118460219188.19865	0.00039440194033969604
578922699.6226745	5228798911.60941	155294504034.71255	114939683142.54059	0.0003969820275867357
579159140.9231024	5533006789.22014	155720571270.1495	111445192870.60028	0.0003990710600554481
579397022.1736498	5845935059.821197	156161376248.1394	107979295946.01367	0.0004006509941832329
579636360.1456074	6169300543.090058	156617091686.67398	104544578799.75931	0.00040170485187939034
579877175.0804856	6504981571.710336	157087890300.79028	101143633036.43477	0.0004022167591919368
580119488.1893102	6854398465.200043	157573940115.76608	97779094324.2826	0.00040217195935464867
580363322.7817179	7218190110.588514	158075406555.6161	94453629118.36536	0.0004015568487932575
580608705.2237023	7596613152.71547	158592454488.9784	91169925742.59071	0.000400359000148307
580855661.8885126	7990149943.87602	159125241794.4716	87930739517.76259	0.000398567206969024
581104221.7169782	8399916231.42137	159673924504.46005	84738862137.85335	0.000396171512671774
581354414.9958457	8827808440.830206	160238654059.7758	81597142580.24352	0.00039316325437914164
581606274.5465114	9276477000.1814	160819579788.40207	78508477090.8357	0.0003895350879310849
581859833.6726854	9749260374.399004	161416843988.39273	75475839838.24605	0.0003852810554212642
582115126.4579855	10250084443.761833	162030582081.59598	72502282936.90256	0.00038039663529260874
582371561.2881037	10781620670.282963	162659371015.117	69597932831.82736	0.00037489296535918884
582622406.9625901	11331511646.127705	163286175035.12582	66838675010.67059	0.0003689410741036743
582778366.6718329	11688885523.372044	163681629296.43115	65164682712.36699	0.0003649626563947985
582996150.1825452	12208289265.677017	164241099677.27814	62881289581.086914	0.0003590577229250321
583197213.7206664	12709479299.828543	164765006406.8229	60830097789.45444	0.0003532518827376795
583421310.0267166	13293628737.345715	165357136131.07376	58609338813.45239	0.0003463900262321144
583613194.8588938	13816312401.426264	165870903338.5697	56763397645.790115	0.00034019539834625437
583839185.925071	14460176416.602793	166483816156.3835	54656111443.411995	0.0003325331599273219
584081388.4698526	15186554931.082973	167149893563.36053	52478974365.48678	0.0003238953832971219
584333276.0123245	15984985890.184637	167852452585.577	50305339895.00307	0.0003144627373566448
584591959.7641535	16854213695.275818	168584136419.0401	48170531554.08223	0.00030431947431256985
584855944.6787666	17796052530.385395	169341128080.61557	46095145720.85521	0.0002935153168920704
585124377.3334743	18812515345.50637	170121221320.82495	44092909665.276276	0.0002820857178278599
585396737.6528935	19905206627.124405	170923032981.72662	42173887984.11663	0.00027006003127151324
585672695.4567095	21076221843.158554	171745637816.457	40345940222.44948	0.0002574652685886023
585952037.1267858	22328664125.862663	172588382487.69412	38615419165.50058	0.00024432801053356267
586234622.8102173	23666674868.509396	173450776059.6766	36987512431.18009	0.00023067559945735657
586520363.1685011	25095378451.72442	174332431139.27066	35466364236.613075	0.00021653681337594356
586809203.4136856	26620704002.059963	175233022387.34497	34055090855.684498	0.00020194245359960066
587101114.7342503	28248917911.96812	176152264731.60236	32755714364.047424	0.0001869257875181881
587396086.1741513	29985381299.542004	177089890979.90598	31569071475.484665	0.0001715232035399739
587694119.8350513	31833386551.003963	178045638352.4263	30494701600.964302	0.0001557750234976351
587995228.8347692	33795318007.374054	179019242905.19775	29530741544.80577	0.0001397267038446228
588299321.4153352	35873528608.82642	180010061122.42014	28674158509.561707	0.00012343714368206918
588606048.4254572	38069411507.63144	181016555260.7758	27920882752.280445	0.00010699097642656767
588915434.0938706	40387788304.93083	182038357898.08148	27264227311.56052	9.047301925825478e-05
589227495.7984681	42834350457.8074	183075046132.39215	26696296200.513092	7.400854611322258e-05
589542247.049702	45414978331.58057	184126150522.62222	26208162347.454605	5.781631254352068e-05
589859695.6462286	48134118598.63554	185191148357.45352	25790107894.39238	4.237479834611916e-05
590179845.2430092	50993490041.61622	186269468533.28387	25431889939.668846	2.90408846049387e-05
590502693.4211016	53993609963.43257	187360484995.6682	25123020505.68919	2.2060612506564686e-05
590828232.1613857	57135771064.74565	188463518519.3576	24853031555.35245	2.6820014689501447e-05
591156448.0127093	60422361029.297966	189577837823.16095	24611713194.529274	3.909132561943288e-05
591487321.2115067	63856909916.567535	190702657480.96863	24389314358.779305	5.378700404258288e-05
591820828.1717519	67443774428.60132	191837147661.98404	24176698025.783855	6.918984211466907e-05
592156938.9959022	71186460984.57492	192980427331.6624	23965456644.81677	8.472002031842747e-05
592491876.6738015	75041721032.3927	194118859343.4214	23750438345.241295	9.995459544156075e-05
592815880.4525671	78886255267.2498	195218580851.78278	23532108548.311413	0.00011434001999674208
593084524.1398972	82156843898.37444	196128745867.73975	23339835523.009506	0.00012595157269836794
593430355.8097012	86474926277.69772	197297548084.6824	23073345795.56155	0.00014042713838139886
593778265.782174	90939217939.39023	198469346818.91302	22779982260.340427	0.00015440947099544267
594109522.5039508	95301168054.03156	199580561800.31195	22474207058.86816	0.00016714834229003943
594414517.1996616	99412964216.22577	200599205944.53555	22168069352.510082	0.00017836103677205638
594750672.3840258	104048761044.95546	201716315132.2686	21801960004.285976	0.00019012890905518293
595101708.7354647	109000329467.96706	202875894141.4101	21386566402.24743	0.00020174366717814392
595460705.1843628	114173148597.99924	204053626877.9432	20926334520.36539	0.00021290145528108802
595821971.8388499	119482559329.50822	205229730833.07486	20427123999.213425	0.0002233931780319337
596185530.8762785	124924938076.7715	206403354559.5804	19888835079.937447	0.0002332117318261449
596551401.9524825	130498644186.88884	207573643237.75464	19311854411.958782	0.00024235791249931288
596919617.6292402	136203038374.9497	208739791167.64398	18696997936.07129	0.00025084160855933185
597290225.1420678	142034543933.4424	209901048823.19055	18045474415.11215	0.0002586826719913323
597663285.5263832	147985836369.81067	211056721276.78568	17358858278.185764	0.0002659118602233923
598038872.5134281	154048416863.51022	212206166021.76727	16639068963.839495	0.0002725719254783078
598417073.7547234	160214820330.4434	213348798034.91452	15888351625.421257	0.0002787188874061933
598797988.1881204	166479661176.1883	214484083201.1357	15109270796.033903	0.00028442336070578676
599181725.6536179	172840502768.45987	215611539118.9407	14304705573.96413	0.00028977201686055054
599568404.881003	179294307002.9966	216730731618.46408	13477853714.077637	0.0002948690451747501
599958153.0444969	185833306640.11053	217841276646.05954	12632238053.960133	0.00029983755732519084
600351103.2998934	192446801018.01968	218942837186.10547	11771722823.512543	0.0003048207369002065
600747394.0412362	199124018542.10498	220035126212.75153	10900532029.484598	0.0003099825880359985
601147166.8044733	205855905361.10724	221117906990.85712	10023276912.291157	0.00031550800655444903
601550566.1376736	212636947112.86206	222191000049.84683	9144986150.280127	0.00032160196562177777
601957738.1615825	219463114352.2532	223254287804.61707	8271147794.711452	0.00032848754893084037
602368830.519757	226325234825.5112	224307724225.9429	7407760330.827794	0.00033640273183853245
602783992.3945136	233209992681.17273	225351345894.62424	6561401605.973845	0.00034559591770534436
603203373.0073491	240103418417.84497	226385280659.45303	5739328627.694124	0.0003563204246507765
603627125.2170302	246993546918.21906	227409770342.1657	4949611942.67234	0.00036882855961675634
604055403.701216	253873117421.8169	228425181232.95816	4201353680.657078	0.0003833657144182834
604488367.6915512	260736913337.81442	229432027245.67407	3505010718.5790677	0.0004001654861788559
604926184.7629069	267573712660.3887	230430996534.26505	2872873645.1679845	0.00041944649158674
605369030.5082532	274368233485.40924	231422970055.6788	2319661899.8277516	0.00044141112022029645
