573319221.2273525	-141584065527.56796	45684190946.16828	-21033367.71882826	-9932.994316409315	-28939.530504817427	0.9006915533942339	4000.0
573319222.2273525	-141584075460.55942	45684162006.636734	-21033366.818136185	-9932.988590230796	-28939.53259022463	0.9006926105033112	3999.9999666960584
573319226.2273525	-141584115192.46796	45684046248.489685	-21033363.21535728	-9932.965685512354	-28939.54093184179	0.9006968389473538	3999.999833480255
573319242.2273525	-141584274119.18597	45683583215.56784	-21033348.804072548	-9932.874066568871	-28939.574298124026	0.9007137528472762	3999.9993006164245
573319306.2273525	-141584909811.399	45681731078.541954	-21033291.156227343	-9932.507589679366	-28939.70776027039	0.9007814104270147	3999.99716915123
573319562.2273525	-141587452345.70407	45674322445.02719	-21033060.521542612	-9931.041664273405	-28940.241561134604	0.9010520724278557	3999.9886431324744
573320586.2273525	-141597618730.04587	45644686544.73111	-21032137.28971432	-9925.177677157155	-28942.376001022283	0.9021352274117647	3999.9545365295826
573324682.2273525	-141638224213.1744	45526121105.65004	-21028433.25842919	-9901.717165592638	-28950.90154161846	0.9064759635375734	3999.8180696576237
573341066.2273525	-141799684756.0261	45051511344.91852	-21013438.53750784	-9807.802415762742	-28984.808082873045	0.9239690547886089	3999.27155388163
573370033.9464206	-142081386216.6133	44211028023.761856	-20986219.461874083	-9641.474618740436	-29043.989562000253	0.9554098393752908	3998.3027406772408
573411000.6207095	-142471537214.77493	43019505626.02816	-20946150.17557627	-9405.646604868269	-29126.008564876403	1.0010006052898106	3996.9270438926324
573463525.8337382	-142957608268.4474	41486955550.35138	-20891995.594298404	-9102.270939727894	-29228.285801019018	1.0614092305533653	3995.1535596602366
573527391.9877737	-143527117132.27426	39616400416.37635	-20821783.68660196	-8731.913496730273	-29348.264319452253	1.1378650422326018	3992.9824289391145
573602557.6503987	-144167013786.13116	37405302364.1355	-20732741.299578846	-8294.0381889794	-29483.28066380917	1.232147427249704	3990.406259392232
573689105.0217768	-144862932743.3683	34847170655.48179	-20621195.98468481	-7787.327696417799	-29630.40861331671	1.3465825964294282	3987.4116940948106
573787201.3633411	-145598546573.2125	31932794120.414978	-20482426.21326618	-7209.930799824258	-29786.324449453172	1.4840650631249517	3983.9804951612887
573897072.4847984	-146355019328.75818	28651166298.879097	-20310457.381678406	-6559.649999139855	-29947.193475173615	1.6480999192456809	3980.0902230902147
574018984.7718701	-147110534597.27103	24990214914.38209	-20097799.84430988	-5834.091729910682	-30108.572585557242	1.8428612365556596	3975.7146425991305
574153233.0723441	-147839878218.2848	20937421942.11811	-19835122.625605565	-5030.796456657812	-30265.324892868306	2.07326305453471	3970.8239573919436
574300132.5903109	-148514063518.8589	16480396020.761202	-19510854.231535435	-4147.361055866515	-30411.544130152506	2.345040170785808	3965.384949580362
574460013.5513847	-149099993805.62808	11607441054.088634	-19110700.113261215	-3181.5623312043285	-30540.48809306489	2.664836255410635	3959.3610806411707
574633217.7944856	-149560162462.00137	6308153351.132011	-18617064.83203806	-2131.4881801241904	-30644.52165487084	3.0402967024176983	3952.7125995222627
574820096.7172134	-149852395952.22995	574071479.7898202	-18008365.758285586	-995.6812343759492	-30715.07103687447	3.48016325041616	3945.396696199729
575021010.1632665	-149929649548.525	-5600602279.006648	-17258224.348927397	226.70137005509034	-30742.592077380996	3.9943667321485563	3937.36773527525
575236325.9658917	-149739870098.21622	-12218194768.269838	-16334520.701665035	1535.7095585160414	-30716.556301406847	4.594113456024857	3928.5776013666605
575466419.9209222	-149225944663.72702	-19276658484.954647	-15198297.517429005	2930.40162056845	-30625.45964417548	5.291959582096831	3918.9761872934046
575711675.992996	-148325758715.5805	-26768564769.550186	-13802501.095352529	4408.624682432522	-30456.859774371336	6.101866449833233	3908.5120561277
575972486.5819443	-146972392734.91565	-34679991239.18636	-12090549.88064823	5966.775117525531	-30197.449074940097	7.03922818057501	3897.1333081070134
576249252.621672	-145094491919.31525	-42989304930.529594	-9994726.449208949	7599.540967024058	-29833.171499214233	8.120860734591073	3884.788686185353
576542383.2510548	-142616850154.05423	-51665849410.93487	-7434397.191348718	9299.63044472474	-29349.39268040389	9.364939180652936	3871.4289553997464
576852294.6606362	-139461257120.9578	-60668550855.34485	-4314077.586025424	11057.49272266173	-28731.133884224804	10.790866748961527	3857.0085962946278
577179407.5891689	-135547666060.13702	-69944469306.0716	-521381.43553246	12861.04032313969	-27963.381512393902	12.419055583310326	3841.4878561556816
577524142.6950732	-130795749992.60152	-79427334990.82632	4075076.088270884	14695.386148683849	-27031.484907815677	14.270594486568223	3824.835208217524
577886912.7600318	-125126924908.06793	-89036130975.66476	9627705.566336554	16542.613435251347	-25921.655779882447	16.36677387433138	3807.0302719116116
578268110.3283364	-118466928312.43817	-98673813303.35689	16311717.626940897	18381.60371269234	-24621.582223845096	18.728432789933898	3788.06724631098
578665493.9067208	-110801421683.78023	-108166287657.45778	24270920.414888598	20176.66599646997	-23131.32608018713	21.35737741740979	3768.0899007692838
579062571.0906893	-102455688848.61903	-117034640649.86975	33299935.24118386	21836.007169204342	-21517.077735233543	24.146182355535153	3747.9876410526695
579456420.6809027	-93554543563.82489	-125175480345.78268	43379421.18524363	23340.651948636314	-19805.568051918763	27.06224747979429	3727.9842070028217
579842909.0372115	-84271392189.62166	-132490217027.66682	54413490.5468662	24673.606069224592	-18032.377091138544	30.0580556013171	3708.3635959859193
580216763.3680608	-74827913921.44014	-138899046683.65906	66210716.980136305	25822.59684727157	-16241.415248767345	33.07122591495167	3689.4587271652263
580571169.7943382	-65502592202.94405	-144345546537.6041	78451645.76072367	26780.977989122206	-14486.045974418239	36.02159272300255	3671.6620997538307
580896623.1675569	-56659000476.77429	-148792151345.431	90625739.30437934	27547.003252603994	-12833.852314404048	38.80215117563942	3655.4720917970253
581034392.5740136	-52843586765.09838	-150511485555.08722	96053716.1864441	27838.102890156693	-12124.890601705405	39.99756225462134	3648.672730918185
581280287.3778962	-45939220248.28569	-153336218139.03876	106153601.94179316	28308.45188603172	-10847.97792944898	42.155405711851614	3636.6297069952398
581513035.4340309	-39304343611.776726	-155719309372.39996	116205409.22256461	28695.507434044903	-9628.353635891282	44.2234496934495	3625.3527537760465
581802748.1090622	-30930412939.41184	-158287557732.3376	129393940.6317222	29098.477331743583	-8099.725730713775	46.827105645399044	3611.5029775776907
582125953.7188187	-21466636340.21315	-160628752261.0953	145002346.50659153	29445.553091242844	-6386.869614576361	49.76256815907287	3596.32670129709
582471373.9107239	-11248387363.927612	-162518520189.30734	162736981.08074787	29698.44800289734	-4555.554120778794	52.92530344737305	3580.465377827484
582831480.2839847	-525405110.7471428	-163816355986.17984	182391927.67739388	29834.637605826218	-2654.7035621608484	56.238174014364695	3564.3664031133126
583200562.3258066	10491530007.646992	-164439316624.81247	203775680.2987259	29842.59519936696	-724.9384492556605	59.63647039126031	3548.373864944992
583574003.2650344	21617000662.13736	-164349763790.12863	226686846.58853352	29719.36046299319	1198.9627583664583	63.06342163921627	3532.7605089268404
583947914.1605861	32686425351.95227	-163547114335.61597	250904609.75107887	29468.78092857833	3087.2228894543646	66.46866445226401	3517.742907234871
584318876.0536126	43553439900.01286	-162061398992.6846	276182655.33613694	29100.0910914564	4914.541887753952	69.80741221339662	3503.491748548974
584683703.6940651	54086869169.3784	-159948458087.10773	302241655.82526547	28626.821868737647	6659.492954422123	73.03956985128072	3490.1408019524533
585039185.4876128	64166342983.00951	-157287162264.24738	328756844.6403972	28066.113198548835	8303.703799841718	76.12846845299467	3477.795791377211
585381740.8595972	73675418345.45328	-154179472796.6364	355335526.2947466	27438.568509594308	9830.672192435815	79.03884157857621	3466.54440492287
585706857.4667935	82489191616.83234	-150755367607.80914	381472229.8011359	26769.002156646588	11223.786256771313	81.7330985201174	3456.470486877449
586007880.3301859	90446349639.81622	-147189099675.21494	406443090.57962734	26089.22597758963	12462.074796737326	84.16281114591196	3447.6823837315596
586184291.4598857	95011691805.59416	-144928491743.53302	421413558.82865363	25665.767396665615	13163.779135828989	85.55575790248001	3442.777885682525
586407663.9307872	100682543078.08246	-141891206277.5162	440718227.90690845	25104.52991569579	14026.09668268228	87.28504977796958	3436.832157614496
586622424.5457036	106013808545.72205	-138792455458.1398	459638780.0540624	24539.963160070518	14826.964886758482	88.91000783225448	3431.397423194265
586893197.2596784	112558571801.88467	-134645441141.9566	483984570.2656011	23795.571231051148	15796.439518614252	90.90424182442129	3424.943495209616
587201087.3892198	119749488175.91716	-129619204219.42271	512312542.49603254	22908.470158387558	16843.146899928233	93.09553934059691	3418.1504297193387
587537944.0222224	127296594851.38963	-123762187812.53995	544062926.828714	21893.191713955934	17919.2724492325	95.39740563911613	3411.3898916149333
587899166.6592022	135001332636.83844	-117093053454.52773	578951570.636475	20758.659601867977	18991.98266897648	97.7527400679782	3404.9259997861773
588281774.4793153	142706700529.31882	-109623855742.5777	616809444.5374347	19512.490359443174	20035.756912984514	100.11916647331493	3398.969786142971
588683650.4213078	150278312398.0736	-101368770725.6075	657520863.8434317	18162.544730708574	21029.494890744067	102.46392476512199	3393.699296326677
589100361.0059779	157548906206.04175	-92409997365.40562	700699519.0370483	16727.373745237535	21949.41872389635	104.74718204053326	3389.29266712006
589530470.8626933	164419726350.20117	-82786009811.52167	746232162.879198	15217.761445164071	22782.290613127778	106.95397600586446	3385.8522113964887
589974870.1614276	170831980648.25003	-72492962147.60814	794241674.0920415	13637.683228507929	23520.672680513762	109.08722970905784	3383.421081646301
590434094.599896	176717440162.07626	-61540815218.82201	844816663.4546211	11993.359913612523	24156.56658483511	111.15395307595222	3381.9023374969033
590908255.3711884	182001114589.07123	-49956984216.6181	898003115.3669881	10293.559755414644	24681.994179734942	113.16754106073601	3380.589209199871
591397027.5482812	186605568228.9882	-37788055856.0249	953803883.2902293	8549.54150243667	25089.73383030696	115.15050416062468	3378.392330520952
591896483.8130105	190434284555.19528	-25180699331.929214	1011810666.5321321	6785.892896344622	25372.661973788938	117.12462203648835	3374.88721469782
592404333.8963729	193430967320.8258	-12249981684.645433	1071801056.9842865	5021.05169335436	25529.357465284724	119.13296194528137	3369.974040925781
592918094.2606261	195559824366.07504	879571522.1944542	1133541421.801611	3273.2357796179394	25561.81320177635	121.23097668542302	3363.65475242292
593434311.5086415	196805846191.9927	14057677020.876612	1196695794.5935647	1562.3871174423175	25475.494026762444	123.48069680764415	3356.0030818397668
593947985.3202442	197181991975.3034	27098077273.787014	1260745407.3959708	-88.9223172476286	25280.120461544266	125.9420310721998	3347.172026435449
594451453.4452852	196741085420.7718	39756937797.03639	1324821856.0124846	-1653.2990704896056	24991.126229443773	128.6551353783519	3337.422202122934
594931817.4774003	195599054922.27243	51678820957.828285	1387315515.037826	-3092.677524833971	24632.91643573933	131.6031317596831	3327.190315457741
595119093.3875315	194968562665.24957	56277166178.14989	1412078730.548015	-3639.235329811936	24472.95991283811	132.8652841591971	3322.9725025865046
595520076.73629	193279027753.09903	66016166372.36075	1465934674.339816	-4781.263080764504	24094.702915138307	135.81229817849336	3313.539836270907
595887627.9385368	191334586203.9508	74802228044.2056	1516399082.263158	-5793.7438165843	23707.780859495626	138.8413749889766	3304.4445151891573
596371147.8081384	188221107164.97696	86131719851.20074	1584600385.2716331	-7075.015587658858	23145.047519087006	143.37169699126088	3291.885639436826
596888474.3391219	184220146806.17468	97936260700.09418	1660189165.570792	-8381.771908568173	22481.672589581824	149.00048491080815	3277.7823913541215
597390602.0384879	179706260565.9886	109051776884.92146	1736560030.4093456	-9586.931669593476	21783.61115811049	155.34141393938955	3263.5184797977104
597871041.832845	174834929677.36194	119347999823.38141	1812829885.1111522	-10682.374543188482	21071.215628305203	162.31409412034373	3249.4118536791602
598322784.9382055	169786187141.405	128708701544.21692	1887801977.0678961	-11661.812719760517	20365.978342846953	169.75951612697676	3235.793417119509
598734806.8233249	164804498390.36853	136962727281.19452	1959285713.470159	-12513.282869293893	19695.945542393114	177.3648135164584	3223.1107798654866
598975109.11179	161739766563.3336	141647612667.99265	2002479823.2463574	-12991.828836098734	19294.389475875658	182.18135942601083	3215.6103437475613
599227694.5154171	158396169810.32855	146466951686.28574	2049168586.8241725	-13480.767704805972	18864.371249228043	187.560598258186	3207.650578923113
599545793.2763681	154012632097.24188	152380139087.89087	2109970633.1775966	-14076.388143139062	18311.99793671785	194.81411420678464	3197.5221567411495
599935747.4167798	148385895860.37604	159386506327.0153	2187793181.098631	-14776.644745703157	17619.64084606942	204.46500037087986	3184.9561908552073
600376537.1457726	141705056578.95642	166977210005.84824	2280513390.522964	-15529.708012955844	16818.648481200536	216.42539501180963	3170.5611810755954
600858052.4428334	134038189052.1593	174860941995.4623	2388134816.758034	-16307.372841135162	15923.543763949521	230.8225920310489	3154.6041717824123
601374562.3984083	125410576065.21521	182833113268.5866	2511687812.8162484	-17091.539211583193	14942.406058810675	247.8746852302712	3137.2009494436015
601922488.0824496	115830088753.26929	190730391047.2239	2652886354.28894	-17869.46182779933	13880.192027485056	267.84587680125236	3118.371218553184
602499481.6355032	105296893914.11778	198411236937.76328	2814011478.0109344	-18631.671637979045	12739.93406000049	291.0234454431703	3098.052005983846
603091500.511204	94049332077.36246	205601887691.5936	2993912766.5390167	-19356.18931576057	11548.51746717382	317.1245212244261	3076.557117599749
603654204.6228715	82975905691.6664	211777135898.70227	3179853497.6280556	-19993.607048593192	10396.885676870941	344.11019436843105	3055.3735448064945
604178779.2351606	72341380528.12137	216945843509.56558	3367378501.8660884	-20544.984852395562	9306.739403854917	371.1489439801722	3034.819528467695
604650568.6203549	62538257951.48465	221102658624.8071	3548519300.7575774	-21006.954534753473	8312.56117552433	396.97253305174206	3015.5472850325204
605030895.9881675	54481600108.05324	224110184609.2166	3703619580.692821	-21356.676866789738	7501.436900030938	418.7868761198762	2999.3902415268362
605376583.7872361	47046419795.306274	226574790618.13196	3851923674.34193	-21657.353085101633	6756.460378747412	439.35016951161094	2984.169350490039
