573319221.2273525	585162266.5067643	148771950837.92908	207055437776.99594	0.0002449500569230677
573376821.2273525	577303978.2206177	148804912445.041	206068646248.32742	0.00024671191156401496
573434421.2273525	570832005.6979916	148838541422.8066	205081659328.9553	0.00024849399746592287
573492021.2273525	565908916.7829117	148872839783.85257	204094508846.21622	0.00025029524158250106
573549621.2273525	562690329.2516356	148907809510.29605	203107226690.14383	0.00025211458245809625
573607221.2273525	561320172.0580896	148943452553.69632	202119844810.11584	0.00025395097083091606
573664821.2273525	561925978.430052	148979770835.0081	201132395213.71884	0.0002558033701611998
573722421.2273525	564614615.2350236	149016766244.5345	200144909962.96326	0.00025767075708896795
573780021.2273525	569468871.6753361	149054440641.8819	199157421173.52234	0.0002595521218259519
573837621.2273525	576545273.2779621	149092795855.91748	198169961010.49225	0.0002614464684862143
573895221.2273525	585873355.0277125	149131833684.72525	197182561687.992	0.0002633528153598674
573952821.2273525	597456444.5772147	149171555895.56558	196195255464.87823	0.0002652701951341639
574010421.2273525	611273813.8815366	149211964224.83517	195208074644.0442	0.00026719765506608785
574068021.2273525	627283899.1149869	149253060378.02747	194221051568.49747	0.0002691342571104256
574125621.2273525	645428195.5771897	149294846029.69592	193234218620.2909	0.00027107907800708085
574183221.2273525	665635416.3509183	149337322823.4166	192247608217.0518	0.000273031209331262
574240821.2273525	687825549.9269147	149380492371.7537	191261252810.3979	0.0002749897575099688
574298421.2273525	711913539.1688454	149424356256.2255	190275184882.92566	0.0002769538438080034
574356021.2273525	737812405.6127411	149468916027.2707	189289436946.14322	0.00027892260428653625
574413621.2273525	765435738.0937227	149514173204.21826	188304041538.04202	0.00028089518973711927
574471221.2273525	794699540.672824	149560129275.25607	187319031220.2545	0.0002828707655937974
574528821.2273525	825523487.6927359	149606785697.40195	186334438576.42108	0.00028484851182580443
574586421.2273525	857831665.1253965	149654143896.47644	185350296208.6996	0.0002868276228131876
574644021.2273525	891552891.6552259	149702205267.07544	184366636736.6861	0.0002888073072074827
574701621.2273525	926620715.1771735	149750971172.5454	183383492793.48672	0.00029078678777943675
574759221.2273525	962973174.8421121	149800442944.95816	182400897024.79343	0.0002927653012556175
574816821.2273525	1000552408.6448922	149850621885.0897	181418882085.04703	0.0002947420981455847
574874421.2273525	1039304173.9843266	149901509262.3965	180437480636.45886	0.00029671644256117286
574932021.2273525	1079177335.204379	149953106315.00098	179456725345.1421	0.00029868761202927606
574989621.2273525	1120123359.497533	150005414249.65823	178476648880.03293	0.00030065489729946636
575047221.2273525	1162095850.3210642	150058434241.75186	177497283909.07123	0.00030261760214756107
575104821.2273525	1205050139.3287618	150112167435.27252	176518663098.2873	0.0003045750431762427
575162421.2273525	1248942950.4441946	150166614942.8021	175540819108.0021	0.0003065265496136478
575220021.2273525	1293732145.7698166	150221777845.4999	174563784591.381	0.0003084714631108458
575277621.2273525	1339376560.3358386	150277657193.0899	173587592191.46875	0.0003104091375388943
575335221.2273525	1385835930.4804053	150334254003.8479	172612274539.07736	0.0003123389387862503
575392821.2273525	1433070917.6045804	150391569264.59207	171637864250.34265	0.00031426024455709193
575450421.2273525	1481043224.1324313	150449603930.6729	170664393924.2118	0.0003161724441711127
575508021.2273525	1529715791.4457772	150508358925.96576	169691896140.29877	0.00031807493836526196
575565621.2273525	1579053060.9768589	150567835142.86353	168720403456.13696	0.0003199671390978909
575623221.2273525	1629021271.2314394	150628033442.27155	167749948405.49414	0.00032184846935557704
575680821.2273525	1679588757.5358176	150688954653.60287	166780563494.96967	0.0003237183629630559
575738421.2273525	1730726219.9134233	150750599574.7753	165812281203.035	0.000325576264396428
575796021.2273525	1782406928.7977169	150812968972.20984	164845133976.08865	0.0003274216285999607
575853621.2273525	1834606847.784705	150876063580.8297	163879154227.79892	0.00032925392080656457
575911221.2273525	1887304665.2821376	150939884104.0612	162914374335.24762	0.0003310726163622422
575968821.2273525	1940481739.8327136	151004431213.83588	161950826638.05237	0.0003328772005544785
576026421.2273525	1994121974.3735836	151069705550.59293	160988543434.86316	0.0003346671684447952
576084021.2273525	2048211641.072181	151135707723.2844	160027556982.34708	0.0003364420247054808
576141621.2273525	2102739180.2644143	151202438309.38025	159067899491.61584	0.00033820128346054697
576199221.2273525	2157694995.19468	151269897854.87607	158109603127.3862	0.00033994446813094493
576256821.2273525	2213071260.011003	151338086874.30005	157152700004.53345	0.0003416711112840772
576314421.2273525	2268861753.1969285	151407005850.72327	156197222186.9232	0.0003433807544875447
576372021.2273525	2325061723.339883	151476655235.76978	155243201684.54633	0.00034507294816717334
576429621.2273525	2381667789.476063	151547035449.62927	154290670451.6916	0.0003467472514692233
576487221.2273525	2438677874.3764443	151618146881.06918	153339660384.8695	0.0003484032321267933
576544821.2273525	2496091165.9916735	151689989887.44946	152390203320.40335	0.00035004046633033327
576602421.2273525	2553908099.610044	151762564794.7389	151442331032.8147	0.0003516585386021899
576660021.2273525	2612130350.8878827	151835871897.53088	150496075232.24023	0.0003532570416751774
576717621.2273525	2670760827.644123	151909911459.06186	149551467563.06717	0.000354835576375012
576775221.2273525	2729803646.2052336	151984683711.23123	148608539601.19498	0.00035639375150660894
576832821.2273525	2789264076.4080396	152060188854.6213	147667322852.92365	0.00035793118374409917
576890421.2273525	2849148438.6546855	152136427058.51923	146727848751.91345	0.00035944749752450433
576948021.2273525	2909463937.393232	152213398460.94037	145790148658.59317	0.000360942324944971
577005621.2273525	2970218418.901933	152291103168.6525	144854253856.78574	0.0003624153056634845
577063221.2273525	3031420047.8932953	152369541257.20114	143920195553.29916	0.0003638660868029152
577120821.2273525	3093076907.2569427	152448712770.93652	142988004874.73633	0.0003652943228583721
577178421.2273525	3155196537.3060637	152528617723.04147	142057712866.88617	0.00036669967560772727
577236021.2273525	3217785443.1672144	152609256095.56122	141129350491.86472	0.00036808181402517206
577293621.2273525	3280848608.6551456	152690627839.43347	140202948627.37177	0.00036944041419781376
577351221.2273525	3344389059.3076363	152772732874.51974	139278538064.02933	0.0003707751592450874
577408821.2273525	3408407514.500295	152855571089.63922	138356149504.6581	0.00037208573924098735
577466421.2273525	3472902158.9141364	152939142342.60278	137435813561.76454	0.0003733718511389629
577524021.2273525	3537868549.315596	153023446460.24762	136517560756.52107	0.00037463319869939177
577581621.2273525	3603299657.14516	153108483238.47516	135601421516.9149	0.0003758694924195632
577639221.2273525	3669186034.2848244	153194252442.28815	134687426176.07254	0.0003770804494660305
577696821.2273525	3735516080.9180207	153280753805.82986	133775604971.2574	0.00037826579360929425
577754421.2273525	3802276391.1392236	153367987032.4249	132865988041.51447	0.0003794252551606775
577812021.2273525	3869452152.91522	153455951794.62064	131958605427.31448	0.0003805585709113358
577869621.2273525	3937027582.253821	153544647734.22968	131053487068.01785	0.00038166548407329404
577927221.2273525	4004986375.0637956	153634074462.37436	130150662801.58286	0.0003827457442224456
577984821.2273525	4073312162.797416	153724231559.53192	129250162362.14665	0.000383799107243401
578042421.2273525	4141988959.0264006	153815118575.58093	128352015379.99248	0.0003848253352761506
578100021.2273525	4211001583.883147	153906735029.8491	127456251378.79724	0.0003858241966644028
578157621.2273525	4280336052.6676793	153999080411.16205	126562899776.17973	0.0003867954659055748
578215221.2273525	4349979914.928014	154092154177.89365	125671989880.62813	0.0003877389236023181
578272821.2273525	4419922531.843818	154185955758.0175	124783550892.12914	0.0003886543564155412
578330421.2273525	4490155283.14658	154280484549.1594	123897611899.52942	0.00038954155701881814
578388021.2273525	4560671699.853452	154375739918.65082	123014201880.76782	0.00039040032405416295
578445621.2273525	4631467524.995719	154471721203.58453	122133349700.80127	0.0003912304620890649
578503221.2273525	4702540710.247062	154568427710.8705	121255084111.47865	0.0003920317815747063
578560821.2273525	4773891360.923729	154665858717.29346	120379433749.98064	0.000392804098805363
578618421.2273525	4845521644.593984	154764013469.57138	119506427138.3843	0.0003935472358788544
578676021.2273525	4917435679.290786	154862891184.41513	118636092682.55623	0.0003942610206580403
578733621.2273525	4989639416.289659	154962491048.5904	117768458671.36513	0.0003949452867332406
578791221.2273525	5062140530.032489	155062812218.97882	116903553276.36507	0.00039559987338561373
578848821.2273525	5134948324.603732	155163853822.6422	116041404550.13448	0.00039622462555136454
578906421.2273525	5208073662.62242	155265614956.88696	115182040426.92137	0.0003968193937867284
578964021.2273525	5281528918.813785	155368094689.32977	114325488720.47464	0.0003973840342337594
579021621.2273525	5355327956.961779	155471292057.96494	113471777125.02391	0.0003979184085867743
579079221.2273525	5429486125.386916	155575206071.23224	112620933213.27017	0.00039842238405947986
579136821.2273525	5504020262.434396	155679835708.08667	111772984437.29976	0.0003988958333526956
579194421.2273525	5578948699.605219	155785179918.0689	110927958126.71075	0.00039933863462264334
579252021.2273525	5654291245.983311	155891237621.37708	110085881489.76643	0.0003997506714497755
579309621.2273525	5730069133.845394	155998007708.93958	109246781611.40208	0.00040013183280806553
579367221.2273525	5806304902.54821	156105489042.48944	108410685454.53113	0.0004004820130347517
579424821.2273525	5883022197.212289	156213680454.63986	107577619858.29237	0.00040080111180049687
579482421.2273525	5960245461.994909	156322580748.96005	106747611539.10068	0.0004010890340798969
579540021.2273525	6037999516.4958725	156432188700.05334	105920687089.55293	0.0004013456901223467
579597621.2273525	6116309018.9285345	156542503053.636	105096872978.74625	0.0004015709954231874
579655221.2273525	6195197840.263091	156653522526.61713	104276195552.11206	0.00040176487069515176
579712821.2273525	6274688396.204663	156765245807.17978	103458681031.12881	0.00040192724184000386
579770421.2273525	6354801002.826127	156877671554.86353	102644355513.82243	0.000402058039920435
579828021.2273525	6435553330.276879	156990798400.64755	101833244974.09921	0.0004021572011321156
579885621.2273525	6516960022.470594	157104624947.03564	101025375262.73866	0.00040222466677589076
579943221.2273525	6599032528.79582	157219149768.142	100220772106.43506	0.00040226038323013533
580000821.2273525	6681779161.919065	157334371409.7779	99419461109.31644	0.0004022643019231753
580058421.2273525	6765205362.493362	157450288389.53973	98621467751.49937	0.0004022363793058248
580116021.2273525	6849314125.835627	157566899196.89868	97826817391.1985	0.00040217657682393537
580173621.2273525	6934106532.679506	157684202293.29077	97035535263.15555	0.0004020848608910256
580231221.2273525	7019582326.363971	157802196112.20868	96247646480.68663	0.00040196120286088537
580288821.2273525	7105740488.770747	157920879059.2938	95463176034.46439	0.00040180557900019705
580346421.2273525	7192579781.8470745	158040249512.43082	94682148794.28937	0.0004016179704611284
580404021.2273525	7280099235.994223	158160305821.84186	93904589508.3428	0.0004013983632538639
580461621.2273525	7368298578.036012	158281046310.18317	93130522804.72607	0.000401146748219113
580519221.2273525	7457178598.78719	158402469272.64212	92359973190.9766	0.000400863121000502
580576821.2273525	7546741463.712898	158524572977.03506	91592965055.49074	0.0004005474820168877
580634421.2273525	7636990970.854594	158647355663.90756	90829522667.42082	0.0004001998364345976
580692021.2273525	7727932759.348363	158770815546.63412	90069670177.63727	0.00039982019413949463
580749621.2273525	7819574470.624028	158894950811.5203	89313431619.27309	0.00039940856970894465
580807221.2273525	7911925863.553007	159019759617.90543	88560830908.0103	0.0003989649823836484
580864821.2273525	8004998884.8338585	159145240098.2663	87811891843.47986	0.0003984894560392827
580922421.2273525	8098807696.834349	159271390358.3222	87066638108.91986	0.00039798201915799904
580980021.2273525	8193368666.705042	159398208477.14102	86325093272.92906	0.00039744270479975113
581037621.2273525	8288700322.449466	159525692507.24646	85587280789.04643	0.00039687155057342244
581095221.2273525	8384823283.333106	159653840474.7261	84853223997.59908	0.000396268598607767
581152821.2273525	8481760173.155213	159782650379.3408	84122946125.18323	0.0003956338955221382
581210421.2273525	8579535525.273682	159912120194.63538	83396470286.76236	0.00039496749239702287
581268021.2273525	8678175687.768763	160042247868.0497	82673819484.82788	0.00039426944474435635
581325621.2273525	8777708735.817518	160173031321.03156	81955016611.75974	0.00039353981247761333
581383221.2273525	8878164396.332361	160304468449.15036	81240084448.8793	0.00039277865988165603
581440821.2273525	8979573987.315826	160436557122.21158	80529045668.50996	0.00039198605558238633
581498421.2273525	9081970371.28638	160569295184.373	79821922833.56483	0.0003911620725161209
581556021.2273525	9185387918.541328	160702680454.26105	79118738399.02654	0.0003903067878987527
581613621.2273525	9289862471.951847	160836710725.0893	78419514711.92006	0.0003894202831946659
581671221.2273525	9395431300.430132	160971383764.7768	77724274012.36722	0.0003885026440853848
581728821.2273525	9502133023.376911	161106697316.06888	77033038433.78639	0.00038755396043799726
581786421.2273525	9610007483.795805	161242649096.6577	76345830003.684	0.00038657432627332464
581844021.2273525	9719095544.400024	161379236799.30447	75662670644.15092	0.0003855638397338127
581901621.2273525	9829438780.610977	161516458091.96286	74983582171.97667	0.0003845226030512111
581959221.2273525	9941079049.113075	161654310617.90305	74308586299.70737	0.00038345072251396096
582016821.2273525	10054057922.905865	161792791995.8368	73637704635.01349	0.00038234830843436547
582074421.2273525	10168416004.830345	161931899820.0442	72970958682.12485	0.000381215475115476
582132021.2273525	10284192159.966135	162071631660.50073	72308369840.71866	0.00038005234081774694
582189621.2273525	10401422737.744352	162211985063.0053	71649959407.25383	0.00037885902772542916
582247221.2273525	10520140877.852028	162352957549.31042	70995748573.79855	0.00037763566191271905
582304821.2273525	10640375999.610273	162494546617.25153	70345758429.17545	0.00037638237330967633
582362421.2273525	10762153555.837553	162636749740.87936	69700009957.43396	0.0003750992956678658
582420021.2273525	10885495090.98403	162779564370.59164	69058524038.86142	0.00037378656652579
582477621.2273525	11010418590.7244	162922987933.26688	68421321448.19711	0.0003724443271740627
582535221.2273525	11136939062.34471	163067017832.39832	67788422855.354774	0.00037107272262037425
582592821.2273525	11265069255.940437	163211651448.23007	67159848823.47844	0.0003696719015541944
582650421.2273525	11394820431.144949	163356886137.89288	66535619808.9782	0.00036824201631128253
582708021.2273525	11526203089.22608	163502719235.54147	65915756159.72473	0.0003667832228379708
582765621.2273525	11659227616.7508	163649148052.49332	65300278114.254166	0.0003652956806552164
582823221.2273525	11793904814.947786	163796169877.3679	64689205799.93109	0.00036377955282246164
582880821.2273525	11930246311.658342	163943781976.2265	64082559231.36142	0.00036223500590130985
582938421.2273525	12068264867.553999	164091981592.71396	63480358308.57699	0.0003606622099189623
582996021.2273525	12207974595.354992	164240765948.20102	62882622814.56263	0.00035906133833151323
583053621.2273525	12349391111.986378	164390132241.92697	62289372413.33849	0.00035743256798702924
583111221.2273525	12492531641.206543	164540077651.14444	61700626646.38924	0.00035577607908849663
583168821.2273525	12637415080.167261	164690599331.2641	61116404930.91441	0.0003540920551565612
583226421.2273525	12784062039.03412	164841694416.00043	60536726555.07258	0.000352380682992135
583284021.2273525	12932494859.04989	164993360017.51987	59961610675.90581	0.00035064215263887503
583341621.2273525	13082737611.702398	165145593226.58728	59391076313.85296	0.00034887665734550005
583399221.2273525	13234816080.102182	165298391112.7159	58825142349.88276	0.0003470843935279829
583456821.2273525	13388757723.171587	165451750724.3168	58263827519.43331	0.0003452655607316441
583514421.2273525	13544591623.596184	165605669088.8495	57707150408.66189	0.00034342036159315173
583572021.2273525	13702348421.347662	165760143212.97357	57155129447.562195	0.0003415490018023838
583629621.2273525	13862060235.626963	165915170082.70157	56607782905.46081	0.00033965169006426924
583687221.2273525	14023760578.947044	166070746663.55225	56065128883.39656	0.00033772863806052686
583744821.2273525	14187484267.517538	166226869900.70474	55527185308.350075	0.00033578006041135445
583802421.2273525	14353267331.906893	166383536719.1543	54993969925.15064	0.00033380617463710835
583860021.2273525	14521146931.027235	166540744023.8684	54465500289.00812	0.00033180720111992436
583917621.2273525	14691161270.779846	166698488699.94324	53941793757.21402	0.00032978336306535317
583975221.2273525	14863349526.216778	166856767612.7623	53422867479.89483	0.00032773488646400484
584032821.2273525	15037751762.829975	167015577608.1552	52908738391.02746	0.0003256620000532027
584090421.2273525	15214408848.689264	167174915512.5571	52399423197.7197	0.00032356493527871324
584148021.2273525	15393362344.737356	167334778133.16928	51894938370.319565	0.0003214439262565201
584205621.2273525	15574654356.028414	167495162258.12103	51395300130.06767	0.0003192992097346831
584263221.2273525	15758327322.756035	167656064656.63138	50900524438.41651	0.0003171310250553034
584320821.2273525	15944423727.851358	167817482079.17288	50410626982.85385	0.00031493961411663545
584378421.2273525	16132985699.589426	167979411257.63525	49925623165.359474	0.0003127252213353179
584436021.2273525	16324054495.38793	168141848905.49026	49445528086.52562	0.00031048809360881887
584493621.2273525	16517669868.916765	168304791717.95758	48970356532.49123	0.00030822848027806484
584551221.2273525	16713869347.376589	168468236372.17154	48500122957.93777	0.00030594663309030287
584608821.2273525	16912687476.65688	168632179527.34793	48034841471.14609	0.0003036428061622188
584666421.2273525	17114155121.825644	168796617824.953	47574525815.77854	0.000301317255943374
584724021.2273525	17318298927.93865	168961547888.87192	47119189354.09323	0.00029897024117994696
584781621.2273525	17525141040.383743	169126966325.57874	46668845047.34496	0.00029660202287884924
584839221.2273525	17734699149.912495	169292869724.30722	46223505437.16816	0.0002942128642722225
584896821.2273525	17946986871.28166	169459254657.22244	45783182624.79371	0.0002918030307824187
584954421.2273525	18162014402.716984	169626117679.59262	45347888250.10642	0.00028937278998742317
585012021.2273525	18379789366.299862	169793455329.96246	44917633470.071236	0.0002869224115868488
585069621.2273525	18600317710.582905	169961264130.32742	44492428935.3267	0.00028445216736846385
585127221.2273525	18823604567.797867	170129540586.30756	44072284767.75094	0.0002819623311754209
585184821.2273525	19049654989.599438	170298281187.32358	43657210534.68391	0.00027945317887411776
585242421.2273525	19278474523.664246	170467482406.77267	43247215225.322075	0.00027692498832285515
585300021.2273525	19510069627.111908	170637140702.2058	42842307223.17902	0.00027437803934131036
585357621.2273525	19744447935.60083	170807252515.50537	42442494280.9501	0.00027181261368087767
585415221.2273525	19981618418.322365	170977814273.06363	42047783491.33117	0.00026922899499602583
585472821.2273525	20221591451.366318	171148822385.96185	41658181260.56694	0.00026662746881668146
585530421.2273525	20464378838.467323	171320273250.15036	41273693277.68306	0.00026400832252178086
585588021.2273525	20709993801.96385	171492163246.6297	40894324486.66839	0.000261371845314045
585645621.2273525	20958450960.01146	171664488741.63138	40520079054.635414	0.00025871832819614264
585703221.2273525	21209766299.896847	171837246086.80078	40150960342.28054	0.00025604806394830155
585760821.2273525	21463957152.240284	172010431619.37952	39786970871.64361	0.0002533613471075373
585818421.2273525	21721042167.13225	172184041662.3895	39428112294.77503	0.0002506584739486092
585876021.2273525	21981041290.76547	172358072524.817	39074385361.1302	0.0002479397424668796
585933621.2273525	22243975739.786736	172532520501.79788	38725789884.9891	0.00024520545236323
585991221.2273525	22509867970.213535	172707381874.8035	38382324712.6285	0.00024245590503121805
586048821.2273525	22778741638.134613	172882652911.8268	38043987688.821724	0.00023969140354667957
586106421.2273525	23050621550.296	173058329867.56982	37710775624.02691	0.0002369122526599955
586164021.2273525	23325533603.782333	173234408983.63126	37382684260.2629	0.00023411875879126204
586221621.2273525	23603504715.04514	173410886488.6952	37059708238.952255	0.00023131123002863494
586279221.2273525	23884562739.216248	173587758598.72028	36741841066.15241	0.0002284899761301443
586336821.2273525	24168736380.733532	173765021517.1294	36429075081.51506	0.0002256553085292954
586394421.2273525	24456055095.61646	173942671435.00024	36121401423.78954	0.00022280754034484861
586452021.2273525	24746548984.17183	174120704531.25677	35818810000.468895	0.00021994698639511242
586509621.2273525	25040248670.50676	174299116972.86057	35521289454.80255	0.0002170739632172788
586567221.2273525	25337185162.112507	174477904915.00375	35228827136.18785	0.00021418878909222277
586624821.2273525	25637389679.269886	174657064501.30157	34941409069.03229	0.00021129178407535947
586682421.2273525	25940893440.668106	174836591863.98657	34659019924.82898	0.0002083832700341545
586740021.2273525	26247727389.2852	175016483124.10272	34381642993.170784	0.00020546357069296803
586797621.2273525	26557921842.5599	175196734391.70053	34109260155.942993	0.00020253301168602112
586855221.2273525	26871506054.851276	175377341766.03232	33841851861.347466	0.00019959192061932537
586912821.2273525	27188507689.927483	175558301335.74884	33579397100.28333	0.00019664062714253372
586970421.2273525	27508952217.917423	175739609179.09564	33321873384.298534	0.00019367946303184435
587028021.2273525	27832862274.21554	175921261364.11066	33069256724.53413	0.0001907087622851104
587085621.2273525	28160257043.55331	176103253948.82214	32821521614.005966	0.00018772886123061576
587143221.2273525	28491151753.49607	176285582981.44727	32578641010.076344	0.00018474009865099872
587200821.2273525	28825557368.267174	176468244500.5911	32340586321.004368	0.00018174281592418893
587258421.2273525	29163480557.893185	176651234535.4462	32107327392.70978	0.00017873735718327538
587316021.2273525	29504923977.796143	176834549105.99316	31878832500.2053	0.00017572406949765472
587373621.2273525	29849886838.794926	177018184223.20126	31655068338.855614	0.0001727033030780649
587431221.2273525	30198365693.761044	177202135889.2296	31436000021.34823	0.00016967541150846816
587488821.2273525	30550355332.362167	177386400097.6293	31221591073.857105	0.00016664075200820066
587546421.2273525	30905849669.172756	177570972833.54578	31011803438.56473	0.0001635996857283386
587604021.2273525	31264842530.975037	177755850073.92163	30806597475.73346	0.00016055257808676005
587661621.2273525	31627328285.329845	177941027787.70026	30605931971.33516	0.00015749979914713206
587719221.2273525	31993302290.988422	178126501936.02957	30409764145.641575	0.0001544417240478141
587776821.2273525	32362761181.402084	178312268472.46686	30218049666.26126	0.00015137873348769268
587834421.2273525	32735703011.177555	178498323343.18344	30030742663.121952	0.00014831121427701487
587892021.2273525	33112127302.45999	178684662487.1703	29847795747.341526	0.00014523955996268917
587949621.2273525	33492035027.075253	178871281836.44412	29669160032.421894	0.0001421641715391013
588007221.2273525	33875428554.481884	179058177316.25366	29494785158.899193	0.00013908545825738516
588064821.2273525	34262311588.066208	179245344845.2865	29324619322.061935	0.00013600383854837157
588122421.2273525	34652689104.8889	179432780335.87698	29158609301.99707	0.00013291974107716787
588180021.2273525	35046567307.54429	179620479694.21347	28996700497.721344	0.00012983360595062528
588237621.2273525	35443953591.61905	179808438820.54684	28838836962.45764	0.0001267458861029103
588295221.2273525	35844856528.283264	179996653609.3996	28684961443.865776	0.00012365704888922925
588352821.2273525	36249285858.675156	180185119949.77463	28535015424.35759	0.00012056757792365969
588410421.2273525	36657252494.810715	180373833725.36496	28388939166.600616	0.00011747797520424775
588468021.2273525	37068768520.64217	180562790814.76395	28246671758.943764	0.00011438876357726857
588525621.2273525	37483847186.55072	180751987091.6756	28108151165.663982	0.00011130048960364092
588583221.2273525	37902502890.91787	180941418425.12576	27973314276.69977	0.0001082137269038188
588640821.2273525	38324751143.3621	181131080679.67313	27842096962.23817	0.0001051290800743717
588698421.2273525	38750608505.592896	181320969715.62088	27714434126.3632	0.00010204718929053012
588756021.2273525	39180092507.34736	181511081389.22903	27590259764.9557	9.896873573530449e-05
588813621.2273525	39613221536.24126	181701411552.927	27469507023.088486	9.589444802922444e-05
588871221.2273525	40050014701.25165	181891956055.52597	27352108255.12854	9.282510987704756e-05
588928821.2273525	40490491669.71343	182082710742.4327	27237995085.32526	8.976156920184219e-05
588986421.2273525	40934672477.011955	182273671455.86273	27127098469.584194	8.670474910609541e-05
589044021.2273525	41382577306.69845	182464834035.05438	27019348758.165356	8.365566108893185e-05
589101621.2273525	41834226236.834526	182656194316.48334	26914675758.49159	8.061542106430129e-05
589159221.2273525	42289638946.61885	182847748134.077	26813008799.260494	7.758526887605452e-05
589216821.2273525	42748834376.615326	183039491319.42932	26714276793.696228	7.456659220370909e-05
589274421.2273525	43211830337.3081	183231419702.0168	26618408304.26521	7.156095601321572e-05
589332021.2273525	43678643065.41833	183423529109.41324	26525331605.3729	6.857013905184522e-05
589389621.2273525	44149286736.377754	183615815367.5063	26434974748.31	6.559617934414309e-05
589447221.2273525	44623772954.661766	183808274300.71356	26347265622.720627	6.264143125586998e-05
589504821.2273525	45102110259.95742	184000901732.1989	26262132020.691715	5.970863750674939e-05
589562421.2273525	45584303702.87272	184193693484.08984	26179501696.886288	5.680102059781529e-05
589620021.2273525	46070354553.608574	184386645377.6939	26099302430.679657	5.3922399559609794e-05
589677621.2273525	46560260204.63983	184579753233.71677	26021462084.60589	5.107733982143264e-05
589735221.2273525	47054014309.99461	184773012872.47943	25945908663.956257	4.8271346445355516e-05
589792821.2273525	47551607170.27542	184966420114.13638	25872570372.791836	4.551111401342959e-05
589850421.2273525	48053026331.56954	185159970778.8939	25801375670.668427	4.280485000397779e-05
589908021.2273525	48558257329.65944	185353660687.2281	25732253326.03306	4.016269206216764e-05
589965621.2273525	49067284489.73395	185547485660.1039	25665132469.159794	3.7597241813179356e-05
590023221.2273525	49580091691.68828	185741441519.19415	25599942642.869694	3.512423561858466e-05
590080821.2273525	50096663029.86029	185935524087.0981	25536613851.231747	3.276335926418737e-05
590138421.2273525	50616983325.53007	186129729187.56158	25475076607.218624	3.053917624278911e-05
590196021.2273525	51141038481.0163	186324052645.6958	25415261977.23564	2.848205674456456e-05
590253621.2273525	51668815688.43584	186518490288.19772	25357101625.085068	2.6628838945470335e-05
590311221.2273525	52200303520.922554	186713037943.5697	25300527852.2044	2.5022711087636604e-05
590368821.2273525	52735491939.73509	186907691442.33978	25245473638.04572	2.3711529843963213e-05
590426421.2273525	53274372249.598274	187102446617.28198	25191872675.72091	2.274371921410032e-05
590484021.2273525	53816937029.67143	187297299303.63678	25139659408.610287	2.216146145203745e-05
590541621.2273525	54363180061.06523	187492245339.33185	25088769061.529266	2.1992396689331823e-05
590599221.2273525	54913096265.32941	187687280565.203	25039137673.53373	2.2242850258975953e-05
590656821.2273525	55466681662.56096	187882400825.21475	24990702124.940727	2.2895927131779833e-05
590714421.2273525	56023933352.93586	188077601966.6821	24943400165.70128	2.3915552150408546e-05
590772021.2273525	56584849521.46947	188272879840.49118	24897170438.895615	2.525430994200881e-05
590829621.2273525	57149429462.49733	188468230301.3211	24851952504.54207	2.6861551980078187e-05
590887221.2273525	57717673617.58078	188663649207.86526	24807686859.689743	2.8689311759774015e-05
590944821.2273525	58289583618.250824	188859132423.05298	24764314957.907185	3.069544618131335e-05
591002421.2273525	58865162323.273964	189054675814.2712	24721779225.987114	3.2844613334744286e-05
591060021.2273525	59444413839.12973	189250275253.58655	24680023079.290974	3.510798286330391e-05
591117621.2273525	60027343512.34411	189445926617.96704	24638990935.537064	3.746238452045582e-05
591175221.2273525	60613957883.38842	189641625789.5041	24598628225.840824	3.988931627805143e-05
591232821.2273525	61204264594.04828	189837368655.6347	24558881405.849476	4.237401606136887e-05
591290421.2273525	61798272243.30005	190033151109.36362	24519697963.077465	4.490467269714019e-05
591348021.2273525	62395990190.3714	190228969049.48535	24481026425.29352	4.747178758490721e-05
591405621.2273525	62997428307.239044	190424818380.80676	24442816364.478733	5.0067671797270116e-05
591463221.2273525	63602596685.71844	190620695014.36908	24405018402.50329	5.268605524082158e-05
591520821.2273525	64211505306.12061	190816594867.67035	24367584212.333237	5.532178471149916e-05
591578421.2273525	64824163675.09458	191012513864.88788	24330466520.995903	5.797059090568631e-05
591636021.2273525	65440580440.06357	191208447937.1005	24293619108.16234	6.062890831599555e-05
591693621.2273525	66060762987.308815	191404393022.5111	24256996806.940666	6.329373549283504e-05
591751221.2273525	66684717031.15997	191600345066.66895	24220555500.089264	6.59625260952363e-05
591808821.2273525	67312446203.793655	191796300022.6922	24184252118.43201	6.863310347169194e-05
591866421.2273525	67943951659.32321	191992253851.49017	24148044635.66329	7.130359328786471e-05
591924021.2273525	68579231711.97944	192188202521.98584	24111892063.909546	7.397237006032748e-05
591981621.2273525	69218281535.0687	192384142011.33823	24075754447.811695	7.663801446242578e-05
592039221.2273525	69861092952.86734	192580068305.16476	24039592857.603012	7.929927902227977e-05
592096821.2273525	70507654358.83368	192775977397.76324	24003369382.160713	8.195506039709855e-05
592154421.2273525	71157950787.86612	192971865292.3344	23967047120.205875	8.460437683167019e-05
592212021.2273525	71811964156.62206	193167728001.2043	23930590172.36561	8.724634972769477e-05
592269621.2273525	72469673665.51604	193363561546.0459	23893963630.739574	8.988018849194513e-05
592327221.2273525	73131056333.1026	193559361958.10147	23857133570.283546	9.250517801453857e-05
592384821.2273525	73796087613.99944	193755125278.40463	23820067036.73951	9.512066826868553e-05
592442421.2273525	74464742040.77129	193950847558.00195	23782732037.64949	9.77260656308902e-05
592500021.2273525	75136993831.02922	194146524858.17517	23745097529.05172	0.00010032082560362564
592557621.2273525	75812817412.4888	194342153250.66232	23707133405.7412	0.00010290444668704151
592615221.2273525	76492187836.88887	194537728817.87988	23668810487.495632	0.00010547646519664794
592672821.2273525	77175081073.34021	194733247653.14395	23630100508.33034	0.00010803645086338606
592730421.2273525	77861474188.44211	194928705860.89178	23590976102.625656	0.00011058400308377557
592788021.2273525	78551345431.93433	195124099556.90265	23551410793.493977	0.00011311874771242763
592845621.2273525	79244674252.28336	195319424868.51935	23511378978.701572	0.00011564033430906463
592903221.2273525	79941441267.44746	195514677934.86902	23470855918.498222	0.00011814843376784319
592960821.2273525	80641628213.70306	195709854907.08368	23429817721.564705	0.00012064273626952945
593018421.2273525	81345217891.37073	195904951948.52106	23388241331.926353	0.0001231229495073358
593076021.2273525	82052194121.70789	196099965234.98526	23346104515.723736	0.00012558879714553414
593133621.2273525	82762541724.75613	196294890954.9463	23303385846.895256	0.00012804001747673948
593191221.2273525	83476246523.81718	196489725309.76114	23260064694.745834	0.00013047636224934877
593248821.2273525	84193295378.41199	196684464513.8928	23216121209.100048	0.00013289759564113793
593306421.2273525	84913676243.90855	196879104795.13052	23171536307.939293	0.0001353034933588449
593364021.2273525	85637378252.28552	197073642394.80905	23126291662.639023	0.00013769384184659445
593421621.2273525	86364391804.66316	197268073568.02808	23080369685.7529	0.00014006843758870318
593479221.2273525	87094708662.40002	197462394583.87094	23033753516.143864	0.00014242708649451664
593536821.2273525	87828322020.09694	197656601725.62378	22986427007.02537	0.0001447696033547168
593594421.2273525	88565226541.41586	197850691290.9939	22938374711.152054	0.00014709581136011473
593652021.2273525	89305418338.02663	198044659592.3285	22889581869.119476	0.0001494055416751513
593709621.2273525	90048894874.0241	198238502956.83215	22840034394.71598	0.00015169863305947395
593767221.2273525	90795654783.26573	198432217726.78503	22789718863.299007	0.00015397493153179663
593824821.2273525	91545697595.06448	198625800259.76035	22738622497.904346	0.00015623429007111827
593882421.2273525	92299023373.5207	198819246928.84174	22686733157.170418	0.00015847656835092105
593940021.2273525	93055632285.77042	199012554122.8401	22634039322.39951	0.00016070163250266083
593997621.2273525	93815524122.56622	199205718246.51028	22580530085.27426	0.00016290935490521845
594055221.2273525	94578697799.26065	199398735720.76776	22526195135.556858	0.00016509961399751606
594112821.2273525	95345150865.73576	199591602982.90436	22471024748.85562	0.00016727229411174545
594170421.2273525	96114879050.57315	199784316486.80435	22415009775.023598	0.00016942728532507578
594228021.2273525	96887875859.22626	199976872703.15985	22358141625.636436	0.0001715644833278517
594285621.2273525	97664132239.95834	200169268119.68588	22300412263.477173	0.00017368378930666156
594343221.2273525	98443636326.42523	200361499241.335	22241814189.728397	0.000175785109840705
594400821.2273525	99226373262.83257	200553562590.51233	22182340434.217117	0.000177868356810207
594458421.2273525	100012325116.46509	200745454707.28925	22121984542.791157	0.00017993344731568543
594516021.2273525	100801470882.13766	200937172149.61716	22060740568.0149	0.0001819803036070129
594573621.2273525	101593786582.37656	201128711493.54086	21998603057.057144	0.00018400885302140283
594631221.2273525	102389245464.60469	201320069333.41193	21935567042.35101	0.0001860190279294503
594688821.2273525	103187818291.55095	201511242282.1008	21871628030.24442	0.00018801076568855969
594746421.2273525	103989473713.7864	201702226971.2097	21806781991.92025	0.00018998400860304916
594804021.2273525	104794178704.96576	201893020051.28378	21741025352.263405	0.00019193870389039807
594861621.2273525	105601899033.01126	202083618192.02332	21674354981.32843	0.0001938748036530849
594919221.2273525	106412599736.14548	202274018082.49402	21606768183.623623	0.00019579226485558654
594976821.2273525	107226245572.72775	202464216431.33862	21538262689.562267	0.00019769104930609805
595034421.2273525	108042801418.45287	202654209966.98593	21468836645.781883	0.00019957112364258345
595092021.2273525	108862232592.61601	202843995437.86166	21398488606.229378	0.00020143245932287832
595149621.2273525	109684505104.9902	203033569612.5974	21327217523.46586	0.00020327503261847066
595207221.2273525	110509585824.45042	203222929280.2393	21255022739.722214	0.0002050988246117434
595264821.2273525	111337442578.25844	203412071250.4568	21181903978.86536	0.00020690382119639784
595322421.2273525	112168044196.10515	203600992353.7506	21107861337.50195	0.00020869001308084094
595380021.2273525	113001360515.52325	203789689441.6604	21032895277.588013	0.00021045739579436234
595437621.2273525	113837362365.57632	203978159386.9714	20957006617.486267	0.000212205969695858
595495221.2273525	114676021544.46796	204166399083.92166	20880196525.440777	0.00021393573998500836
595552821.2273525	115517310804.52502	204354405448.40753	20802466510.446934	0.00021564671671568957
595610421.2273525	116361203855.36823	204542175418.18964	20723818416.36989	0.0002173389148115362
595668021.2273525	117207675393.1991	204729705953.098	20644254413.137848	0.00021901235408348447
595725621.2273525	118056701161.01393	204916994035.23657	20563776990.9842	0.0002206670592492205
595783221.2273525	118908258041.02127	205104036669.1871	20482388952.235752	0.00022230305995438334
595840821.2273525	119762324176.32211	205290830882.21323	20400093405.58883	0.00022392039079547268
595898421.2273525	120618879113.78648	205477373724.46317	20316893758.48392	0.00022551909134432572
595956021.2273525	121477903953.98924	205663662269.1722	20232793711.57771	0.00022709920617413663
596013621.2273525	122339381487.41267	205849693612.86496	20147797251.330265	0.00022866078488684093
596071221.2273525	123203296289.84183	206035464875.5565	20061908644.6574	0.00023020388214194665
596128821.2273525	124069634745.57057	206220973200.95355	19975132432.255123	0.00023172855768657918
596186421.2273525	124938384966.81381	206406215756.6544	19887473422.792484	0.0002332348763867948
596244021.2273525	125809536583.59038	206591189734.34897	19798936687.388336	0.00023472290826004563
596301621.2273525	126683080391.30606	206775892350.0179	19709527553.2346	0.00023619272850876452
596359221.2273525	127559007862.3394	206960320844.1311	19619251598.94754	0.0002376444175549957
596416821.2273525	128437310549.67935	207144472481.84592	19528114648.10693	0.00023907806107602644
596474421.2273525	129317979429.79909	207328344553.20407	19436122765.11045	0.00024049375004099604
596532021.2273525	130201004243.14517	207511934373.32925	19343282248.621185	0.0002418915807483697
596589621.2273525	131086372890.59723	207695239282.6227	19249599628.023956	0.00024327165486429765
596647221.2273525	131974070933.31812	207878256646.95874	19155081656.926968	0.00024463407946176755
596704821.2273525	132864081225.2233	208060983857.88052	19059735309.8895	0.0002459789670605207
596762421.2273525	133756383687.25783	208243418332.79318	18963567776.00212	0.00024730643566767856
596820021.2273525	134650955215.7471	208425557515.15863	18866586455.994766	0.0002486166088190466
596877621.2273525	135547769706.2099	208607398874.68802	18768798956.15593	0.0002499096156210226
596935221.2273525	136446798169.71237	208788939907.53427	18670213085.245483	0.00025118559079307263
596992821.2273525	137348008919.70554	208970178136.48395	18570836849.18643	0.0002524446747107513
597050421.2273525	138251367811.09735	209151111111.14838	18470678447.711765	0.00025368701344917303
597108021.2273525	139156838517.83096	209331736408.15372	18369746269.6564	0.00025491275882689774
597165621.2273525	140064382838.86853	209512051631.3312	18268048889.47807	0.00025612206845021144
597223221.2273525	140973961024.39767	209692054411.90604	18165595063.093693	0.00025731510575767783
597280821.2273525	141885532114.25253	209871742408.68573	18062393724.118305	0.0002584920400649926
597338421.2273525	142799054279.5208	210051113308.24792	17958453980.651108	0.00025965304660998393
597396021.2273525	143714485156.93582	210230164825.12708	17853785110.758484	0.0002607983065977777
597453621.2273525	144631782164.8172	210408894702.00134	17748396560.203114	0.0002619280072460331
597511221.2273525	145550902789.67346	210587300709.8776	17642297937.548054	0.00026304234183016916
597568821.2273525	146471804834.38388	210765380648.27673	17535499012.53962	0.00026414150972852487
597626421.2273525	147394446621.97025	210943132345.4175	17428009711.063828	0.0002652257164673968
597684021.2273525	148318787152.8825	211120553658.4	17319840113.762405	0.00026629517376584855
597741621.2273525	149244786217.81003	211297642473.38858	17211000451.269577	0.0002673500995802226
597799221.2273525	150172404471.7088	211474396705.79337	17101501102.870453	0.0002683907181482991
597856821.2273525	151101603477.59143	211650814300.452	16991352591.914488	0.00026941726003295956
597914421.2273525	152032345730.46283	211826893231.80948	16880565584.545956	0.0002704299621653249
597972021.2273525	152964594672.63562	212002631504.09833	16769150885.43861	0.0002714290678872276
598029621.2273525	153898314711.64355	212178027151.51706	16657119436.351442	0.00027241482699294137
598087221.2273525	154833471251.2635	212353078238.40878	16544482312.513466	0.000273387495770076
598144821.2273525	155770030744.8421	212527782859.43814	16431250720.527428	0.00027434733703948853
598202421.2273525	156707960778.1725	212702139139.7681	16317435995.720152	0.00027529462019414787
598260021.2273525	157647230186.37622	212876145235.2357	16203049599.539665	0.00027622962123680295
598317621.2273525	158587809205.28107	213049799332.52682	16088103117.504652	0.0002771526228163574
598375221.2273525	159529669652.2254	213223099649.35077	15972608256.321291	0.0002780639142627971
598432821.2273525	160472785123.7559	213396044434.61316	15856576842.40785	0.00027896379162056057
598490421.2273525	161417131188.39597	213568631968.58887	15740020818.529829	0.00027985255768022115
598548021.2273525	162362685542.4032	213740860563.09338	15622952243.17506	0.00028073052200831556
598605621.2273525	163309428087.26984	213912728561.65402	15505383286.57783	0.00028159800097520357
598663221.2273525	164257340882.97763	214084234339.67978	15387326230.606592	0.00028245531778077655
598720821.2273525	165206407934.83514	214255376304.63052	15268793464.920788	0.0002833028024778929
598778421.2273525	166156614787.46722	214426152896.18555	15149797486.721863	0.00028414079199335756
598836021.2273525	167107947927.58698	214596562586.41083	15030350897.241175	0.00028496963014628345
598893621.2273525	168060394033.03732	214766603879.92603	14910466401.296143	0.00028578966766367185
598951221.2273525	169013939139.8074	214936275314.06985	14790156804.332285	0.0002866012621930435
599008821.2273525	169968567820.012	215105575459.06525	14669435011.715078	0.0002874047783119149
599066421.2273525	170924262464.11972	215274502918.18335	14548314026.103416	0.0002882005875339711
599124021.2273525	171881002739.46628	215443056327.90683	14426806946.597275	0.00028898906831172896
599181621.2273525	172838765261.7295	215611234358.09174	14304926966.578672	0.00028977060603549936
599239221.2273525	173797523478.23743	215779035712.12912	14182687372.3754	0.0002905455930284539
599296821.2273525	174757247732.22897	215946459127.10562	14060101541.910143	0.0002913144285376136
599354421.2273525	175717905460.97614	216113503373.96295	13937182942.652853	0.0002920775187205486
599412021.2273525	176679461477.89642	216280167257.65604	13813945131.08661	0.00029283527662756983
599469621.2273525	177641878295.62106	216446449617.3117	13690401750.296288	0.0002935881221792487
599527221.2273525	178605116458.50488	216612349326.3847	13566566529.743189	0.0002943364821390013
599584821.2273525	179569134865.15018	216777865292.81372	13442453282.705032	0.0002950807900806014
599642421.2273525	180533891071.58145	216942996459.17664	13318075906.515697	0.00029582148635032783
599700021.2273525	181499341572.6901	217107741802.84412	13193448379.772488	0.0002965590180236325
599757621.2273525	182465442063.44122	217272100336.13284	13068584762.847433	0.00029729383885603467
599815221.2273525	183432147682.6452	217436071106.45752	12943499195.056988	0.00029802640922809863
599872821.2273525	184399413241.65836	217599653196.48193	12818205895.30634	0.00029875719608425633
599930421.2273525	185367193438.98145	217762845724.26938	12692719159.45469	0.00029948667286528884
599988021.2273525	186335443060.11755	217925647843.43152	12567053360.605026	0.00030021531943426896
600045621.2273525	187304117160.77716	218088058743.27667	12441222947.240156	0.00030094362199575907
600103221.2273525	188273171230.94653	218250077648.95688	12315242442.936409	0.0003016720730081037
600160821.2273525	189242561337.6172	218411703821.6146	12189126445.081978	0.00030240117108861115
600218421.2273525	190212244245.04926	218572936558.52722	12062889624.382177	0.0003031314209114604
600276021.2273525	191182177513.1209	218733775193.25174	11936546723.775969	0.00030386333309818296
600333621.2273525	192152319576.3065	218894219095.768	11810112557.958384	0.00030459742410053625
600391221.2273525	193122629807.83414	219054267672.62036	11683602012.713045	0.0003053342160756598
600448821.2273525	194093068575.3471	219213920367.0595	11557030043.905151	0.000306074236753351
600506421.2273525	195063597295.74368	219373176659.18204	11430411677.630968	0.00030681801929536954
600564021.2273525	196034178497.6648	219532036066.06995	11303762008.609438	0.0003075661021466392
600621621.2273525	197004775900.23022	219690498141.92825	11177096200.930325	0.0003083190288782831
600679221.2273525	197975354515.93234	219848562478.22263	11050429486.269749	0.00030907734802240917
600736821.2273525	198945880783.83087	220006228703.81433	10923777164.753218	0.0003098416128985839
600794421.2273525	199916322735.97238	220163496485.09628	10797154603.421745	0.000310612381431975
600852021.2273525	200886650194.779	220320365526.12592	10670577237.14743	0.0003113902159631415
600909621.2273525	201856834991.52814	220476835568.7583	10544060567.11389	0.00031217568304947255
600967221.2273525	202826851185.77988	220632906392.778	10417620161.978115	0.00031296935325830023
601024821.2273525	203796675253.27267	220788577816.02927	10291271656.38284	0.00031377180095177253
601082421.2273525	204766286197.3472	220943849694.54556	10165030752.196651	0.00031458360406350083
601140021.2273525	205735665530.1592	221098721922.67828	10038913217.429895	0.00031540534386714694
601197621.2273525	206704797070.19803	221253194433.2235	9912934887.018532	0.0003162376047370439
601255221.2273525	207673666517.45267	221407267197.54877	9787111662.590328	0.00031708097390100587
601312821.2273525	208642260799.4734	221560940225.71753	9661459512.709333	0.0003179360411855268
601370421.2273525	209610567226.74817	221714213566.61346	9535994473.185022	0.0003188033987535701
601428021.2273525	210578572542.54977	221867087308.0629	9410732647.391241	0.0003196836408351825
601485621.2273525	211546261984.44177	222019561576.95694	9285690206.747581	0.00032057736345122333
601543221.2273525	212513618478.43027	222171636539.37122	9160883391.007025	0.00032148516413048903
601600821.2273525	213480622059.35138	222323312400.68634	9036328509.456524	0.0003224076416205644
601658421.2273525	214447249562.24585	222474589405.7051	8912041940.532858	0.00032334539559277284
601716021.2273525	215413474576.624	222625467838.7696	8788040134.045021	0.00032429902634160084
601773621.2273525	216379267614.83197	222775948023.87772	8664339610.466106	0.00032526913447901586
601831221.2273525	217344596425.44623	222926030324.79727	8540956963.568272	0.00032625632062412846
601888821.2273525	218309426381.99356	223075715145.17957	8417908859.873532	0.00032726118508866745
601946421.2273525	219273720889.87357	223225002928.67172	8295212041.462333	0.0003282843275587657
602004021.2273525	220237441772.47107	223373894159.02792	8172883325.852239	0.0003293263467735938
602061621.2273525	221200549615.14383	223522389360.21906	8050939608.779439	0.00033038784020137204
602119221.2273525	222163004059.83847	223670489096.5414	7929397864.610747	0.00033146940371336345
602176821.2273525	223124764052.5532	223818193972.72424	7808275149.338572	0.0003325716312564143
602234421.2273525	224085788051.1438	223965504634.03592	7687588601.359047	0.00033369511452466396
602292021.2273525	225046034203.01416	224112421766.3891	7567355444.564258	0.00033484044263108195
602349621.2273525	226005460502.06332	224258946096.4439	7447592989.922465	0.00033600820177944157
602407221.2273525	226964024932.77115	224405078391.7112	7328318638.248456	0.0003371989749374208
602464821.2273525	227921685607.12863	224550819460.65332	7209549882.9620905	0.0003384133415114836
602522421.2273525	228878400897.80273	224696170152.7839	7091304312.5561905	0.0003396518770242511
602580021.2273525	229834129568.8041	224841131358.76703	6973599614.258076	0.00034091515279501905
602637621.2273525	230788830903.30872	224985704010.5145	6856453576.6841755	0.0003422037356241213
602695221.2273525	231742464827.31946	225129889081.2818	6739884094.262558	0.00034351818748185254
602752821.2273525	232694992027.65866	225273687585.7631	6623909170.016354	0.00034485906520260106
602810421.2273525	233646374063.29428	225417100580.18454	6508546921.044914	0.000346226920184917
602868021.2273525	234596573470.1332	225560129162.39682	6393815581.452833	0.00034762229809814297
602925621.2273525	235545553860.9344	225702774471.96603	6279733508.901299	0.00034904573859631625
602983221.2273525	236493280023.65598	225845037690.26266	6166319187.752753	0.0003504977750399679
603040821.2273525	237439718023.0663	225986920040.55096	6053591236.523711	0.00035197893422644455
603098421.2273525	238384835311.51678	226128422788.07477	5941568411.983711	0.00035348973612938555
603156021.2273525	239328600855.0774	226269547240.14343	5830269616.822312	0.00035503069364792674
603213621.2273525	240270985280.4108	226410294746.21652	5719713905.294069	0.00035660231236621327
603271221.2273525	241211961045.37192	226550666697.98572	5609920491.119872	0.00035820509032372127
603328821.2273525	242151502631.90155	226690664529.45706	5500908754.569698	0.0003598395177969402
603386421.2273525	243089586752.85767	226830289717.03088	5392698250.999974	0.00036150607709284984
603444021.2273525	244026192554.83096	226969543779.58005	5285308719.283951	0.00036320524235465096
603501621.2273525	244961301787.2065	227108428278.5279	5178760090.976063	0.0003649374793801336
603559221.2273525	245894898895.49673	227246944817.92346	5073072500.594997	0.00036670324545306463
603616821.2273525	246826970987.78128	227385095044.51675	4968266295.175802	0.0003685029891878915
603674421.2273525	247757507622.10086	227522880647.83102	4864362046.532843	0.0003703371503880709
603732021.2273525	248686500375.49075	227660303360.2348	4761380561.445677	0.0003722061599182261
603789621.2273525	249613942185.21948	227797364957.01212	4659342895.633485	0.00037411043959036615
603847221.2273525	250539826497.03458	227934067256.4311	4558270365.1889305	0.00037605040206428606
603904821.2273525	251464146303.13348	228070412119.81116	4458184561.883532	0.0003780264507622735
603962421.2273525	252386893187.77335	228206401451.58917	4359107366.060559	0.00038003897979817377
604020021.2273525	253308056505.9054	228342037199.3834	4261060963.4230437	0.0003820883739208483
604077621.2273525	254227622794.80716	228477321354.05658	4164067859.154751	0.00038417500847197844
604135221.2273525	255145575468.82443	228612255949.7773	4068150896.0739093	0.0003862992493581769
604192821.2273525	256061894790.90094	228746843064.0798	3973333270.224384	0.00038846145303726373
604250421.2273525	256976558069.55762	228881084817.92224	3879638549.8071	0.0003906619665185912
604308021.2273525	257889540006.56854	229014983375.74365	3787090692.4589887	0.00039290112737720863
604365621.2273525	258800813118.90363	229148540945.51962	3695714064.0338798	0.00039517926378163657
604423221.2273525	259710348171.93716	229281759778.8151	3605533457.273535	0.00039749669453500037
604480821.2273525	260618114580.89655	229414642170.83768	3516574110.1778736	0.00039985372912922096
604538421.2273525	261524080757.28018	229547190460.48758	3428861724.806881	0.00040225066781191795
604596021.2273525	262428214392.76767	229679407030.40683	3342422484.5460334	0.0004046878016656863
604653621.2273525	263330482683.8773	229811294307.02747	3257283071.7336683	0.0004071654126993407
604711221.2273525	264230852506.7754	229942854760.61642	3173470682.0954623	0.0004096837739507122
604768821.2273525	265129290554.33936	230074090905.3208	3091013039.612236	0.0004122431496005679
604826421.2273525	266025763447.94257	230205005299.21	3009938405.6841164	0.0004148437950971807
604884021.2273525	266920237835.39157	230335600544.31744	2930275588.168176	0.00041748595729108125
604941621.2273525	267812680484.60904	230465879286.67953	2852053942.5191593	0.0004201698745794773
604999221.2273525	268703058380.42578	230595844216.37387	2775303370.755989	0.0004228957770598613
605056821.2273525	269591338829.47363	230725498067.5553	2700054310.099984	0.0004256638866922399
605114421.2273525	270477489575.8441	230854843618.4912	2626337716.166085	0.0004284744174695058
605172021.2273525	271361478928.08142	230983883691.59305	2554185033.2526546	0.00043132757559536256
605229621.2273525	272243275896.38065	231112621153.4491	2483628154.485633	0.0004342235596693073
