573319221.2273525	-141584065527.568	45684190946.16826	-21033367.71882826	-9932.994316409311	-28939.53050481743	0.9006915533942343	4000.0
573376821.2273525	-142146693194.53363	44013851700.20037	-20979709.524556186	-9602.451652554393	-29057.714198645695	0.9628716774079537	3998.0752709636495
573434421.2273525	-142690241134.43442	42336816839.70675	-20922394.75968693	-9270.511939596645	-29172.01409666445	1.027663334234079	3996.1376037007803
573492021.2273525	-143214630287.5729	40653310587.32834	-20861271.70615698	-8937.22419315463	-29282.412394792573	1.0951113357032816	3994.1868639175677
573549621.2273525	-143719784425.36542	38963558171.70384	-20796186.08397694	-8602.637698441335	-29388.891967470856	1.165259824388208	3992.222926090149
573607221.2273525	-144205630165.56952	37267785788.24382	-20726981.090013616	-8266.801999786652	-29491.436372598975	1.238152265546106	3990.2456733557283
573664821.2273525	-144672096986.9056	35566220559.625755	-20653497.437231448	-7929.766890055745	-29590.02985629032	1.3138314392310224	3988.2549973991627
573722421.2273525	-145119117243.06458	33859090496.02016	-20575573.39438323	-7591.582399966647	-29684.65735744162	1.392339432576021	3986.250798335615
573780021.2273525	-145546626176.0979	32146624455.059402	-20493044.826140545	-7252.2987873110405	-29775.304512115712	1.4737176322458105	3984.232984589815
573837621.2273525	-145954561929.1855	30429052101.559143	-20405745.23365405	-6911.966526081594	-29861.957657735078	1.5580067170602152	3982.2014727724363
573895221.2273525	-146342865558.7725	28706603867.003757	-20313505.795533627	-6570.636295509716	-29944.603837083476	1.6452466507888113	3980.1561875540624
573952821.2273525	-146711481046.07376	26979510908.807083	-20216155.409238733	-6228.35896901757	-30023.230802114038	1.7354766751170854	3978.097061537175
574010421.2273525	-147060355307.93942	25248005069.359203	-20113520.732868854	-5885.185603088092	-30097.827017561922	1.8287353027845041	3976.02403512657
574068021.2273525	-147389438207.07578	23512318834.87091	-20005426.22734429	-5541.167426056953	-30168.381664358876	1.925060310894721	3973.9370563985763
574125621.2273525	-147698682561.62057	21772685294.027187	-19891694.198967334	-5196.355826830404	-30234.88464284879	2.0244887343983136	3971.8360809694054
574183221.2273525	-147988044154.06427	20029338096.461296	-19772144.842353787	-4850.802343532997	-30297.326575801653	2.127056859748248	3969.7210718629563
574240821.2273525	-148257481739.5171	18282511411.06116	-19646596.28372504	-4504.558652089233	-30355.698811224975	2.2328002187283955	3967.5919993783486
574298421.2273525	-148506957053.31595	16532439884.119568	-19514864.6245506	-4157.676554743165	-30409.993424970387	2.341753582455308	3965.448840957445
574356021.2273525	-148736434817.96765	14779358597.340261	-19376763.98553105	-3810.20796852011	-30460.20322313434	2.453950955553461	3963.2915810525915
574413621.2273525	-148945882749.42795	13023503025.711508	-19232106.55091166	-3462.204913634615	-30506.32174425174	2.5694255705042517	3961.120210994784
574471221.2273525	-149135271562.7092	11265108995.259756	-19080702.613116335	-3113.719501848922	-30548.343261280424	2.6882098821688225	3958.9347288624485
574528821.2273525	-149304574976.8172	9504412640.694487	-18922360.617692128	-2764.8039247860174	-30586.26278337602	2.8103355624849713	3956.735139350999
574586421.2273525	-149453769719.01437	7741650362.957373	-18756887.208554223	-2415.5104422017066	-30620.076057455804	2.9358334953382745	3954.5214536433195
574644021.2273525	-149582835528.40472	5977058786.687067	-18584087.2735212	-2065.8913702198297	-30649.77956955045	3.064733771607531	3952.2936892813022
574701621.2273525	-149691755158.84155	4210874717.6126437	-18403763.99013076	-1715.9990695350702	-30675.370545942733	3.1970656843846665	3950.051870038548
574759221.2273525	-149780514381.15344	2443335099.887228	-18215718.87172571	-1365.8859335875686	-30696.846954092514	3.3328577243691955	3947.796025794334
574816821.2273525	-149849101984.6908	674676973.3748814	-18019751.813800275	-1015.6043767138315	-30714.20750334734	3.4721375754373103	3945.5261924089295
574874421.2273525	-149897509778.18597	-1094862569.0977035	-17815661.140596442	-665.2068222781464	-30727.451645437595	3.614932110385644	3943.2424116003285
574932021.2273525	-149925732589.93872	-2865046424.4027505	-17603243.65189762	-314.7456908087704	-30736.579574756426	3.7612673868061135	3940.9447308224626
574989621.2273525	-149933768267.292	-4635637522.217563	-17382294.67022233	35.726611955214594	-30741.592228423044	3.9111686433099124	3938.6332031449415
575047221.2273525	-149921617675.454	-6406398867.476102	-17152608.08798552	386.15770690517706	-30742.491286129396	4.064660295665094	3936.307887134361
575104821.2273525	-149889284695.61667	-8177093583.240241	-16913976.415036328	736.4952534846177	-30739.279169770787	4.2217659332827076	3933.96884673721
575162421.2273525	-149836776222.39163	-9947484953.434956	-16666190.826354485	1086.6869615885266	-30731.959042859315	4.382508315834288	3931.6161511643963
575220021.2273525	-149764102160.56232	-11717336465.54335	-16409041.209936557	1436.6806034555684	-30720.534809720535	4.546909370044006	3929.249874777413
575277621.2273525	-149671275421.1509	-13486411853.249159	-16142316.21486191	1786.424025548677	-30705.01111447342	4.7149901866554185	3926.8700969761485
575335221.2273525	-149558311916.80035	-15254475139.014189	-15865803.299528325	2135.8651604196125	-30685.393339793307	4.886771017572721	3924.476902088348
575392821.2273525	-149425230556.47522	-17021290676.578485	-15579288.780047348	2484.9520385530686	-30661.68760545895	5.0622712731764254	3922.0703792607273
575450421.2273525	-149272053239.4798	-18786623193.37037	-15282557.87878912	2833.632800185843	-30633.900766683317	5.241509519813328	3919.6506223517263
575508021.2273525	-149098804848.79706	-20550237832.814125	-14975394.77306688	3181.8557070966526	-30602.040412228936	5.424503477460606	3917.2177298259003
575565621.2273525	-148905513243.74857	-22311900196.523273	-14657582.643950917	3529.569154362256	-30566.114862308266	5.61127001756393	3914.7718046499313
575623221.2273525	-148692209251.97958	-24071376386.36617	-14328903.725202093	3876.7216820753174	-30526.133166269945	5.80182516104939	3912.3129541902463
575680821.2273525	-148458926660.76895	-25828433046.3927	-13989139.352314867	4223.261987019785	-30482.10510007128	5.996184076509026	3909.841290112221
575738421.2273525	-148205702207.66876	-27582837404.608936	-13638070.011659784	4569.138934299307	-30434.041163538313	6.194361078559798	3907.356928280953
575796021.2273525	-147932575570.47586	-29334357314.58803	-13275475.389715623	4914.301568914372	-30381.952577414206	6.396369626375712	3904.859988663575
575853621.2273525	-147639589356.53717	-31082761296.90502	-12901134.422380948	5258.699127283871	-30325.851280196974	6.602222322392919	3902.3505952330916
575911221.2273525	-147326789091.39377	-32827818580.3832	-12514825.344355429	5602.281048706647	-30265.749924767817	6.811930911187433	3899.8288758737067
575968821.2273525	-146994223206.7668	-34569299143.14082	-12116325.738580741	5944.996986758995	-30201.661874811358	7.025506278525298	3897.2949622876235
576026421.2273525	-146641943027.88773	-36306973753.425	-11705412.585731212	6286.796820623605	-30133.601201028952	7.242958450584803	3894.7489899032803
576084021.2273525	-146270002760.17953	-38040614010.222046	-11281862.313744422	6627.630666345889	-30061.582677146842	7.464296593350477	3892.1910977850007
576141621.2273525	-145878459475.29062	-39769992383.63181	-10845450.847381618	6967.448888013528	-29985.621775720403	7.68952901217855	3889.62142854403
576199221.2273525	-145467373096.48828	-41494882254.99459	-10395953.657808416	7306.202108854946	-29905.734663736326	7.918663151533456	3887.040128250925
576256821.2273525	-145036806383.41354	-43215057956.758766	-9933145.812185548	7643.841222252783	-29821.93819801429	8.151705594895066	3884.447346349271
576314421.2273525	-144586824916.20593	-44930294812.078156	-9456802.023260245	7980.317402668208	-29734.249920410184	8.38866206483627	3881.843235570698
576372021.2273525	-144117497079.0006	-46640369174.12708	-8966696.698948085	8315.582116472071	-29642.68805282266	8.629537423270424	3879.2279518511673
576429621.2273525	-143628894042.80536	-48345058465.122475	-8462603.991895882	8649.587132678922	-29547.271492005097	8.87433567186838	3876.6016542484977
576487221.2273525	-143121089747.76077	-50044141215.04139	-7944297.849015504	8982.284533580001	-29448.019804184827	9.123059952644475	3873.964504861107
576544821.2273525	-142594160884.792	-51737397100.02308	-7411552.0609791875	9313.62672527127	-29344.95321949227	9.375712548711192	3871.316668747938
576602421.2273525	-142048186876.65775	-53424606980.445045	-6864140.311666542	9643.566448072763	-29238.09262620196	9.63229488520192	3868.6583138495444
576660021.2273525	-141483249858.4006	-55105552938.66175	-6301836.227553509	9972.056786835356	-29127.4595647877	9.892807530361358	3865.989610910308
576717621.2273525	-140899434657.20825	-56780018316.39549	-5724413.42703376	10299.051181131379	-29013.07622179452	10.157250196803016	3863.3107334017614
576775221.2273525	-140296828771.6914	-58447787751.7696	-5131645.569662818	10624.50343532535	-28894.96542353009	10.425621742933366	3860.621857446993
576832821.2273525	-139675522350.58423	-60108647215.972565	-4523306.405315397	10948.36772852125	-28773.15062957769	10.697920174541991	3857.9231617461064
576890421.2273525	-139035608170.87573	-61762384049.543724	-3899169.8232463486	11270.598624382803	-28647.655926133808	10.974142646557269	3855.2148275027102
576948021.2273525	-138377181615.37997	-63408786998.27022	-3259009.9010457583	11591.151080823362	-28518.50601917321	11.254285464966985	3852.4970383514183
577005621.2273525	-137700340649.75128	-65047646248.68514	-2602600.953478662	11909.980459561913	-28385.72622744397	11.538344088903232	3849.769980286334
577063221.2273525	-137005185798.9527	-66678753463.15771	-1929717.5811999599	12227.04253554194	-28249.342475295474	11.826313132891013	3847.033841590497
577120821.2273525	-136291820123.18665	-68301901814.56519	-1240134.7193351006	12542.29350620987	-28109.381285342657	12.118186369260018	3844.288812766273
577178421.2273525	-135560349193.29492	-69916886020.53804	-533627.6859171805	12855.690000649895	-27965.86977096908	12.413956730718736	3841.5350864666625
577236021.2273525	-134810881065.63712	-71523502377.26848	190027.76982890596	13167.189088572126	-27818.83562867245	12.713616313090457	3838.7728574275125
577293621.2273525	-134043526256.45491	-73121548792.87355	931055.4193645279	13476.748289150917	-27668.307130255234	13.017156378210283	3836.002322400611
577351221.2273525	-133258397715.73186	-74710824820.30418	1689678.5068868902	13784.325579710498	-27514.313114863922	13.32456735698257	3833.2236800876412
577408821.2273525	-132455610800.55804	-76291131689.79141	2466119.701559312	14089.879404255049	-27356.882980880415	13.635838852598157	3830.4371310749852
577466421.2273525	-131635283248.00746	-77862272340.82138	3260601.049931414	14393.368681840297	-27196.046677668568	13.950959643910478	3827.642877769354
577524021.2273525	-130797535147.537	-79424051453.63058	4073343.9285582933	14694.752814784013	-27031.834697179238	14.269917688969935	3824.8411243342293
577581621.2273525	-129942488912.91911	-80976275480.2141	4904568.996827844	14993.991696712716	-26864.27806541791	14.59270012871573	3822.0320766271025
577639221.2273525	-129070269253.71393	-82518752674.8379	5754496.150005265	15291.045720442093	-26693.408333777814	14.91929329082448	3819.2159421374954
577696821.2273525	-128181003146.29314	-84051293124.04848	6623344.472503669	15585.875785688448	-26519.257570242266	15.249682693714607	3816.3929299257456
577754421.2273525	-127274819804.4248	-85573708776.17223	7511332.19138992	15878.443306609175	-26341.858350460243	15.583853050705912	3813.5632505625467
577812021.2273525	-126351850649.42848	-87085813470.29684	8418676.63013443	16168.71021916953	-26161.24374869839	15.921788274333482	3810.7271160692267
577869621.2273525	-125412229279.91083	-88587422964.72804	9345594.162613856	16456.63898833369	-25977.447328673363	16.26347148081487	3807.8847398587536
577927221.2273525	-124456091441.0928	-90078354964.91539	10292300.16737555	16742.192615078045	-25790.50313426845	16.608884994670028	3805.036336677457
577984821.2273525	-123483574993.73744	-91558429150.83966	11259008.982172497	17025.334643224538	-25600.445680138066	16.958010353492902	3802.1821225474514
578042421.2273525	-122494819882.68973	-93027467203.85616	12245933.858777411	17306.029166092074	-25407.309942203945	17.310828312873774	3799.322314709754
578100021.2273525	-121489968105.03825	-94485292832.98726	13253286.918084614	17584.240832964308	-25211.131348047264	17.667318851471688	3796.457131568082
578157621.2273525	-120469163677.90971	-95931731800.65926	14281279.105508635	17859.934855371932	-25011.9457672	18.027461176235764	3793.586792633323
578215221.2273525	-119432552605.90732	-97366611947.87639	15330120.146687418	18133.077013187696	-24809.78950134025	18.39123372777462	3790.71151846867
578272821.2273525	-118380282848.20317	-98789763218.82817	16400018.5034995	18403.63366053281	-24604.699274394727	18.75861418587299	3787.8315306354048
578330421.2273525	-117312504285.29613	-100201017684.92357	17491181.33040278	18671.57173149301	-24396.712222553124	19.12957947515444	3784.947051639333
578388021.2273525	-116229368685.44524	-101600209568.24771	18603814.43110392	18936.858745643003	-24185.865884197596	19.504105770889293	3782.05830487785
578445621.2273525	-115131029670.7919	-102987175264.43626	19738122.21556625	19199.46281337789	-23972.19818975241	19.88216850494679	3779.1655145876393
578503221.2273525	-114017642683.17932	-104361753364.96295	20894307.657364797	19459.352641050562	-23755.74745145687	20.263742371890434	3776.268905792993
578560821.2273525	-112889364949.68216	-105723784678.83566	22072572.251396365	19716.497535913662	-23536.55235306622	20.648801335215456	3773.368704254744
578618421.2273525	-111746355447.85701	-107073112253.69768	23273115.971953124	19970.867410865274	-23314.65193948435	21.0373186337275	3770.46513641981
578676021.2273525	-110588774870.72498	-108409581396.3294	24496137.231167417	20222.432788997405	-23090.085606332508	21.4292667880613	3767.5584293713378
578733621.2273525	-109416785591.49911	-109733039692.54843	25741832.837836396	20471.16480794636	-22862.89308945833	21.824617607338507	3764.648810779444
578791221.2273525	-108230551628.06532	-111043337026.5023	27010397.95663368	20717.03522404424	-22633.11445438885	22.22334219596326	3761.736508852546
578848821.2273525	-107030238607.23108	-112340325599.35359	28302026.067716837	20960.016416271013	-22400.790085732075	22.62541096055482	3758.821752289279
578906421.2273525	-105816013728.7519	-113623859947.3525	29616908.9267378	21200.08139000662	-22165.960676531162	23.03079361701575	3755.904770230992
578964021.2273525	-104588045729.1472	-114893796959.2949	30955236.525264405	21437.203780582433	-21928.667217575126	23.439459197734838	3752.9857922148194
579021621.2273525	-103346504845.31808	-116149995893.3639	32317197.05162058	21671.35785663194	-21688.95098667062	23.8513760589234	3750.0650481273246
579079221.2273525	-102091562777.97684	-117392318393.35205	33702976.85215314	21902.5185232404	-21446.85353787841	24.266511888083986	3747.1427681587093
579136821.2273525	-100823392654.90208	-118620628504.26294	35112760.39293223	22130.66132489296	-21202.416690719252	24.684833711610146	3744.219182757585
579194421.2273525	-99542168994.02884	-119834792687.29018	36546730.22189358	22355.76244822159	-20955.682519352824	25.106307902516303	3741.2945225863027
579252021.2273525	-98248067666.38683	-121034679834.17238	38005066.93142952	22577.798724550485	-20706.69334173409	25.530900188296297	3738.3690184768407
579309621.2273525	-96941265858.89738	-122220161280.92296	39487949.12143637	22796.74763224023	-20455.491708751084	25.958575658909552	3735.4429013872386
579367221.2273525	-95621942037.04187	-123391110820.93394	40995553.36282554	23012.587298830764	-20202.120393348283	26.38929877489363	3732.5164023585844
579424821.2273525	-94290275907.412	-124547404717.45312	42528054.16150552	23225.296502983692	-19946.622379639626	26.82303337560186	3729.5897524725433
579482421.2273525	-92946448380.15387	-125688921715.4332	44085623.92284172	23434.85467622385	-19689.040852015114	27.259742687564895	3726.6631828094305
579540021.2273525	-91590641531.31769	-126815543052.75436	45668432.916601814	23641.241904481056	-19429.419184245166	27.69938933297482	3723.7369244068223
579597621.2273525	-90223038565.12477	-127927152470.81863	47276649.242393	23844.43892943233	-19167.800928586763	28.141935338290775	3720.811208218703
579655221.2273525	-88843823776.16231	-129023636224.51715	48910438.79559862	24044.427149645206	-18904.229804895145	28.5873421429644	3717.886265075147
579712821.2273525	-87453182511.5183	-130104883091.57031	50569965.23382042	24241.188621522902	-18638.749689745284	29.035570608284218	3714.9623256425307
579770421.2273525	-86051301132.8681	-131170784381.24213	52255389.943834275	24434.706060052304	-18371.404605566895	29.4865810263375	3712.039620384273
579828021.2273525	-84638366978.52246	-132221233942.42863	53966872.009064764	24624.962839355223	-18102.23870979683	29.940333129088067	3709.118379522104
579885621.2273525	-83214568325.4511	-133256128171.12259	55704568.17758638	24811.9429930444	-17831.29628405309	30.396786097569155	3706.1988329978567
579943221.2273525	-81780094351.28969	-134275366017.25522	57468632.83065745	24995.631214384954	-17558.621723333617	30.855898571189492	3703.2812104357804
580000821.2273525	-80335135096.34436	-135278848990.91624	59259217.95179324	25176.012856262467	-17284.2595252444	31.317628657151577	3700.365741105374
580058421.2273525	-78879881425.60248	-136266481167.95473	61076473.09638476	25353.073930959097	-17008.25427925997	31.781933939980664	3697.452653884738
580116021.2273525	-77414524990.76315	-137238169194.96234	62920545.361869544	25526.8011097387	-16730.65065602066	32.24877149116309	3694.5421772244413
580173621.2273525	-75939258192.296	-138193822293.64124	64791579.358460955	25697.181722242643	-16451.49339666973	32.71809787889254	3691.6345391119007
580231221.2273525	-74454274141.54068	-139133352264.5591	66689717.18044181	25864.203755697476	-16170.827302234213	33.18986917792276	3688.729967036276
580288821.2273525	-72959766622.85703	-140056673490.29324	68615098.37802814	26027.855853936093	-15888.697223053177	33.66404097952543	3685.828687953869
580346421.2273525	-71455930055.83757	-140963702937.96835	70567859.92981035	26188.127316234044	-15605.148048256819	34.140568401551846	3682.930928254037
580404021.2273525	-69942959457.59128	-141854360161.18863	72548136.2157762	26345.008095962483	-15320.224695299643	34.6194060985965	3680.0369137256066
580461621.2273525	-68421050405.111664	-142728567301.36957	74556058.99092244	26498.488799059607	-15033.972099551851	35.10050827226185	3677.1468695237954
580519221.2273525	-66890398997.7367	-143586249088.47162	76591757.35946055	26648.560682322364	-14746.435203951449	35.58382868152207	3674.2610201376337
580576821.2273525	-65351201819.71286	-144427332841.1391	78655357.74962181	26795.215651520135	-14457.658948721059	36.06932065318481	3671.379589357888
580634421.2273525	-63803655902.87319	-145251748466.2499	80746983.88906859	26938.446259332643	-14167.688261152462	36.55693709244928	3668.5028002454824
580692021.2273525	-62247958689.438324	-146059428457.87778	82866756.78091592	27078.245703113662	-13876.568045461963	37.04663049355909	3665.6308751004153
580749621.2273525	-60684307994.95239	-146850307895.67276	85014794.68036914	27214.607822482976	-13584.343172720248	37.538352950548614	3662.7640354311743
580807221.2273525	-59112901971.36146	-147624324442.66425	87191213.07198419	27347.52709674844	-13291.058470859105	38.03205616808098	3659.902501924639
580864821.2273525	-57533939070.246	-148381418342.48975	89396124.6475535	27476.998642160328	-12996.758714758704	38.5276914723765	3657.0464944164796
580922421.2273525	-55947618006.215904	-149121532416.05585	91629639.284625	27603.018209000362	-12701.48861641804	39.02520982222979	3654.196231862038
580980021.2273525	-54354137720.478325	-149844612057.63544	93891864.02565758	27725.582178507582	-12405.292815211746	39.52456182011409	3651.3519323077026
581037621.2273525	-52753697344.586494	-150550605230.40576	96182903.05781883	27844.68755964333	-12108.21586823577	40.025697723371195	3648.5138128627627
581095221.2273525	-51146496164.38028	-151239462461.4335	98502857.69343002	27960.331985697907	-11810.30224074516	40.52856745548564	3645.682089671748
581152821.2273525	-49532733584.12609	-151911136836.11142	100851826.35106201	28072.51371074119	-11511.596296686352	41.033120617441035	3642.856977887248
581210421.2273525	-47912609090.86602	-152565583992.053	103229904.53728902	28181.231605919817	-11212.142289326792	41.53930649915766	3640.038691643207
581268021.2273525	-46286322218.98447	-153202762112.4495	105637184.82910211	28286.48515560336	-10911.984351984474	42.047074091009186	3637.2274440287024
581325621.2273525	-44654072515.000824	-153822631918.8964	108073756.85698885	28388.274453382106	-10611.166488859875	42.556372095417	3634.4234470621873
581383221.2273525	-43016059502.59771	-154425156663.69495	110539707.2886834	28486.600197919182	-10309.732565972961	43.06714893852093	3631.626911666213
581440821.2273525	-41372482647.8909	-155010302121.63422	113035119.81359026	28581.463688659387	-10007.726302207238	43.57935278192393	3628.8380476426155
581498421.2273525	-39723541324.95193	-155578036581.261	115560075.12788698	28672.86682139785	-9705.191260463846	44.092931534510086	3626.0570636481707
581556021.2273525	-38069434781.588745	-156128330835.64282	118114650.92030989	28760.812083710836	-9402.170838927175	44.60783286433344	3623.284167170714
581613621.2273525	-36410362105.39453	-156661158172.63184	120698921.85862607	28845.302550251858	-9098.708262445041	45.124004210576544	3620.5195645057224
581671221.2273525	-34746522190.069855	-157176494364.63464	123312959.57679632	28926.341877915456	-8794.846574024663	45.641392795576586	3617.7634607333525
581728821.2273525	-33078113702.028915	-157674317657.8969	125956832.66283323	29003.934300872028	-8490.62862644736	46.15994563691809	3615.0160596959404
581786421.2273525	-31405335047.293957	-158154608761.30716	128630606.6473569	29078.084625476113	-8186.097074003322	46.679609559589835	3612.27756397595
581844021.2273525	-29728384338.687	-158617350834.7286	131334343.99285309	29148.798225051163	-7881.294364348585	47.20033120820454	3609.5481748743778
581901621.2273525	-28047459363.3258	-159062529476.86594	134068104.08363722	29216.081034554016	-7576.262730486213	47.722057059280004	3606.8280923896014
581959221.2273525	-26362757550.430294	-159490132712.67294	136831943.21652678	29279.93954512154	-7271.044182873213	48.244733433579306	3604.1175151966772
582016821.2273525	-24674475939.446125	-159900150980.3095	139625914.59222698	29340.38079850272	-6965.680501654941	48.768306508508864	3601.4166406270783
582074421.2273525	-22982811148.49258	-160292577117.65567	142450068.30743188	29397.412381379207	-6660.213229028731	49.29272233057255	3598.725664648873
582132021.2273525	-21287959343.140957	-160667406348.38858	145304451.3476441	29451.042419577177	-6354.683661738293	49.81792682787994	3596.0447818473413
582189621.2273525	-19590116205.528477	-161024636267.63126	148189107.5807168	29501.279572173593	-6049.132843700099	50.34386582270711	3593.3741854060204
582247221.2273525	-17889476903.81581	-161364266827.18115	151104077.75112116	29548.133025500032	-5743.601558763626	50.87048504410832	3590.714067088186
582304821.2273525	-16186236061.9918	-161686300320.32437	154049399.47494057	29591.612487046932	-5438.130323606341	51.397730140576584	3588.0646172187567
582362421.2273525	-14480587730.033224	-161990741366.2458	157025107.2355965	29631.72817927155	-5132.759380765081	51.925546692751745	3585.4260246666254
582420021.2273525	-12772725354.422571	-162277596894.04062	160031232.38030693	29668.490833312473	-4827.528691804602	52.45388022617382	3582.7984768274064
582477621.2273525	-11062841749.031757	-162546876126.33743	163067803.11728123	29701.911682614027	-4522.477930624928	52.98267622408024	3580.182159606604
582535221.2273525	-9351129066.374495	-162798590562.53882	166134844.51365265	29732.002456463506	-4217.646476908015	53.51188014024509	3577.577257403192
582592821.2273525	-7637778769.234669	-163032753961.68967	169232378.4941528	29758.77537344441	-3913.073409705265	54.04143741185856	3574.9839530936056
582650421.2273525	-5922981602.672464	-163249382324.9791	172360423.8405276	29782.243134808698	-3608.797501166142	54.57129347244462	3572.4024280161343
582708021.2273525	-4206927566.416074	-163448493877.8856	175518996.19169882	29802.41891777136	-3304.857210409499	55.10139376481561	3569.8328619557237
582765621.2273525	-2489805887.640816	-163630109051.97388	178708108.0446739	29819.31636873022	-3001.290677537653	55.631683754061434	3567.2754331291717
582823221.2273525	-771804994.1414114	-163794250466.35043	181927768.7562032	29832.949596414153	-2698.135717794442	56.16210894057185	3564.730318170721
582880821.2273525	946887512.0994648	-163940942908.7864	185177984.54518953	29843.333164962838	-2395.429815867546	56.69261487309003	3562.1976921180435
582938421.2273525	2666084880.942049	-164070213316.51743	188458758.4958496	29850.482086941214	-2093.210120335876	57.22314716179531	3559.677728398609
582996021.2273525	4385601239.715575	-164182090756.72754	191770090.56163076	29854.41181629153	-1791.5134382624283	57.75365149141388	3557.1705988164404
583053621.2273525	6105251618.438061	-164276606406.72488	195111977.56988224	29855.138241226276	-1490.3762299328287	58.28407363435469	3554.6764735392458
583111221.2273525	7824851974.623421	-164353793533.82016	198484413.22728568	29852.677677065072	-1189.8346037404294	58.81435946386991	3552.195521085926
583168821.2273525	9544219217.675623	-164413687474.9132	201887388.12604222	29847.04685901834	-889.924311217671	59.344454967236885	3549.7279083144517
583226421.2273525	11263171232.86568	-164456325615.7982	205320889.75082076	29838.26293492114	-590.6807422142451	59.87430625896058	3547.273800410108
583284021.2273525	12981526904.887568	-164481747370.19635	208784902.48646784	29826.343457920095	-292.1389202224168	60.40385959399473	3544.8333608741
583341621.2273525	14699106140.993435	-164489994158.5212	212279407.62647718	29811.3063791162	5.6665021510711995	60.933061380978806	3542.406751512517
583399221.2273525	16415729893.702362	-164481109386.38977	215804383.38222453	29793.170040166948	302.701247565657	61.461858195490414	3539.994132425648
583456821.2273525	18131220183.082306	-164455138422.88434	219359804.89296526	29771.953165850504	598.9314181807658	61.9901967933101	3537.595661997646
583514421.2273525	19845400118.60342	-164412128578.57468	222945644.23659602	29747.674856594807	894.3234997427817	62.51802412369718	3535.211496886538
583572021.2273525	21558093920.559166	-164352129083.30917	226561870.44118148	29720.354580974887	1188.844365525109	63.04528734267485	3532.841792014571
583629621.2273525	23269126941.054718	-164275191063.78372	230208449.49724755	29690.012168181074	1482.4612801217017	63.57193382632237	3530.4867005588944
583687221.2273525	24978325684.56105	-164181367520.89572	233885344.37083888	29656.667800461073	1775.1419030943812	64.09791118407274	3528.14637394257
583744821.2273525	26685517828.03299	-164070713306.89206	237592515.01734322	29620.342005538714	2066.8542924742087	64.62316727201362	3525.8209618259084
583802421.2273525	28390532240.58925	-163943285102.32043	241329918.3960817	29581.055649012593	2357.566908117151	65.14765020619025	3523.510612098123
583860021.2273525	30093199002.75516	-163799141392.7911	245097508.48566633	29538.82992673689	2647.2486149148253	65.67130837590784	3521.2154708693
583917621.2273525	31793349425.265358	-163638342445.55713	248895236.30012125	29493.68635718762	2935.8686858605283	66.19409045703176	3518.935682462675
583975221.2273525	33490816067.426857	-163460950285.9236	252723049.90577322	29445.646773816887	3223.396804971236	66.7159454252839	3516.671389407215
584032821.2273525	35185432755.04112	-163267028673.49185	256580894.43890536	29394.733317398008	3509.803070066139	67.23682256953295	3514.4227324305007
584090421.2273525	36877034597.8849	-163056643078.24753	260468712.1241768	29340.96842836414	3795.0579954023765	67.75667150507694	3512.1898504518977
584148021.2273525	38565458006.75047	-162829860656.50146	264386442.29380766	29284.374839143056	4079.1325141688144	68.27544218691587	3509.972880576018
584205621.2273525	40250540710.04317	-162586750226.691	268334021.407528	29224.975566490953	4361.9979808383305	68.79308492301315	3507.7719580864623
584263221.2273525	41932121769.93825	-162327382245.0491	272311383.0732895	29162.793903827693	4643.626173379787	69.30955038754308	3505.5872164398384
584320821.2273525	43610041598.09606	-162051828781.1513	276318458.0687412	29097.85341357611	4923.989295330264	69.82478963412301	3503.4187872600505
584378421.2273525	45284141970.93606	-161760163493.34613	280355174.36346537	29030.17791950809	5203.059977728599	70.33875410902853	3501.2668003328513
584436021.2273525	46954266044.47014	-161452461604.07883	284421457.14197505	28959.791499099752	5480.811280911133	70.85139566438899	3499.1313836006525
584493621.2273525	48620258368.69657	-161128799875.11526	288517228.82747096	28886.718475898313	5757.216696170795	71.36266657136213	3497.0126631575886
584551221.2273525	50281964901.553665	-160789256582.67462	292642409.106356	28810.983411903122	6032.250147280297	71.87251953328573	3494.9107632448226
584608821.2273525	51939233022.435905	-160433911492.47742	296796914.9535074	28732.611099963196	6305.885991880828	72.3809076988042	3492.8258062460955
584666421.2273525	53591911545.272224	-160062845834.71854	300980660.6583035	28651.626556193685	6578.099022737144	72.8877846749684	3490.7579126835035
584724021.2273525	55239850731.168434	-159676142278.97052	305193557.8514048	28568.055012413515	6848.8644688604145	73.39310454030667	3488.707201213502
584781621.2273525	56882902300.61426	-159273884909.0269	309435515.53228617	28481.92190860669	7118.1579964998255	73.89682185786526	3486.673788623128
584839221.2273525	58520919445.25739	-158856159197.69177	313706440.097521	28393.25288540926	7385.955710004355	74.39889168821615	3484.657789826436
584896821.2273525	60153756839.2452	-158423051981.5238	318006235.3698115	28302.073776624416	7652.234152555934	74.89926960243042	3482.65931786113
584954421.2273525	61781270650.13623	-157974651435.54086	322334802.62776625	28208.410601767668	7916.97030677528	75.39791169501524	3480.678483885401
585012021.2273525	63403318549.38362	-157511047047.89417	326692040.6364222	28112.289558644363	8180.141595201861	75.89477459681254	3478.7153971749444
585069621.2273525	65019759722.39123	-157032329594.51865	331077845.6785087	28013.737015961706	8441.725880649194	76.38981548785763	3476.7701651201614
585127221.2273525	66630454878.14601	-156538591113.76492	335492111.58644855	27912.779505977025	8701.701466437136	76.88299211019542	3474.8428932235306
585184821.2273525	68235266258.42761	-156029924881.0231	339934729.77509946	27809.443717184702	8960.047096502396	77.37426278065287	3472.9336850971417
585242421.2273525	69834057646.59789	-155506425383.3425	344405589.27522707	27703.756487043363	9216.741955388843	77.86358640356546	3471.0426424603825
585300021.2273525	71426694375.97266	-154968188294.0563	348904576.76771206	27595.74479474555	9471.76566811912	78.350922483456	3469.16986513777
585357621.2273525	73013043337.77898	-154415310447.41605	353431576.61848384	27485.435754031383	9725.098299949153	78.8362311376631	3467.315451056916
585415221.2273525	74592972988.69865	-153847889813.2443	357986470.91418207	27372.856606048503	9976.720356006907	79.31947310891891	3465.479496246615
585472821.2273525	76166353358.00238	-153266025471.61102	362569139.49853927	27258.034712259698	10226.612780817202	79.80060977787274	3463.6620948350446
585530421.2273525	77733056054.2773	-152669817587.5406	367179460.0094847	27140.997547400068	10474.756957714177	80.27960317555916	3461.8633390480704
585588021.2273525	79292954271.74957	-152059367385.75647	371817307.9169647	27021.772692485527	10721.134708142798	80.7564159958092	3460.083319207637
585645621.2273525	80845922796.20605	-151434777125.46805	376482556.5614755	26900.387827874212	10965.72829085138	81.23101160760218	3458.322123730238
585703221.2273525	82391838010.51797	-150796150075.20856	381175077.1933055	26776.870726382338	11208.520400976575	81.70335406735607	3456.57983912545
585760821.2273525	83930577899.7695	-150143590487.72733	385894739.0124849	26651.249246456224	11449.49416902263	82.17340813115545	3454.856549994514
585818421.2273525	85462022055.99487	-149477203574.94495	390641409.20943654	26523.551325401833	11688.633159736546	82.641139266914	3453.1523390289576
585876021.2273525	86986051682.52711	-148797095482.9755	395414953.00632674	26393.80497267346	11925.921370880991	83.10651366647052	3451.467287009231
585933621.2273525	88502549597.96191	-148103373267.22278	400215233.6991091	26262.038263222836	12161.343231906492	83.56949825761617	3449.8014728033495
585991221.2273525	90011400239.7401	-147396144867.55566	405042112.70026094	26128.27933091019	12394.883602524947	84.03006071605137	3448.1549733655215
586048821.2273525	91512489667.35283	-146675519083.5684	409895449.5822049	25992.556361978484	12626.527771186029	84.48816947726982	3446.52786373474
586106421.2273525	93005705565.17209	-145941605549.93146	414775102.1214136	25854.89758859214	12856.261453458255	84.94379374836865	3444.920217033325
586164021.2273525	94490937244.91158	-145194514711.8384	419680926.3431929	25715.33128244157	13084.070790316735	85.39690351978216	3443.3321044653867
586221621.2273525	95968075647.72054	-144434357800.55414	424612776.567137	25573.885748414643	13309.942346339101	85.84746957693758	3441.763595315191
586279221.2273525	97437013345.91548	-143661246809.0693	429570505.45325553	25430.589318336286	13533.863107811694	86.2954635118311	3440.214756945405
586336821.2273525	98897644544.35303	-142875294467.86652	434553964.0487611	25285.47034477725	13755.820480747723	86.7408577345216	3438.685654795185
586394421.2273525	100349865081.44833	-142076614220.80334	439563001.8355209	25138.557194933324	13975.802288819192	87.18362548454142	3437.1763523780915
586452021.2273525	101793572429.84282	-141265320201.11697	444597466.7781599	24989.87824457571	14193.796771204492	87.62374084222122	3435.686911279787
586509621.2273525	103228665696.72577	-140441527207.55432	449657205.37281436	24839.46187207382	14409.792580353576	88.06117873992761	3434.2173911554946
586567221.2273525	104655045623.8133	-139605350680.63495	454742062.69653255	24687.336452491367	14623.778779672328	88.49591497321178	3432.7678497271645
586624821.2273525	106072614586.99013	-138756906679.0474	459851882.45731056	24533.530351756406	14835.744841128295	88.92792621186669	3431.338342780325
586682421.2273525	107481276595.61691	-137896311856.1877	464986507.0447665	24378.071920906645	15045.680642779393	89.35719001089196	3429.9289241605597
586740021.2273525	108880937291.5087	-137023683436.84134	470145777.5814415	24220.989490410353	15253.576466227518	89.78368482136385	3428.5396457695683
586797621.2273525	110271503947.58862	-136139139194.01408	475329533.9747252	24062.311364564008	15459.422993998964	90.20739000120854	3427.170557560759
586855221.2273525	111652885466.22061	-135242797425.91591	480537614.9693961	23902.065815967126	15663.211306853507	90.62828582587743	3425.8217075343073
586912821.2273525	113024992377.22662	-134334776933.10217	485769858.20077896	23740.281080075205	15864.932881023891	91.04635349892212	3424.493141731624
586970421.2273525	114387736835.59207	-133415196995.7751	491026100.24850273	23576.985349831226	16064.57958538776	91.4615751624675	3423.184904229155
587028021.2273525	115741032618.86424	-132484177351.25095	496306176.6908639	23412.206770376477	16262.143678573717	91.87393390758129	3421.8970371314385
587085621.2273525	117084795124.24892	-131541838171.59465	501609922.15977955	23245.973433841085	16457.617806003458	92.2834137845375	3420.629580563327
587143221.2273525	118418941365.40836	-130588300041.42784	506937170.3963323	23078.313374215024	16650.994996871832	92.68999981297338	3419.3825726612827
587200821.2273525	119743389968.96692	-129623683935.91156	512287754.3068953	22909.25456229983	16842.26866106658	93.09367799193656	3418.1560495636327
587258421.2273525	121058061170.72789	-128648111198.90842	517661506.0198316	22738.824900741616	17031.432586029707	93.4944353098216	3416.950045399667
587316021.2273525	122362876811.60667	-127661703521.32753	523058256.94276583	22567.052219145808	17218.48093356218	93.89225975419406	3415.764592277444
587373621.2273525	123657760333.28488	-126664582919.6545	528477837.8204155	22393.964269273856	17403.40823657392	94.28714032149969	3414.599720270151
587431221.2273525	124942636773.59018	-125656871714.67055	533920078.7929796	22219.588720322372	17586.20939578078	94.67906702665802	3413.4554574008507
587488821.2273525	126217432761.60655	-124638692510.36322	539384809.4550765	22043.953154284936	17766.879676350374	95.06803091253752	3412.331829625427
587546421.2273525	127482076512.5199	-123610168173.03192	544871858.9152234	21867.085061396825	17945.414704498507	95.4540240593114	3411.228860813508
587604021.2273525	128736497822.20346	-122571421810.59035	550381055.8558519	21689.011835662866	18121.810464038077	95.83703959369191	3410.1465727271348
587661621.2273525	129980628061.54826	-121522576752.06969	555912228.5938512	21509.76077046871	18296.06329288213	96.2170716980415	3409.084984996888
587719221.2273525	131214400170.54282	-120463756527.32407	561465205.1416333	21329.35905427555	18468.169879502846	96.59411561935929	3408.044115095174
587776821.2273525	132437748652.10779	-119395084846.94162	567039813.2687126	21147.833766398446	18638.12725934824	96.9681676781407	3407.0239783063075
587834421.2273525	133650609565.68947	-118316685582.36237	572635880.5637898	20965.211872868378	18805.932811218358	97.33922527710901	3406.0245876929885
587892021.2273525	134852920520.61737	-117228682746.20683	578253234.4973369	20781.520222378036	18971.584253602527	97.70728690981689	3405.0459540587162
587949621.2273525	136044620669.23096	-116131200472.81631	583891702.4846752	20596.78554231141	19135.079640979562	98.07235216911646	3404.088085905603
588007221.2273525	137225650699.77982	-115024362999.00708	589551111.9495343	20411.03443485708	19296.417360082516	98.4344217554957	3403.1509893869843
588064821.2273525	138395952829.10242	-113908294645.04102	595231290.3880879	20224.293373205302	19455.596126129683	98.79349748528011	3402.2346682541233
588122421.2273525	139555470795.08853	-112783119795.81436	600932065.4334617	20036.588697828647	19612.6149790235	99.14958229869764	3401.3391237961937
588180021.2273525	140704149848.92923	-111648962882.26587	606653264.9206964	19847.94661284626	19767.473279519058	99.50268026780532	3400.464354772606
588237621.2273525	141841936747.16058	-110505948363.00662	612394716.9521667	19658.393182471424	19920.170705363802	99.85279660427565	3399.61035733658
588295221.2273525	142968779743.5045	-109354200706.1737	618156249.9634457	19467.954327542506	20070.707247410006	100.19993766704222	3398.7771249486873
588352821.2273525	144084628580.51254	-108193844371.50725	623937692.7896016	19276.655822136756	20219.083205701754	100.5441109698009	3397.964648278869
588410421.2273525	145189434481.01697	-107025003792.65462	629738874.7319262	19084.523290267098	20365.29918553787	100.88532518836723	3397.1729150951737
588468021.2273525	146283150139.39374	-105847803359.70164	635559625.6250799	18891.58220266144	20509.35609351243	101.22359016788695	3396.401910137148
588525621.2273525	147365729712.6426	-104662367401.93245	641399775.9046499	18697.857873624238	20651.255133534407	101.55891692989834	3395.6516149714284
588583221.2273525	148437128811.28885	-103468820170.8195	647259156.6751128	18503.375457980197	20790.997802827944	101.89131767924533	3394.9220078266253
588640821.2273525	149497304490.11105	-102267285823.24376	653137599.778183	18308.159948099456	20928.585887914818	102.22080581083878	3394.213063404041
588698421.2273525	150546215238.69977	-101057888404.94768	659034937.8615558	18112.23617100432	21064.021460580527	102.54739591626598	3393.524752660057
588756021.2273525	151583820971.85248	-99840751834.2204	664951004.4480225	17915.62878555681	21197.3068738255	102.87110379024469	3392.8570425552093
588813621.2273525	152610083019.80844	-98615999885.81677	670885634.0049506	17718.36227972683	21328.44475780288	103.19194643692207	3392.2098957639178
588871221.2273525	153624964118.32825	-97383756175.11038	676838662.0141257	17520.46096794044	21457.438015744363	103.50994207601597	3391.58327033755
588928821.2273525	154628428398.6236	-96144144142.48235	682809925.0419428	17321.94898850788	21584.289819875303	103.82511014879736	3390.9771193119077
588986421.2273525	155620441377.14066	-94897287037.94446	688799260.809934	17122.85030113079	21709.003607320832	104.13747132391195	3390.3913902481945
589044021.2273525	156600969945.20227	-93643307905.99971	694806508.2656296	16923.188684488214	21831.583076003983	104.44704750304052	3389.8260246940094
589101621.2273525	157569982358.5137	-92382329570.73816	700831507.6537417	16722.9877339008	21952.03218053738	104.75386182639508	3389.2809575476913
589159221.2273525	158527448226.53546	-91114474621.17032	706874100.587656	16522.270859072818	22070.35512810985	105.0579386780507	3388.7561163052574
589216821.2273525	159473338501.72867	-89839865396.7971	712934130.1212282	16321.061281911256	22186.55637436912	105.35930369111063	3388.2514201639465
589274421.2273525	160407625468.67722	-88558623973.41762	719011440.820874	16119.382034421613	22300.640619301903	105.65798375270364	3387.7667789496354
589332021.2273525	161330282733.09033	-87270872149.17343	725105878.8379389	15917.255956679666	22412.61280311284	105.95400700881204	3387.3020918266675
589389621.2273525	162241285210.6911	-85976731430.83107	731217291.9813447	15714.705694878752	22522.478102103232	106.24740286892903	3386.8572457372593
589447221.2273525	163140609115.99423	-84676323020.30144	737345529.7904977	15511.753699451818	22630.241924551025	106.53820201054398	3386.4321135027767
589504821.2273525	164028231950.97797	-83369767801.39645	743490443.6084484	15308.422223267697	22735.90990659311	106.82643638345385	3386.026551499608
589562421.2273525	164904132493.65442	-82057186326.82304	749651886.6552992	15104.733319900919	22839.487908111183	107.11213921390006	3385.6403967965566
589620021.2273525	165768290786.54166	-80738698805.41365	755829714.1018398	14900.708841974461	22940.98200862223	107.39534500852864	3385.2734636065684
589677621.2273525	166620688125.04355	-79414425089.59358	762023783.1434108	14696.370439574635	23040.39850317494	107.67608955817298	3384.9255388605093
589735221.2273525	167461307045.73917	-78084484663.08444	768233953.0739756	14491.739558737605	23137.743898252902	107.95440994145744	3384.5963766513096
589792821.2273525	168290131314.58783	-76748996628.84308	774460085.3603973	14286.837440006624	23233.024907685893	108.23034452822031	3384.285691219233
589850421.2273525	169107145915.05307	-75408079697.23622	780702043.7169073	14081.685117059475	23326.248448570223	108.50393298275522	3383.9931480495134
589908021.2273525	169912337036.1488	-74061852174.44939	786959694.1797538	13876.303415405266	23417.42163719917	108.77521626686969	3383.718352530126
589965621.2273525	170705692060.41333	-72710431951.13022	793232905.1820241	13670.712951149857	23506.551785004573	109.044236642759	3383.4608354736256
590023221.2273525	171487199551.8138	-71353936491.26501	799521547.6286227	13464.934129829207	23593.646394510477	109.31103767569422	3383.22003466072
590080821.2273525	172256849243.58508	-69992482821.28802	805825494.9714037	13258.987145309864	23678.713155299938	109.57566423652392	3382.9952714638152
590138421.2273525	173014632026.00784	-68626187519.42278	812144623.2844381	13052.891978755828	23761.759939995867	109.83816250398718	3382.785721668122
590196021.2273525	173760539934.1285	-67255166705.254265	818478811.3394117	12846.668397660986	23842.7948002568	110.09857996683722	3382.5903800499677
590253621.2273525	174494566135.42566	-65879536029.531525	824827940.6811374	12640.3359549464	23921.825962788607	110.35696542577452	3382.4080194869184
590311221.2273525	175216704917.42618	-64499410664.19927	831191895.7031738	12433.913988121534	23998.861825372875	110.61336899518771	3382.237147911878
590368821.2273525	175926951675.27484	-63114905292.65796	837570563.723541	12227.42161850877	24073.910952913007	110.86784210470161	3382.0759707374546
590426421.2273525	176625302899.26123	-61726134100.25112	843963835.060519	12020.877750530279	24146.98207349872	111.12043750053091	3381.9223720221826
590484021.2273525	177311756162.307	-60333210764.978386	850371603.1085117	11814.301071056441	24218.084074489838	111.37120924663799	3381.7739319207276
590541621.2273525	177986310107.41782	-58936248448.43427	856793764.413986	11607.71004881511	24287.225998620157	111.62021272569478	3381.627995366325
590599221.2273525	178648964435.1027	-57535359786.9699	863230218.7514453	11401.122933860686	24354.417040122167	111.86750463984593	3381.4817926538176
590656821.2273525	179299719890.76437	-56130656883.07808	869680869.1994538	11194.557757102402	24419.666540873324	112.11314301127383	3381.332590202615
590714421.2273525	179938578252.06476	-54722251296.99934	876145622.216678	10988.032329890753	24482.98398656471	112.35718718256277	3381.177833879921
590772021.2273525	180565542316.2673	-53310254038.54796	882624387.71795	10781.564243661423	24544.37900289271	112.59969781686281	3381.0152511244182
590829621.2273525	181180615887.56152	-51894775559.15688	889117079.1503311	10575.170869635682	24603.861351774358	112.84073689785043	3380.8428984294796
590887221.2273525	181783803764.371	-50475925744.13978	895623613.5691679	10368.86935857656	24661.440927587144	113.08036772948645	3380.659161591863
590944821.2273525	182375111726.64944	-49053813905.169014	902143911.7141294	10162.67664059985	24717.12775343383	113.31865493556943	3380.462726100016
591002421.2273525	182954546523.1671	-47628548772.968025	908677898.0852119	9956.609425039082	24770.931977432898	113.55566445908354	3380.252534383606
591060021.2273525	183522115858.7914	-46200238490.216644	915225501.0186989	9750.684200363645	24822.86386903529	113.79146356133965	3380.027741256627
591117621.2273525	184077828381.76385	-44768990604.667816	921786652.7630697	9544.917234149196	24872.933815367967	114.02612082090965	3379.7876734496867
591175221.2273525	184621693670.97684	-43334912062.47397	928361289.554835	9339.324573099444	24921.152317604927	114.25970613235154	3379.531795409588
591232821.2273525	185153722223.25348	-41898109201.72195	934949351.6942983	9133.92204311851	24967.52998736605	114.49229070472535	3379.2596815257075
591290421.2273525	185673925440.63278	-40458687746.174194	941550783.6212214	8928.725249432924	25012.077543144616	114.72394705989866	3378.97099406103
591348021.2273525	186182315617.66318	-39016752799.21513	948165533.9903902	8723.749576762479	25054.805806763576	114.95474903064083	3378.6654658049583
591405621.2273525	186678905928.7076	-37572408838.00071	954793555.7470615	8519.010189538985	25095.725699861447	115.18477175850434	3378.3428864921857
591463221.2273525	187163710415.26224	-36125759707.80947	961434806.2022831	8314.522032172143	25134.848240408028	115.41409169149364	3378.0030921667785
591520821.2273525	187636743973.2919	-34676908616.59353	968089247.1080728	8110.299829361597	25172.184539250575	115.64278658151929	3377.645956827457
591578421.2273525	188098022340.58502	-33225958129.72758	974756844.7324456	7906.358086454386	25207.745796690673	115.8709354816375	3377.271385833594
591636021.2273525	188547562084.13016	-31773010164.95414	981437569.9342741	7702.711089846825	25241.543299092387	116.09861874307339	3376.879310670682
591693621.2273525	188985380587.51712	-30318165987.523254	988131398.2379733	7499.372907430075	25273.588415521954	116.32591801202773	3376.4696847683763
591751221.2273525	189411496038.365	-28861526205.5249	994838309.907993	7296.357389078438	25303.89259441946	116.55291622626622	3376.042480137012
591808821.2273525	189825927415.7792	-27403190765.412136	1001558290.0231081	7093.6781671796	25332.467360302835	116.77969761149004	3375.597684643907
591866421.2273525	190228694477.84085	-25943258947.713104	1008291328.5504956	6891.348657205917	25359.324310504482	117.00634767748755	3375.1352997926806
591924021.2273525	190619817749.12955	-24481829362.930202	1015037420.4195808	6689.382058325923	25384.475111940894	117.23295321406603	3374.655338900452
591981621.2273525	190999318508.28308	-23018999947.624203	1021796565.5956435	6487.791354055198	25407.931497915506	117.45960228676223	3374.1578255917266
592039221.2273525	191367218775.5955	-21554867960.681683	1028568769.1531729	6286.589312945755	25429.70526495512	117.6863842323321	3373.6427925458897
592096821.2273525	191723541300.65552	-20089529979.763588	1035354041.3489511	6085.7884893131195	25449.808269680176	117.91338965401792	3373.110280449039
592154421.2273525	192068309550.02887	-18623081897.933254	1042152397.6948653	5885.401224000239	25468.252425709023	118.14071041659264	3372.5603371114335
592212021.2273525	192401547694.98502	-17155618920.461618	1048963859.0304221	5685.439645177428	25485.04970059655	118.36843964118059	3371.993016719953
592269621.2273525	192723280599.2709	-15687235561.80778	1055788451.5949569	5485.915669177472	25500.21211280733	118.59667169985397	3371.408379201227
592327221.2273525	193033533806.9341	-14218025642.772999	1062626207.0995306	5286.841001365131	25513.751728723433	118.82550221000447	3370.806489675965
592384821.2273525	193332333530.19702	-12748082287.825958	1069477162.7984908	5088.227137040162	25525.680659687237	119.055028028489	3370.187417988844
592442421.2273525	193619706637.3837	-11277497922.59738	1076341361.5606914	4890.0853623731	25536.011059079232	119.28534724554993	3369.5512383012788
592500021.2273525	193895680640.902	-9806364271.541935	1083218851.9403548	4692.42675537295	25544.755119431138	119.51655917850766	3368.898028736798
592557621.2273525	194160283685.28174	-8334772355.765444	1090109688.2475648	4495.262186886026	25551.92506957432	119.74876436522665	3368.227871070608
592615221.2273525	194413544535.27194	-6862812491.01527	1097013930.6183753	4298.602321625117	25557.533171823805	119.98206455735283	3367.540850456441
592672821.2273525	194655492563.9978	-5390574285.831927	1103931645.0845253	4102.4576192282	25561.59171919781	120.21656271332313	3366.8370551849944
592730421.2273525	194886157741.1796	-3918146639.8597813	1110862903.642744	3906.838335345911	25564.1130326731	120.45236299114576	3366.1165764692364
592788021.2273525	195105570621.41467	-2445617742.31483	1117807784.323628	3711.754522757017	25565.109458476072	120.68957074095073	3365.3795082526503
592845621.2273525	195313762332.52542	-973075070.6074834	1124766371.260094	3517.216032511088	25564.593365409717	120.92829249731085	3364.62594703713
592903221.2273525	195510764563.97272	499394610.88173366	1131738754.7553706	3323.2325150976417	25562.57714221659	121.16863597133207	3363.8559917277703
592960821.2273525	195696609555.33807	1971705251.8756137	1138725031.3505368	3129.813421640971	25559.073194977682	121.41071004251273	3363.0697434922286
593018421.2273525	195871330084.8754	3443771517.1249123	1145725303.8915792	2936.968005119931	25554.093944547334	121.6546247503716	3362.2673056326944
593076021.2273525	196034959458.1334	4915508787.186287	1152739681.595965	2744.7053216119352	25547.651824024215	121.90049128584457	3361.448783468796
593133621.2273525	196187531496.6501	6386833159.055588	1159768280.1187048	2553.034231560416	25539.759276258323	122.14842198244833	3360.614284230027
593191221.2273525	196329080526.72223	7857661446.658626	1166811221.6179135	2361.963401065042	25530.428751394007	122.39853030721227	3359.763916956474
593248821.2273525	196459641368.24783	9327911181.201393	1173868634.8198264	2171.5013031939543	25519.67270444908	122.6509308513772	3358.8977924068145
593306421.2273525	196579249323.64648	10797500611.381962	1180940655.0832846	1981.6562193173258	25507.50359292986	122.90573932086104	3358.0160229726766
593364021.2273525	196687940166.85614	12266348703.465963	1188027424.4636588	1792.43624046153	25493.933874482267	123.16307252649068	3357.1187225986014
593421621.2273525	196785750132.40912	13734375141.227863	1195129091.7762048	1603.8492686832192	25478.976004578748	123.42304837400013	3356.206006706934
593479221.2273525	196872715904.58694	15201500325.75999	1202245812.6588368	1415.9030184626395	25462.642434241163	123.68578585379508	3355.2779921270667
593536821.2273525	196948874606.6571	16667645375.151491	1209377749.634305	1228.60501811549	25444.945607799356	123.95140503048219	3354.3347970285276
593594421.2273525	197014263790.19055	18132732124.039154	1216525072.1717598	1041.9626112226524	25425.897960685572	124.22002703216465	3353.3765408574823
593652021.2273525	197068921424.4632	19596683123.032257	1223687956.7476995	855.9829580771466	25405.51191726436	124.49177403950239	3352.40334427626
593709621.2273525	197112885885.93988	21059421638.0134	1230866586.906273	670.673037147626	25383.799888698162	124.76676927453764	3351.4153291055704
593767221.2273525	197146195947.84433	22520871649.317482	1238061153.3189383	486.0396465578028	25360.774270848193	125.04513698928514	3350.4126182691134
593824821.2273525	197168890769.814	23980957850.790672	1245271853.8434517	302.08940558112545	25336.447442210738	125.32700245408688	3349.39533574033
593882421.2273525	197181009887.64194	25439605648.7317	1252498893.5821872	118.82875615012154	25310.831761888545	125.61249194573193	3348.3636064910565
593940021.2273525	197182593203.10547	26896741160.717102	1259742484.9397542	-63.73603562025937	25283.93956759737	125.90173273534006	3347.317556441883
593997621.2273525	197173680973.88358	28352291214.312847	1267002847.6799228	-245.5988778958831	25255.783173707347	126.19485307601022	3346.257312414042
594055221.2273525	197154313803.56262	29806183345.674007	1274280208.9818192	-426.7538515738588	25226.374869319163	126.49198219023286	3345.183002082663
594112821.2273525	197124532631.7322	31258345798.034626	1281574803.495396	-607.195208720766	25195.726916374875	126.79325025706662	3344.0947539312483
594170421.2273525	197084378724.17084	32708707520.089905	1288886873.396156	-786.917370999256	25163.851547803097	127.09878839907947	3342.9926972072594
594228021.2273525	197033893663.12308	34157198164.272346	1296216668.4391184	-965.9149280835964	25130.760965698526	127.40872866905367	3341.8769618786823
594285621.2273525	196973119337.6676	35603748084.92413	1303564446.0120063	-1144.1826360647592	25096.46733953553	127.72320403645487	3340.7476785914864
594343221.2273525	196902097934.17786	37048288336.36756	1310930471.1876554	-1321.715415845576	25060.98280441566	128.0423483736659	3339.60497862788
594400821.2273525	196820871926.87567	38490750670.8755	1318315016.775619	-1498.5083515265164	25024.31945934885	128.366296441984	3338.4489938652855
594458421.2273525	196729484068.47742	39931067536.54388	1325718363.3729627	-1674.5566887826812	24986.48936556818	128.69518387738347	3337.279856735959
594516021.2273525	196627977380.9344	41369172075.06789	1333140799.4142246	-1849.855833232455	24947.504544877935	129.0291471760416	3336.0977001871934
594573621.2273525	196516395146.26706	42804998119.424194	1340582621.2205472	-2024.4013487984412	24907.376978034757	129.3683236796301	3334.902657642039
594631221.2273525	196394780897.4945	44238480191.46075	1348044133.0479436	-2198.1889560611153	24866.11860316169	129.71285156037064	3333.694862960499
594688821.2273525	196263178409.6581	45669553499.39611	1355525647.134703	-2371.2145306057337	24823.74131419489	130.06286980585514	3332.4744504011455
594746421.2273525	196121631690.94138	47098153935.23051	1363027483.7479143	-2543.474101363029	24780.25695936281	130.4185182036318	3331.241554583111
594804021.2273525	195970184973.88486	48524218072.06988	1370549971.229092	-2714.9638489441086	24735.67733969752	130.77993732555535	3329.9963104484214
594861621.2273525	195808882706.69772	49947683161.365326	1378093446.0388966	-2885.680103970109	24690.014207578064	131.14726851190346	3328.738853224633
594919221.2273525	195637769544.665	51368487130.06948	1385658252.8009338	-3055.6193453970404	24643.27926530552	131.52065385525867	3327.4693183877407
594976821.2273525	195456890341.6526	52786568577.71183	1393244744.3446171	-3224.7781988362676	24595.484163709512	131.90023618415574	3326.1878416253244
595034421.2273525	195266290141.70737	54201866773.394394	1400853281.7470784	-3393.153434871136	24546.640500786027	132.28615904649607	3324.894558799915
595092021.2273525	195066014170.7562	55614321652.7102	1408484234.3741264	-3560.741967370137	24496.759820366136	132.67856669272788	3323.589605912546
595149621.2273525	194856107828.40106	57023873814.58574	1416137979.9202206	-3727.54085179708	24445.85361081545	133.0776040587939	3322.273119066475
595207221.2273525	194636616679.8118	58430464518.04929	1423814904.4474556	-3893.5472835186592	24393.93330376409	133.4834167488453	3320.9452344310494
595264821.2273525	194407586447.71655	59834035678.92734	1431515402.423553	-4058.7585961099253	24341.01027286677	133.8961510177245	3319.6060882057022
595322421.2273525	194169063004.48987	61234529866.46998	1439239876.7588253	-4223.1722596579275	24287.095832592826	134.31595375321461	3318.2558165840555
595380021.2273525	193921092364.33865	62631890299.9079	1446988738.8421211	-4386.785879064086	24232.201237045916	134.74297245805818	3316.8945557181187
595437621.2273525	193663720675.5853	64026060844.94178	1454762408.575719	-4549.597192345571	24176.337678813103	135.17735523174426	3315.5224416825654
595495221.2273525	193396994213.04974	65416986010.16685	1462561314.409174	-4711.604068936118	24119.516287842955	135.61925075206491	3314.139610439075
595552821.2273525	193120959370.52835	66804610943.432915	1470385893.3720887	-4872.8045079866915	24061.74813035256	136.0688082564414	3312.746197800727
595610421.2273525	192835662653.37137	68188881428.14291	1478236591.1058066	-5033.196636666298	24003.044207763025	136.52617752302075	3311.342339396433
595668021.2273525	192541150671.15796	69569743879.49046	1486113861.894004	-5192.778708463318	23943.4154556632	136.9915088515425	3309.9281706354045
595725621.2273525	192237470130.46918	70947145340.63907	1494018168.6921842	-5351.549101487807	23882.872742801395	137.46495304397783	3308.5038266716306
595783221.2273525	191924667827.75833	72321033478.84328	1501949983.1560345	-5509.506316774952	23821.42687010479	137.94666138493932	3307.069442368372
595840821.2273525	191602790642.3198	73691356581.51498	1509909785.6686628	-5666.648976590146	23759.088569726147	138.4367856218641	3305.6251522626535
595898421.2273525	191271885529.3545	75058063552.23509	1517898065.3666773	-5822.975822735974	23695.868504117654	138.9354779449694	3304.171090529746
595956021.2273525	190931999513.13358	76421103906.7127	1525915320.165111	-5978.485714861371	23631.777265131583	139.4428909669825	3302.707390947636
596013621.2273525	190583179680.25882	77780427768.6933	1533962056.7811644	-6133.177628773365	23566.825373147378	139.9591777026441	3301.2341868614717
596071221.2273525	190225473173.0207	79135985865.81743	1542038790.7567694	-6287.05065475163	23501.023276225005	140.48449154798757	3299.7516111479745
596128821.2273525	189858927182.85327	80487729525.43146	1550146046.4799495	-6440.103995866178	23434.381349284136	141.01898625939342	3298.25979617982
596186421.2273525	189483588943.88544	81835610670.35129	1558284357.204964	-6592.3369662984705	23366.909893309	141.5628159324202	3296.758873789973
596244021.2273525	189099505726.5896	83179581814.58188	1566454265.071234	-6743.748989666259	23298.61913457848	142.1161349804129	3295.2489752359743
596301621.2273525	188706724831.52618	84519596058.9922	1574656321.1210208	-6894.339597352339	23229.519223921212	142.67909811288882	3293.7302311641733
596359221.2273525	188305293583.18417	85855607086.94878	1582891085.3158624	-7044.10842683764	23159.62023599543	143.25186031370254	3292.2027715739036
596416821.2273525	187895259323.91818	87187569159.908	1591159126.5517387	-7193.0552200387265	23088.932168593117	143.83457681899003	3290.6667257815943
596474421.2273525	187476669407.98016	88515437112.969	1599461022.672961	-7341.179821650114	23017.464941968363	144.4274030948938	3289.1222223848113
596532021.2273525	187049571195.64767	89839166350.38898	1607797360.4847767	-7488.482177491541	22945.228398189396	145.030494815068	3287.5693892262298
596589621.2273525	186614012047.44604	91158712841.06146	1616168735.7646675	-7634.9623328605285	22872.232300514184	145.644007837967	3286.008353357528
596647221.2273525	186170039318.46576	92474033113.95932	1624575753.2723331	-7780.6204308903325	22798.48633278919	146.268098183916	3284.4392410032037
596704821.2273525	185717700352.7749	93785084253.5442	1633019026.7583542	-7925.456710913635	22724.000098870987	146.9029220119657	3282.8621775243046
596762421.2273525	185257042477.92404	95091823895.14249	1641499178.971503	-8069.471506832133	22648.78312207055	147.548635596532	3281.277287382077
596820021.2273525	184788112999.5468	96394210220.29097	1650016841.6647193	-8212.665245492208	22572.84484461966	148.20539530382098	3279.6846941015206
596877621.2273525	184310959196.05237	97692201952.05142	1658572655.5997083	-8355.038445066946	22496.19462715948	148.87335756804165	3278.0845202348582
596935221.2273525	183825628313.41165	98985758350.29703	1667167270.5501683	-8496.591713444652	22418.84174825065	149.552678867405	3276.4768873249063
596992821.2273525	183332167560.0359	100274839206.97073	1675801345.3036287	-8637.32574662404	22340.795403904853	150.24351569991285	3274.8619158683528
597050421.2273525	182830624101.74774	101559404841.3178	1684475547.6618903	-8777.241327116355	22262.06470713741	150.94602455893647	3273.239725278938
597108021.2273525	182321045056.8436	102839416095.09222	1693190554.440045	-8916.339322354508	22182.658687540745	151.66036190858568	3271.6104338505343
597165621.2273525	181803477491.2481	104114834327.74048	1701947051.4640832	-9054.620683109473	22102.586290878175	152.3866841588702	3269.974158720131
597223221.2273525	181277968413.75937	105385621411.56117	1710745733.5670474	-9192.086441914009	22021.85637869806	153.12514764065358	3268.3310158307145
597280821.2273525	180744564771.38437	106651739726.84415	1719587304.5837595	-9328.737711494054	21940.47772796771	153.8759085804026	3266.6811198940477
597338421.2273525	180203313444.76498	107913152156.98804	1728472477.3440638	-9464.575683207659	21858.459030727005	154.63912307473066	3265.0245843533517
597396021.2273525	179654261243.69354	109169822083.59924	1737401973.6646168	-9599.601625491916	21775.808893761245	155.41494706473847	3263.3615213458834
597453621.2273525	179097454902.71783	110421713381.57219	1746376524.3391821	-9733.81688231776	21692.535838293035	156.2035363101522	3261.6920416654143
597511221.2273525	178532941076.83414	111668790414.15259	1755396869.1274357	-9867.222871652964	21608.64829969292	157.00504636326121	3260.01625472461
597568821.2273525	177960766337.26968	112911018027.98442	1764463756.7422621	-9999.82108393334	21524.15462720842	157.819632542655	3258.3342685173106
597626421.2273525	177380977167.3519	114148361548.14186	1773577944.835531	-10131.613080542307	21439.063083711288	158.6474499067627	3256.6461895807165
597684021.2273525	176793619958.4654	115380786773.14702	1782740199.9823425	-10262.600492298981	21353.381845462547	159.48865322719436	3254.9521229574793
597741621.2273525	176198741006.09628	116608259969.9753	1791951297.6637437	-10392.785017954826	21267.11900189518	160.34339696188746	3253.252172157701
597799221.2273525	175596386505.9617	117830747869.0477	1801212022.24787	-10522.168422699004	21180.282555414095	161.21183522805757	3251.5464391208457
597856821.2273525	174986602550.2264	119048217659.21306	1810523166.9695468	-10650.75253667259	21092.88042121315	162.09412177495685	3249.835024177567
597914421.2273525	174369435123.8038	120260636982.71957	1819885533.9082975	-10778.539253491588	21004.920427108875	162.99040995643986	3248.1180260114534
597972021.2273525	173744930100.74213	121467973930.17769	1829299933.96478	-10905.530528779038	20916.4103133907	163.90085270333995	3246.3955416206986
598029621.2273525	173113133240.695	122670197035.51431	1838767186.8356168	-11031.728378706117	20827.357732687415	164.82560249565526	3244.6676662797026
598087221.2273525	172474090185.47568	123867275270.92046	1848288120.986624	-11157.134878542463	20737.770249849484	165.76481133454834	3242.9344935006056
598144821.2273525	171827846455.69437	125059178041.79193	1857863573.624417	-11281.752161215674	20647.65534184709	166.71863071415896	3241.196114994766
598202421.2273525	171174447447.47845	126245875181.66501	1867494390.6663914	-11405.582415880168	20557.02039768355	167.68721159323235	3239.452620634185
598260021.2273525	170513938429.2749	127427336947.14732	1877181426.7090619	-11528.627886495338	20465.872718323866	168.67070436656434	3237.7040984128903
598317621.2273525	169846364538.73413	128603534012.84518	1886925544.9947534	-11650.890870413226	20374.219516638143	169.66925883626516	3235.950634408282
598375221.2273525	169171770779.67508	129774437466.28813	1896727617.3766282	-11772.373716975631	20282.067917359593	170.6830241828425	3234.1923127424566
598432821.2273525	168490202019.13065	130940018802.85114	1906588524.282046	-11893.07882612076	20189.424957056985	171.71214893610681	3232.4292155435114
598490421.2273525	167801702984.4736	132100249920.67618	1916509154.6742427	-12013.008646999482	20096.297584121057	172.75678094589884	3230.6614229068464
598548021.2273525	167106318260.621	133255103115.59299	1926490406.0123148	-12132.165676601257	20002.6926587649	173.81706735264302	3228.8890128564717
598605621.2273525	166404092287.31848	134404551076.04031	1936533184.209505	-12250.55245838965	19908.61695303785	174.89315455772555	3227.1120613063363
598663221.2273525	165695069356.5023	135548566877.9884	1946638403.5897777	-12368.171580947639	19814.077150852827	175.98518819370216	3225.330642021685
598720821.2273525	164979293609.73904	136687123979.86356	1956806986.8426704	-12485.025676632642	19719.07984802666	177.09331309433404	3223.5448265804657
598778421.2273525	164256809035.74304	137820196217.47522	1967039864.9764185	-12601.117420241291	19623.631552333394	178.21767326445632	3221.7546843347973
598836021.2273525	163527659467.96988	138947757798.9464	1977337977.2693348	-12716.449527684057	19527.73868357017	179.35841184967856	3219.9602823725145
598893621.2273525	162791888582.2861	140069783299.64886	1987702271.219445	-12831.024754669674	19431.40757363548	180.51567110592111	3218.161685478809
598951221.2273525	162049539894.71475	141186247657.14206	1998133702.4923553	-12944.845895399347	19334.644466619615	181.68959236878666	3216.358956097982
599008821.2273525	161300656759.2553	142297126166.1187	2008633234.8673606	-13057.915781270884	19237.45551890706	182.8803160227713	3214.552154295332
599066421.2273525	160545282365.77847	143402394473.35602	2019201840.1817672	-13170.237279592677	19139.846799290513	184.0879814703153	3212.7413377191897
599124021.2273525	159783459737.9944	144502028572.67413	2029840498.2734342	-13281.813292307503	19041.824289096447	185.31272710069538	3210.9265615631316
599181621.2273525	159015231731.49417	145596004799.9018	2040550196.9215147	-13392.646754726256	18943.39388232192	186.55469025876172	3209.1078785283876
599239221.2273525	158240641031.8642	146684299827.85016	2051331931.785387	-13502.740634271517	18844.56138578239	187.81400721351952	3207.2853387864684
599296821.2273525	157459730152.87247	147766890661.29623	2062186706.341789	-13612.097929231002	18745.332519270367	189.09081312655906	3205.458989942036
599354421.2273525	156672541434.72653	148843754631.9748	2073115531.8201082	-13720.721667520867	18645.712915724656	190.3852420203342	3203.6288769960465
599412021.2273525	155879117042.4018	149914869393.58054	2084119427.1358528	-13828.614905458895	18545.70812141004	191.69742674629313	3201.7950423091884
599469621.2273525	155079498964.04147	150980212916.78152	2095199418.822283	-13935.780726547488	18445.323596107082	193.02749895286203	3199.9575255656473
599527221.2273525	154273729009.42468	152039763484.2434	2106356540.9601922	-14042.22224026656	18344.56471331198	194.37558905328387	3198.1163637372238
599584821.2273525	153461848808.50534	153093499685.66473	2117591835.1058223	-14147.942580876112	18243.43676044613	195.74182619331444	3196.2715910478387
599642421.2273525	152643899810.01895	154141400412.82623	2128906350.2169337	-14252.944906228739	18141.94493907536	197.12633821877768	3194.4232389384542
599700021.2273525	151819923280.15723	155183444854.65155	2140301142.5769868	-14357.232396591859	18040.09436513847	198.52925164298293	3192.5713360324444
599757621.2273525	150989960301.31128	156219612492.2819	2151777275.717443	-14460.808253479629	17937.89006918501	199.95069161400377	3190.715908101453
599815221.2273525	150154051770.88068	157249883094.16504	2163335820.3381906	-14563.675698494675	17835.336996622085	201.3907818818243	3188.8569780317666
599872821.2273525	149312238400.14987	158274236711.1579	2174977854.2260566	-14665.837972179444	17732.440007969926	202.84964476535143	3186.9945657912485
599930421.2273525	148464560713.22998	159292653671.64523	2186704462.171429	-14767.298332877217	17629.20387912614	204.32740111929698	3185.128688396864
599988021.2273525	147611059046.0659	160305114576.67285	2198516735.882963	-14868.060055602797	17525.633301638398	205.8241703009321	3183.259359882839
600045621.2273525	146751773545.50854	161311600295.0971	2210415773.9003634	-14968.126430922723	17421.732882985405	207.34007013671476	3181.38659126949
600103221.2273525	145886744168.45078	162312091958.75067	2222402681.5052447	-15067.500763845052	17317.507146866003	208.87521688879343	3179.510390532772
600160821.2273525	145016010681.02786	163306570957.6259	2234478570.6300716	-15166.18637271864	17212.96053349616	210.42972522138905	3177.6307625745753
600218421.2273525	144139612657.87988	164295018935.07422	2246644559.7651296	-15264.186588141922	17108.09739991376	212.00370816705728	3175.747709193829
600276021.2273525	143257589481.4777	165277417783.02454	2258901773.863577	-15361.504751881068	17002.922020290996	213.5972770928333	3173.8612290584388
600333621.2273525	142369980341.5106	166253749637.21942	2271251344.244536	-15458.144215797547	16897.438586254186	215.2105416662616	3171.971317678119
600391221.2273525	141476824234.33548	167223996872.46915	2283694408.4942102	-15554.108340784924	16791.651207210885	216.8436098213122	3170.077967378152
600448821.2273525	140578159962.48688	168188142097.92642	2296232110.365056	-15649.400495715123	16685.56391068412	218.4965877241872	3168.1811672741314
600506421.2273525	139674026134.2477	169146168152.37885	2308865599.672967	-15744.024056393699	16579.180642653584	220.16957973901827	3166.2809032477253
600564021.2273525	138764461163.27972	170098058099.5626	2321596032.1924872	-15837.982404524397	16472.50526790368	221.86268839345777	3164.377157923519
600621621.2273525	137849503268.31308	171043795223.49533	2334424569.550033	-15931.278926682851	16365.541570378224	223.5760143441674	3162.469910646974
600679221.2273525	136929190472.89555	171983363023.8306	2347352379.115132	-16023.917013299253	16258.293253541682	225.30965634220468	3160.5591374635596
600736821.2273525	136003560605.19931	172916745211.23193	2360380633.8896527	-16115.90005765007	16150.763940746841	227.0637111983096	3158.6448110991
600794421.2273525	135072651297.88571	173843925702.77032	2373510512.395054	-16207.231454858738	16042.95717560864	228.83827374809653	3156.726900941389
600852021.2273525	134136499988.02762	174764888617.34137	2386743198.557598	-16297.914600905196	15934.876422384248	230.63343681715068	3154.8053730231195
600909621.2273525	133195143917.08844	175679618271.10553	2400079881.591576	-16387.952891644225	15826.525066359034	232.44929118603272	3152.8801900061767
600967221.2273525	132248620130.95735	176588099172.951	2413521755.8805	-16477.34972183261	15717.906414238454	234.28592555519438	3150.951311167343
601024821.2273525	131296965480.04028	177490316019.9783	2427070020.8562765	-16566.108484164957	15609.023694545653	236.14342650980763	3149.0186923854626
601082421.2273525	130340216619.40614	178386253693.00922	2440725880.8763533	-16654.232568318173	15499.880058024686	238.02187848450868	3147.0822861301103
601140021.2273525	129378410008.98837	179275897252.1179	2454490545.098828	-16741.725360004446	15390.47857804926	239.92136372806033	3145.1420414518198
601197621.2273525	128411581913.83994	180159231932.1865	2468365227.355524	-16828.59024003282	15280.822251036798	241.84196226793503	3143.1979039739044
601255221.2273525	127439768404.44281	181036243138.48477	2482351146.0230255	-16914.830583379153	15170.913996867846	243.78375187482126	3141.249815885927
601312821.2273525	126463005357.07045	181906916442.27335	2496449523.8916564	-17000.449758264436	15060.756659310564	245.746808027055	3139.2977159388533
601370421.2273525	125481328454.20343	182771237576.4321	2510661588.0324183	-17085.451125241412	14950.353006450354	247.73120387498005	3137.3415394419376
601428021.2273525	124494773184.99689	183629192431.11337	2524988569.66187	-17169.838036289457	14839.705731124308	249.73701020523876	3135.3812182613774
601485621.2273525	123503374845.80043	184480767049.42056	2539431704.0049496	-17253.613833917632	14728.817451360628	251.76429540499691	3133.416680820778
601543221.2273525	122507168540.72931	185325947623.11108	2553992230.155724	-17336.781850275675	14617.690710822739	253.8131254261031	3131.447852103462
601600821.2273525	121506189182.28642	186164720488.32718	2568671390.936099	-17419.34540627327	14506.327979257992	255.88356374918882	3129.4746536566618
601658421.2273525	120500471492.03499	186997072121.35016	2583470432.752424	-17501.307810707003	14394.731652951046	257.97567134770827	3127.4970035976253
601716021.2273525	119490050001.32114	187822989134.38235	2598390605.4500456	-17582.672359395372	14282.904055181642	260.08950665192293	3125.514816621666
601773621.2273525	118474959052.04622	188642458271.3561	2613433162.1657906	-17663.44233432149	14170.847436686718	262.2251255128327	3123.5280040121847
601831221.2273525	117455232797.4882	189455466403.76788	2628599359.178352	-17743.62100278362	14058.56397612692	264.382581166056	3121.5364736526917
601888821.2273525	116430905203.17198	190262000526.54034	2643890455.7565994	-17823.21161655322	13946.055780557292	266.5619241956629	3119.540130040844
601946421.2273525	115402010047.78735	191062047753.91193	2659307714.0058165	-17902.217411040765	13833.324885902024	268.7632024979621	3117.538874304525
602004021.2273525	114368580924.15575	191855595315.35315	2674852398.711834	-17980.64160446886	13720.373257433384	270.98646124524544	3115.5326042199767
602061621.2273525	113330651240.24358	192642630551.51102	2690525777.1830873	-18058.487397053006	13607.202790254561	273.23174284949425	3113.5212142319992
602119221.2273525	112288254220.223	193423140910.18112	2706329119.090567	-18135.757970189537	13493.815309786438	275.4990869260467	3111.5045954762277
602176821.2273525	111241422905.57906	194197113942.30838	2722263696.305696	-18212.45648565101	13380.212572258231	277.7885302572324	3109.48263580349
602234421.2273525	110190190156.26279	194964537298.01566	2738330782.736095	-18288.586084788698	13266.396265201874	280.1001067559757	3107.4552198062474
602292021.2273525	109134588651.89099	195725398722.66104	2754531654.1592546	-18364.149887742242	13152.368007950228	282.43384742936973	3105.422228847117
602349621.2273525	108074650892.98973	196479686052.92404	2770867588.054109	-18439.150992656436	13038.129352138796	284.7897803422252	3103.383541089469
602407221.2273525	107010409202.28413	197227387212.92105	2787339863.43052	-18513.592474904963	12923.68178221117	287.16793058059744	3101.3390315300912
602464821.2273525	105941895726.03204	197968490210.34933	2803949760.6566343	-18587.47738632105	12809.026715928012	289.56832021529146	3099.288572033901
602522421.2273525	104869142435.40231	198702983132.6608	2820698561.2841644	-18660.80875443493	12694.165504879496	291.99096826535157	3097.232031370693
602580021.2273525	103792181127.89557	199430854143.26593	2837587547.871554	-18733.589581718254	12579.0994350012	294.43589066153686	3095.169275253898
602637621.2273525	102711043428.81035	200152091477.76654	2854618003.805036	-18805.822844834944	12463.829727093487	296.9031002097844	3093.1001663813217
602695221.2273525	101625760792.74995	200866683440.2193	2871791213.117597	-18877.511493898943	12348.357537344124	299.3926065546654	3091.0245644778433
602752821.2273525	100536364505.17368	201574618399.42905	2889108460.305825	-18948.658451738345	12232.683957854326	301.90441614283503	3088.942326340028
602810421.2273525	99442885683.98924	202275884785.2724	2906571030.1446557	-19019.266613166088	12116.810017168053	304.43853218648036	3086.8533058826224
602868021.2273525	98345355281.18736	202970471085.05273	2924180207.5000196	-19089.338844257083	12000.736680804519	306.9949546267694	3084.757354186886
602925621.2273525	97243804084.51768	203658365839.8851	2941937277.1393757	-19158.877981631616	11884.464851793942	309.57368009730135	3082.654319550714
602983221.2273525	96138262719.20584	204339557641.11185	2959843523.5401397	-19227.886831745185	11767.995371216504	312.17470188756795	3080.5440475405
603040821.2273525	95028761649.71133	205014035126.75113	2977900230.696023	-19296.368170184356	11651.329018744374	314.7980099064189	3078.4263810446846
603098421.2273525	93915331181.52563	205681786977.97424	2996108681.9212403	-19364.324740968907	11534.46651318698	317.4435906455441	3076.3011603289315
603156021.2273525	92798001463.01038	206342801915.61612	3014470159.652639	-19431.759255859997	11417.408513039278	320.1114271429698	3074.1682230928695
603213621.2273525	91676802487.27545	206997068696.71762	3032985945.2497163	-19498.674393674348	11300.155617033151	322.8014989465731	3072.0274045283372
603271221.2273525	90551764094.09587	207644576111.09827	3051657318.7925377	-19565.07279960437	11182.708364691873	325.5137820776194	3069.878537379062
603328821.2273525	89422915971.86812	208285312977.96246	3070485558.8775473	-19630.957084544207	11065.067236887566	328.24824899432326	3067.7214520016996
603386421.2273525	88290287659.60509	208919268142.53732	3089471942.4112997	-19696.329824421515	10947.232656401766	331.0048685554388	3065.5559764281666
603444021.2273525	87153908548.96927	209546430472.74225	3108617744.4020696	-19761.193559535037	10829.204988488933	333.78360598387883	3063.3819364291835
603501621.2273525	86013807886.34363	210166788855.89258	3127924237.7493906	-19825.550793897957	10710.98454144301	336.58442283037107	3061.199155578954
603559221.2273525	84870014774.9408	210780332195.43405	3147392693.0314837	-19889.40399458667	10592.571567166951	339.4072769371482	3059.0074553209
603616821.2273525	83722558176.94894	211387049407.71237	3167024378.2906165	-19952.755591095367	10473.966261745243	342.2521224016814	3056.8066550343683
603674421.2273525	82571466915.7154	211986929418.77332	3186820558.8163404	-20015.60797469591	10355.168766019477	345.1189095404553	3054.596572102225
603732021.2273525	81416769677.966	212579961161.1983	3206782496.926685	-20077.96349780331	10236.17916616679	348.0075848527904	3052.3770219792555
603789621.2273525	80258495016.06169	213166133570.97217	3226911451.747232	-20139.824473346525	10116.997494281382	350.9180909847149	3050.1478182612823
603847221.2273525	79096671350.29094	213745435584.3849	3247208678.988141	-20201.193174144624	9997.623728959003	353.85036669289104	3047.9087727549113
603904821.2273525	77931326971.19801	214317856134.96652	3267675430.71907	-20262.07183228816	9878.057795884424	356.80434680859435	3045.6596955478235
603962421.2273525	76762490041.94626	214883384150.45734	3288312955.1420493	-20322.462638525918	9758.299568421895	359.77996220175703	3043.4003950795222
604020021.2273525	75590188600.71725	215442008549.81058	3309122496.3622656	-20382.367741656668	9638.34886820863	362.77713974506855	3041.1306782124484
604077621.2273525	74414450563.14449	215993718240.2303	3330105294.156794	-20441.78924792616	9518.205465751307	365.79580227814677	3038.850350303377
604135221.2273525	73235303724.78127	216538502114.24374	3351262583.7412596	-20500.729220429148	9397.869081025585	368.8358685717758	3036.559215275008
604192821.2273525	72052775763.60399	217076349046.8078	3372595595.5344462	-20559.189678516417	9277.339384078674	371.89725329221534	3034.2570756876653
604250421.2273525	70866894242.5482	217607247892.45062	3394105554.920846	-20617.172597206845	9156.615995634995	374.9798669655887	3031.9437328110216
604308021.2273525	69677686612.07925	218131187482.44818	3415793682.01117	-20674.67990660432	9035.698487704856	378.08361594234634	3029.61898669576
604365621.2273525	68485180212.795876	218648156622.03622	3437661191.4008064	-20731.713491319602	8914.586384196256	381.20840236181266	3027.282636245098
604423221.2273525	67289402278.06713	219158144087.65668	3459709291.9262357	-20788.275189897042	8793.279161529841	384.35412411681966	3024.9344792860848
604480821.2273525	66090379936.70235	219661138624.24072	3481939186.4194202	-20844.366794246016	8671.776249256949	387.5206748184272	3022.5743126406046
604538421.2273525	64888140215.653595	220157128942.5266	3504352071.460162	-20899.99004907719	8550.077030680872	390.7079437607354	3020.201932195999
604596021.2273525	63682710042.750175	220646103716.4138	3526949137.126427	-20955.146651343508	8428.180843481243	393.91581588579373	3017.817132975239
604653621.2273525	62474116249.46586	221128051580.35352	3549731566.7426696	-21009.838249685825	8306.086980341752	397.1441717486077	3015.4197092065824
604711221.2273525	61262385573.717094	221602961126.77454	3572700536.626125	-21064.066443883214	8183.794689580984	400.39288748224675	3013.0094543926325
604768821.2273525	60047544662.693474	222070820903.54648	3595857215.8311076	-21117.832784307902	8061.303175786656	403.6618347630595	3010.586161378748
604826421.2273525	58829620075.71912	222531619411.47873	3619202765.8913016	-21171.138771384743	7938.611600453114	406.95088077599485	3008.149622420732
604884021.2273525	57608638287.14482	222985345101.8575	3642738340.5600657	-21223.985855055336	7815.719082622172	410.25988818003765	3005.6996292517438
604941621.2273525	56384625689.271576	223431986374.01837	3666465085.548738	-21276.37543424653	7692.624699527372	413.58871507375727	3003.235973148374
604999221.2273525	55157608595.30402	223871531572.95697	3690384138.262972	-21328.308856343556	7569.327487241662	416.9372149609771	3000.758444995833
605056821.2273525	53927613242.33453	224303968986.97684	3714496627.537086	-21379.787416667565	7445.826441328539	420.30523671656334	2998.266835352203
605114421.2273525	52694665794.35646	224729286845.37564	3738803673.366469	-21430.812357957657	7322.12051749662	423.6926245523424	2995.7609345117
605172021.2273525	51458792345.30842	225147473316.16693	3763306386.637992	-21481.384869857255	7198.208632257918	427.0992179831443	2993.2405325669097
605229621.2273525	50220018922.14703	225558516503.8429	3788005868.858493	-21531.50608840498	7074.089663589581	430.52485179297923	2990.7054194699563
