573319221.2273525	-141584065527.568	45684190946.16821	-21033367.71882826	-9932.9943164093	-28939.53050481743	0.9006915533942349	4000.0
573434421.2273525	-142690241134.2156	42336816839.75338	-20922394.757924028	-9270.511939639267	-29172.014096689512	1.0276633338953305	3996.13760369989
573549621.2273525	-143719784424.9303	38963558171.79981	-20796186.080422856	-8602.637698524159	-29388.89196752315	1.165259823717061	3992.2229260882655
573664821.2273525	-144672096986.25742	35566220559.77378	-20653497.43185802	-7929.766890176269	-29590.029856371984	1.3138314382338194	3988.254997396208
573780021.2273525	-145546626175.23923	32146624455.262093	-20493044.818919662	-7252.298787466674	-29775.30451222867	1.4737176309288664	3984.232984585733
573895221.2273525	-146342865557.7057	28706603867.263493	-20313505.78643732	-6570.636295697742	-29944.603837229428	1.6452466491584317	3980.1561875488155
574010421.2273525	-147060355306.66742	25248005069.678524	-20113520.721869323	-5885.18560330577	-30097.827017742522	1.8287353008469749	3976.0240351201364
574125621.2273525	-147698682560.14597	21772685294.408478	-19891694.186036926	-5196.355827074904	-30234.884643065452	2.024488732159902	3971.8360809617766
574240821.2273525	-148257481737.84262	18282511411.506794	-19646596.26883634	-4504.558652357686	-30355.698811479026	2.232800216195362	3967.591999369527
574356021.2273525	-148736434816.0957	14779358597.852526	-19376763.968656853	-3810.207968809582	-30460.20322342683	2.4539509527320633	3963.291581042589
574471221.2273525	-149135271560.64206	11265108995.840744	-19080702.59422969	-3113.7195021564175	-30548.343261612255	2.688209879065309	3958.934728851283
574586421.2273525	-149453769716.7552	7741650363.609368	-18756887.187628582	-2415.510442524246	-30620.076057827835	2.9358334919588933	3954.521453631016
574701621.2273525	-149691755156.39243	4210874718.3377438	-18403763.96713986	-1715.9990698696224	-30675.370546355465	3.1970656807356628	3950.0518700251337
574816821.2273525	-149849101982.05444	674676974.1751649	-18019751.788718294	-1015.6043770573621	-30714.20750380123	3.4721375715249345	3945.5261923944363
574932021.2273525	-149925732587.11118	-2865046423.633414	-17603243.624742184	-314.74569113864675	-30736.5795752515	3.761267382680306	3940.9447308069234
575047221.2273525	-149921617672.4248	-6406398866.842628	-17152608.059110023	386.15770661143097	-30742.4912866641	4.064660290844002	3936.3078871178104
575162421.2273525	-149836776219.1539	-9947484952.933159	-16666190.795764677	1086.6869613336114	-30731.95904343159	4.382508310320049	3931.6161511468695
575277621.2273525	-149671275417.69833	-13486411852.874529	-16142316.18256297	1786.4240253351838	-30705.01111508115	4.714990180450548	3926.8700969576803
575392821.2273525	-149425230552.80133	-17021290676.326176	-15579288.746043898	2484.952038383469	-30661.68760609981	5.062271266283791	3922.070379241353
575508021.2273525	-149098804844.89548	-20550237832.678947	-14975394.737363018	3181.855706973293	-30602.040412900464	5.424503469883431	3917.217729805653
575623221.2273525	-148692209247.84448	-24071376386.342777	-14328903.687801426	3876.721682000443	-30526.133166969626	5.801825152791265	3912.3129541691596
575738421.2273525	-148205702203.294	-27582837404.6915	-13638069.972565453	4569.13893427499	-30434.041164263417	6.1943610696246445	3907.356928259059
575853621.2273525	-147639589351.9172	-31082761297.087727	-12901134.381595684	5258.699127312109	-30325.85128094478	6.602222312785014	3902.35059521042
575968821.2273525	-146994223201.89594	-34569299143.4174	-12116325.69610691	5944.996986841597	-30201.661875578913	7.02550626824925	3897.2949622642045
576084021.2273525	-146270002755.05246	-38040614010.585945	-11281862.269584082	6627.63066648452	-30061.582677931157	7.464296582411227	3892.191097760862
576199221.2273525	-145467373091.10022	-41494882255.439156	-10395953.611963337	7306.202109051128	-29905.734664534353	7.91866313993628	3887.040128226093
576314421.2273525	-144586824910.55185	-44930294812.59636	-9456801.975731986	7980.3174029233005	-29734.249921218743	8.388662052586765	3881.843235545198
576429621.2273525	-143628894036.88086	-48345058465.70725	-8462603.942685826	8649.58713299414	-29547.271492820975	8.87433565897246	3876.601654222353
576544821.2273525	-142594160878.59265	-51737397100.666954	-7411552.010088597	9313.62672564765	-29344.953220312153	9.375712535175092	3871.316668721171
576660021.2273525	-141483249851.92227	-55105552939.35718	-6301836.174983617	9972.056787273761	-29127.459565608213	9.892807516191597	3865.98961088294
576775221.2273525	-140296828764.93048	-58447787752.508934	-5131645.515414841	10624.50343582651	-28894.96542434786	10.42562172813678	3860.6218574190434
576890421.2273525	-139035608163.82858	-61762384050.31913	-3899169.7673215787	11270.598624947266	-28647.655926945365	10.974142631141	3855.214827474197
577005621.2273525	-137700340642.41498	-65047646249.488464	-2602600.895878563	11909.980460190023	-28385.726228245883	11.538344072874681	3849.769980257275
577120821.2273525	-136291820115.55795	-68301901815.38826	-1240134.6600613045	12542.29350690182	-28109.381286131356	12.118186352626871	3844.2888127366846
577236021.2273525	-134810881057.71375	-71523502378.10312	190027.83077449922	13167.18908932797	-27818.835629444508	12.71361629586071	3838.7728573974096
577351221.2273525	-133258397707.51118	-74710824821.14192	1689678.5695020084	13784.325580530063	-27514.313115615732	13.324567339164432	3833.2236800570377
577466421.2273525	-131635283239.48761	-77862272341.65382	3260601.114213404	14393.36868272327	-27196.046678396662	13.950959625512464	3827.6428777382635
577581621.2273525	-129942488904.09854	-80976275481.03262	4904569.062773544	14993.991697658596	-26864.2780661188	14.59270010974659	3822.0320765955375
577696821.2273525	-128181003137.17024	-84051293124.84456	6623344.54010941	15585.875786696573	-26519.25757091241	15.249682674183331	3816.3929298937182
577812021.2273525	-126351850640.00226	-87085813471.06183	8418676.699395882	16168.71022023907	-26161.24374933438	15.921788254249305	3810.7271160367477
577927221.2273525	-124456091431.36227	-90078354965.64058	10292300.238287674	16742.192616208013	-25790.50313486683	16.608884974042404	3805.0363366445367
578042421.2273525	-122494819872.65446	-93027467204.53271	12245933.931334384	17306.02916728128	-25407.30994276135	17.31082829171237	3799.3223146764026
578157621.2273525	-120469163667.56934	-95931731801.27852	14281279.179703815	17859.934856619046	-25011.94576771307	18.027461154550465	3793.5867925995494
578272821.2273525	-118380282837.55812	-98789763219.3815	16400018.57932531	18403.633661836364	-24604.699274860264	18.758614163673887	3787.8315306012173
578388021.2273525	-116229368674.4954	-101600209568.7262	18603814.508551765	18936.858747001323	-24185.86588461231	19.504105748186642	3782.0583048432572
578503221.2273525	-114017642671.92583	-104361753365.35817	20894307.73642508	19459.352642461898	-23755.747451817704	20.26374234869469	3776.268905758003
578618421.2273525	-111746355436.3004	-107073112254.0009	23273116.052615047	19970.867412327658	-23314.651939788197	21.03731861004927	3770.4651363844296
578733621.2273525	-109416785579.64075	-109733039692.75107	25741832.92008794	20471.164809457714	-22862.89308970227	21.824617583188576	3764.6488107436808
578848821.2273525	-107030238595.0724	-112340325599.44708	28302026.15154473	20960.01641782913	-22400.790085913235	22.625410935944124	3758.8217522531404
578964021.2273525	-104588045716.68999	-114893796959.27089	30955236.610653993	21437.203782184937	-21928.667217690745	23.43945917267444	3752.9857921783114
579079221.2273525	-102091562765.2229	-117392318393.20204	33702976.939088345	21902.518524884814	-21446.853537925796	24.266511862585048	3747.1427681218383
579194421.2273525	-99542168980.9805	-119834792687.00598	36546730.31035689	22355.76244990532	-20955.68251932944	25.10630787659015	3741.294522549075
579309621.2273525	-96941265845.55707	-122220161280.49637	39487949.21140867	22796.74763396055	-20455.491708654496	25.9585756325676	3735.4429013496597
579424821.2273525	-94290275893.78246	-124547404716.87598	42528054.25296605	23225.296504737773	-19946.622379467528	26.823033348855606	3729.589752434619
579540021.2273525	-91590641517.40176	-126815543052.01875	45668433.009528175	23641.241906265954	-19429.419183995356	27.699389305835847	3723.736924368559
579655221.2273525	-88843823761.96309	-129023636223.6152	48910438.889966704	24044.42715145789	-18904.229804565563	28.587342115444354	3717.88626503655
579770421.2273525	-86051301118.38905	-131170784380.16608	52255390.03961812	24434.706061889672	-18371.404605155643	29.486580998448115	3712.039620345347
579885621.2273525	-83214568310.6958	-133256128169.86491	55704568.27475822	24811.942994903235	-17831.29628355839	30.3967860693222	3706.1988329586075
580000821.2273525	-80335135081.31627	-135278848989.46933	59259218.05032343	25176.01285813948	-17284.25952466456	31.31762862855882	3700.365741065807
580116021.2273525	-77414524975.4665	-137238169193.31895	62920545.46172639	25526.801111630535	-16730.650655354242	32.24877146223639	3694.5421771845618
580231221.2273525	-74454274125.9796	-139133352262.71207	66689717.281591676	25864.20375760071	-16170.827301479849	33.18986914867389	3688.729966996089
580346421.2273525	-71455930040.01604	-140963702935.9105	70567860.03221756	26188.1273181452	-15605.14804741327	34.14056837199267	3682.9309282135478
580461621.2273525	-68421050389.034294	-142728567299.09412	74556059.09454933	26498.488800975178	-15033.972098618098	35.10050824240421	3677.146869483009
580576821.2273525	-65351201803.38429	-144427332838.63922	78655357.8544285	26795.215653436542	-14457.658947696202	36.06932062304051	3671.3795893168094
580692021.2273525	-62247958672.86316	-146059428455.1468	82866756.88686037	27078.245705027293	-13876.568044345237	37.046630463139884	3665.6308750590497
580807221.2273525	-59112901954.544624	-147624324439.69583	87191213.17902231	27347.527098655682	-13291.058469649925	38.032056137398584	3659.902501882992
580922421.2273525	-55947617989.16232	-149121532412.84357	91629639.39271037	27603.018210897553	-12701.48861511596	39.02520979129587	3654.196231820114
581037621.2273525	-52753697327.301285	-150550605226.94348	96182903.16690286	27844.687561526815	-12108.215866840492	40.02569769219739	3648.513812820567
581152821.2273525	-49532733566.614426	-151911136832.39316	100851826.46109384	28072.513712607288	-11511.596295197756	41.03312058603883	3642.856977844786
581268021.2273525	-46286322201.2517	-153202762108.46927	105637184.94002864	28286.485157448406	-10911.98435040257	42.04707405939003	3637.2274439859793
581383221.2273525	-43016059484.64931	-154425156659.4471	110539707.40044932	28486.600199739507	-10309.732564297927	43.06714890669618	3631.626911623234
581498421.2273525	-39723541306.79337	-155578036576.73993	115560075.24043457	28672.8668231898	-9705.191258696002	44.09293150249098	3626.0570636049406
581613621.2273525	-36410362087.03133	-156661158167.83197	120698921.97189537	28845.30255201182	-9098.70826058486	45.124004178374186	3620.5195644622468
581728821.2273525	-33078113683.46701	-157674317652.81317	125956832.77676219	29003.934302596415	-8490.628624495484	46.15994560454353	3615.016059652224
581844021.2273525	-29728384319.93185	-158617350829.3557	131334344.10737728	29148.798226736362	-7881.294362305733	47.200331175668595	3609.548174830426
581959221.2273525	-26362757531.48793	-159490132707.0058	136831943.3315793	29279.939546764046	-7271.044180740319	48.244733400892706	3604.117515152495
582074421.2273525	-22982811129.368923	-160292577111.68948	142450068.4229438	29397.412382975534	-6660.213226806847	49.29272229774587	3598.725664604466
582189621.2273525	-19590116186.229378	-161024636261.36127	148189107.69661695	29501.2795737203	-6049.132841390387	50.34386578975074	3593.3741853613938
582304821.2273525	-16186236042.52346	-161686300313.746	154049399.59115553	29591.612488540653	-5438.13032121015	51.39773010750078	3588.064617173916
582420021.2273525	-12772725334.79091	-162277596887.1492	160031232.49676087	29668.490834749868	-4827.528689323354	52.45388019298863	3582.7984767823564
582535221.2273525	-9351129046.585749	-162798590555.33005	166134844.630268	29732.00245784135	-4217.646474343299	53.51188010696046	3577.577257357939
582650421.2273525	-5922981582.7327385	-163249382317.44867	172360423.95722434	29782.243136123787	-3608.7974985196297	54.5712934390702	3572.4024279706828
582765621.2273525	-2489805867.5565553	-163630109044.11783	178708108.16137004	29819.316369979475	-3001.2906748112036	55.63168372060673	3567.275433083528
582880821.2273525	946887532.3220862	-163940942900.6005	185177984.6618009	29843.333166143224	-2395.429813063068	56.69261483956435	3562.1976920722122
582996021.2273525	4385601260.070106	-164182090748.20798	191770090.67807132	29854.411817400112	-1791.513435381984	57.753651457826344	3557.1705987704267
583111221.2273525	7824851995.103423	-164353793524.96313	198484413.34346735	29852.67767809902	-1189.8346007861808	58.81435943022943	3552.195521039736
583226421.2273525	11263171253.464725	-164456325606.6	205320889.86665356	29838.26293587771	-590.6807391884415	59.87430622527583	3547.273800363747
583341621.2273525	14699106161.705128	-164489994148.9781	212279407.74186894	29811.306379992704	5.666505246102133	60.9330613472582	3542.4067514659905
583456821.2273525	18131220203.899975	-164455138412.99298	219359805.00782254	29771.95316664441	598.931421342551	61.99019675956191	3537.5956619509593
583572021.2273525	21558093941.476192	-164352129073.06607	226561870.55540872	29720.35458168374	1188.8443687511167	63.0452873089071	3532.84179196773
583687221.2273525	24978325705.570892	-164181367510.29755	233885344.48433888	29656.66780108251	1775.1419063820158	64.09791115029321	3528.1463738955795
583802421.2273525	28390532261.685097	-163943285091.3641	241329918.50875574	29581.055649544403	2357.5669114636935	65.14765017240656	3523.5106120509886
583917621.2273525	31793349446.440575	-163638342434.23938	248895236.41186878	29493.686357627645	2935.8686892632345	66.19409042325115	3518.935682415401
584032821.2273525	35185432776.28888	-163267028661.80972	256580894.54962468	29394.733317744263	3509.8030735221687	67.23682253576254	3514.4227323830933
584148021.2273525	38565458028.06386	-162829860644.45206	264386442.40339556	29284.37483939362	4079.1325176752625	68.27544215316253	3509.9728805284817
584263221.2273525	41932121791.31049	-162327382232.6296	272311383.18164146	29162.79390398078	4643.626176933718	69.30955035381342	3505.5872163921786
584378421.2273525	45284141992.36008	-161760163480.55377	280355174.47047514	29030.177919562037	5203.0599813269855	70.33875407532894	3501.266800285073
584493621.2273525	48620258390.165405	-161128799861.94745	288517228.93303174	28886.71847585156	5757.21669981059	71.36266653769871	3497.012663109696
584608821.2273525	51939233043.942444	-160433911478.93155	296796915.0575108	28732.611099814327	6305.885995558937	72.38090766518293	3492.825806198094
584724021.2273525	55239850752.705605	-159676142265.0441	305193557.9537417	28568.055012161207	6848.864472573712	73.39310450673322	3488.707201165396
584839221.2273525	58520919466.81808	-158856159183.38245	313706440.1980815	28393.252885052312	7385.9557137496795	74.39889165469592	3484.65778977823
584954421.2273525	61781270671.71312	-157974651420.8463	322334802.72643924	28208.410601305008	7916.970310549434	75.39791166155345	3480.6784838370995
585069621.2273525	65019759743.977	-157032329579.43686	331077845.77518266	28013.737015392384	8441.725884448959	76.38981545445928	3476.770165071768
585184821.2273525	68235266280.01497	-156029924865.55185	339934729.8696618	27809.44371650787	8960.047100324553	77.37426274732267	3472.9336850486607
585300021.2273525	71426694397.55411	-154968188278.1938	348904576.8600501	27595.7447939605	9471.76567196042	78.3509224501985	3469.169865089205
585415221.2273525	74592973010.26674	-153847889796.9885	357986471.00418246	27372.856605154644	9976.720359864103	79.31947307573841	3465.4794961979683
585530421.2273525	77733056075.8244	-152669817570.88983	367179460.0970335	27140.997546396906	10474.756961584011	80.27960314245966	3461.863338999345
585645621.2273525	80845922817.72461	-151434777108.4206	376482556.64645886	26900.38782676138	10965.728294730608	81.23101157458755	3458.322123681437
585760821.2273525	83930577921.25179	-150143590470.28162	385894739.0947884	26651.249245233477	11449.494172908002	82.17340809822934	3454.856549945639
585876021.2273525	86986051703.96541	-148797095465.13	395414953.0858363	26393.804971340647	11925.921374769288	83.1065136336363	3451.4672869602837
585991221.2273525	90011400261.12651	-147396144849.3093	405042112.7768624	26128.279329467296	12394.883606412935	84.03006068331231	3448.154973316503
586106421.2273525	93005705586.4988	-145941605531.28284	414775102.1949927	25854.897587039235	12856.261457342735	84.94379371572771	3444.920216984235
586221621.2273525	95968075668.97946	-144434357781.50226	424612776.63758	25573.885746751923	13309.94235021688	85.84746954439757	3441.763595266029
586336821.2273525	98897644565.53616	-142875294448.41037	434553964.1159542	25285.470343005014	13755.820484615664	86.74085770208508	3438.6856547459483
586452021.2273525	101793572450.94206	-141265320181.25577	444597466.8419899	24989.878242694343	14193.796775059458	87.62374080989062	3435.6869112304726
586567221.2273525	104655045644.8204	-139605350660.36804	454742062.756887	24687.336450501385	14623.778783511218	88.49591494098931	3432.767849677767
586682421.2273525	107481276616.52362	-137896311835.51453	464986507.10153323	24378.071918808648	15045.680646599165	89.35718997877967	3429.928924111073
586797621.2273525	110271503968.38664	-136139139172.93419	475329534.02779293	24062.31136235869	15459.422997796595	90.20738996920828	3427.170557511174
586912821.2273525	113024992397.90755	-134334776911.61537	485769858.2500374	23740.281077763364	15864.93288479641	91.04635346703552	3424.493141681929
587028021.2273525	115741032639.41965	-132484177329.3571	496306176.7362033	23412.206767958985	16262.14368231819	91.8739338758099	3421.8970370816187
587143221.2273525	118418941385.8296	-130588300019.12704	506937170.4376442	23078.313371692875	16650.99500058538	92.68999978131858	3419.3825726113187
587258421.2273525	121058061191.0065	-128648111176.20082	517661506.0570085	22738.824898115854	17031.432589709504	93.49443527828453	3416.9500453495343
587373621.2273525	123657760353.41219	-126664582896.54044	528477837.85335124	22393.96426654562	17403.408240217195	94.2871402900814	3414.599720219818
587488821.2273525	126217432781.5739	-124638692486.8434	539384809.4836667	22043.953151455455	17766.8796799544	95.06803088123887	3412.331829574854
587604021.2273525	128736497842.00209	-122571421786.66537	550381055.8799925	21689.011832733428	18121.81046760019	95.83703956251358	3410.1465726762717
587719221.2273525	131214400190.16393	-120463756502.99492	561465205.1612228	21329.35905124754	18468.16988302044	96.59411558830193	3408.0441150439565
587834421.2273525	133650609585.12416	-118316685557.63002	572635880.5787275	20965.21186974323	18805.932814688906	97.33922524617306	3406.0245876413337
587949621.2273525	136044620688.47046	-116131200447.68219	583891702.4948632	20596.78553909064	19135.079644400575	98.07235213830229	3404.088085853405
588064821.2273525	138395952848.13776	-113908294619.50656	595231290.393429	20224.293369890496	19455.59612949875	98.79349745458795	3402.2346682012453
588180021.2273525	140704149867.75146	-111648962856.33261	606653264.9210954	19847.946609439045	19767.473282833842	99.50268023723515	3400.464354718868
588295221.2273525	142968779762.10468	-109354200679.84366	618156249.9588104	19467.954324044596	20070.707250668216	100.19993763659411	3398.7771248938516
588410421.2273525	145189434499.38602	-107025003765.92978	629738874.7221653	19084.523286680247	20365.299188737303	100.88532515804107	3397.172915038923
588525621.2273525	147365729730.77155	-104662367374.81522	641399775.8896755	18697.857869950258	20651.25513667292	101.55891689969391	3395.6516149133336
588640821.2273525	149497304507.99088	-102267285795.73648	653137599.7579077	18308.15994434018	20928.585890990336	102.2208057807557	3394.213063343515
588756021.2273525	151583820989.4742	-99840751806.32587	664951004.4223632	17915.628781714167	21197.30687683603	102.87110376028251	3392.8570424914355
588871221.2273525	153624964135.68277	-97383756146.83154	676838661.9830004	17520.460964016373	21457.438018687983	103.50994204617426	3391.5832702693738
588986421.2273525	155620441394.21893	-94897287009.28442	688799260.7732631	17122.850297127286	21709.00361019569	104.1374712941901	3390.391390173954
589101621.2273525	157569982375.30685	-92382329541.70027	700831507.6114497	16722.987729819884	21952.032183341682	104.75386179679239	3389.2809574649464
589216821.2273525	159473338518.22757	-89839865367.38498	712934130.0732408	16321.061277755001	22186.556377101177	105.35930366162644	3388.251420069036
589332021.2273525	161330282749.2861	-87270872119.3909	725105878.7841852	15917.255952450158	22412.61280577101	105.9540069794455	3387.302091713971
589447221.2273525	163140609131.87787	-84676322990.15257	737345529.730909	15511.753695151188	22630.24192713375	106.53820198129425	3386.4321133634535
589562421.2273525	164904132509.217	-82057186296.31206	749651886.5898103	15104.733315531315	22839.487910616976	107.11213918476614	3385.640396616359
589677621.2273525	166620688140.2763	-79414425058.72508	762023783.07196	14696.370435138235	23040.398505602396	107.67608952915401	3384.925538615967
589792821.2273525	168290131329.48196	-76748996597.62177	774460085.2829251	14286.837435505615	23233.024910033655	108.23034449931522	3384.2856908711215
589908021.2273525	169912337050.6954	-74061852142.88023	786959694.096204	13876.303410841872	23417.421639465996	108.77521623807749	3383.718352013231
590023221.2273525	171487199566.00433	-71353936459.35324	799521547.538942	13464.934125205655	23593.64639669515	109.31103764701369	3383.2200338724747
590138421.2273525	173014632039.83362	-68626187487.173874	812144623.1885774	13052.891974074366	23761.759942097277	109.83816247541728	3382.78572047739
590253621.2273525	174494566148.87817	-65879535996.95116	824827940.5790496	12640.335950209279	23921.825964805706	110.3569653973141	3382.408017844978
590368821.2273525	175926951688.3457	-63114905259.75209	837570563.6151844	12227.42161371826	24073.910954844807	110.86784207634943	3382.075969030988
590484021.2273525	177311756174.98788	-60333210731.75316	850371602.9938463	11814.301066214806	24218.08407633543	111.37120921839285	3381.7739312295967
590599221.2273525	178648964447.38525	-57535359753.43166	863230218.6304352	11401.122928970197	24354.417041880715	111.8675046117066	3381.481793620454
590714421.2273525	179938578263.94092	-54722251263.15476	876145622.089291	10988.03232495369	24482.98398823545	112.35718715452803	3381.1778356286677
590829621.2273525	181180615899.02338	-51894775525.012856	889117079.016539	10575.170864654316	24603.861353356562	112.84073686991897	3380.8428999675616
590944821.2273525	182375111737.68903	-49053813870.73261	902143911.5739074	10162.676635576463	24717.127754926878	113.31865490774008	3380.4627271584413
591060021.2273525	183522115869.40106	-46200238455.49519	915225500.8720258	9750.684195300499	24822.863870438603	113.79146353361108	3380.0277419238196
591175221.2273525	184621693681.1489	-43334912027.475	928361289.4016936	9339.324567998803	24921.152318917993	114.25970610472251	3379.531795820188
591290421.2273525	185673925450.35974	-40458687710.90549	941550783.4615984	8928.725244297046	25012.077544367	114.72394703236802	3378.970994313372
591405621.2273525	186678905937.9823	-37572408802.47024	954793555.5809479	8519.01018437011	25095.725700992763	115.18477173107075	3378.3428866474846
591520821.2273525	187636743982.10715	-34676908580.809525	968089246.9354634	8110.2998241619625	25172.184540290502	115.64278655418155	3377.645956922287
591636021.2273525	188547562092.479	-31773010128.92502	981437569.7551677	7702.711084618652	25241.543300040667	116.09861871583031	3376.879310726906
591751221.2273525	189411496046.24063	-28861526169.259304	994838309.7223923	7296.357383823932	25303.89259527588	116.55291619911661	3376.0424801679214
591866421.2273525	190228694485.23672	-25943258911.219856	1008291328.3584086	6891.348651927268	25359.3243112689	117.00634765043031	3375.135299806545
591981621.2273525	190999318515.19284	-23018999910.912357	1021796565.3970814	6487.79134875458	25407.931498587834	117.45960225979616	3374.157825593817
592096821.2273525	191723541307.0728	-20089529942.842373	1035354041.143929	6085.788483992688	25449.808270260382	117.91338962714197	3373.110280442799
592212021.2273525	192401547700.90393	-17155618883.340471	1048963858.81896	5685.439639839314	25485.04970108466	118.36843961439371	3371.993016707686
592327221.2273525	193033533812.3489	-14218025605.461554	1062626206.881654	5286.84099601145	25513.75172911951	118.82550218330566	3370.8064896592427
592442421.2273525	193619706642.28882	-11277497885.10544	1076341361.336429	4890.0853570059435	25536.011059383396	119.28534721893823	3369.551238281196
592557621.2273525	194160283689.67175	-8334772318.102992	1090109688.0169504	4495.26218150746	25551.925069786743	119.74876433870115	3368.2278710479427
592672821.2273525	194655492567.86765	-5390574248.009119	1103931644.847597	4102.457613840269	25561.591719318716	120.216562686883	3366.8370551603057
592788021.2273525	195105570624.7595	-2445617704.34199	1117807784.080428	3711.754517361738	25565.109458505718	120.6895707145951	3365.3795082263487
592903221.2273525	195510764566.7879	499394648.9941238	1131738754.5059464	3323.232509697008	25562.5771421553	121.1686359450603	3363.8559917001594
593018421.2273525	195871330087.15652	3443771555.366215	1145725303.6359823	2936.9679997159064	25554.093944395463	121.65462472418298	3362.2673056040026
593133621.2273525	196187531498.39297	6386833197.415022	1159768279.8569918	2553.0342261549376	25539.759276016266	122.14842195634222	3360.614284200428
593248821.2273525	196459641369.4486	9327911219.668032	1173868634.5520587	2171.5012977889287	25519.672704117274	122.65093082535313	3358.897792376442
593364021.2273525	196687940167.5113	12266348742.028748	1188027424.1899025	1792.436235058839	25493.9338740612	123.16307250054817	3357.118722567558
593479221.2273525	196872715904.69302	15201500364.407724	1202245812.3791628	1415.9030130641322	25462.64243373136	123.68578582793376	3355.2779920954335
593594421.2273525	197014263789.74454	18132732162.760548	1216525071.8862445	1041.9626058301483	25425.89796008758	124.22002700638426	3353.376540825322
593709621.2273525	197112885884.93893	21059421676.79703	1230866586.6149979	670.6730317629135	25383.799888012574	124.76676924883809	3351.4153290729328
593824821.2273525	197168890768.2556	23980957889.625004	1245271853.5465016	302.08940020596356	25336.447441438188	125.327002428468	3349.395335707255
593940021.2273525	197182593200.98743	26896741199.59052	1259742484.6372204	-63.73604098414489	25283.939566738518	125.9017327098019	3347.3175564084017
594055221.2273525	197154313800.883	29806183384.574795	1274280208.6737974	-426.7538569247745	25226.374868374696	126.49198216477552	3345.1830020488005
594170421.2273525	197084378720.9279	32708707559.00628	1288886873.0827472	-786.917376335537	25163.851546773752	127.09878837370334	3342.992697173037
594285621.2273525	196973119333.8599	35603748123.8442	1303564445.6933157	-1144.1826413847816	25096.467338422066	127.72320401116022	3340.7476785569193
594400821.2273525	196820871922.5023	38490750709.78736	1318315016.4517589	-1498.5083568286786	25024.319458152037	128.3662964167713	3338.4489938303864
594516021.2273525	196627977375.9944	41369172113.95952	1333140799.0853102	-1849.855838515195	24947.5045435986	129.02914715091148	3336.0977001519727
594631221.2273525	196394780891.9875	44238480230.32011	1348044132.7140963	-2198.1889613229046	24866.118601800656	129.71285153532386	3333.6948629249646
594746421.2273525	196121631684.86703	47098153974.04552	1363027483.4092605	-2543.4741066023676	24780.256957920956	130.4185181786693	3331.2415545472686
594861621.2273525	195808882700.05615	49947683200.123856	1378093445.6955693	-2885.680109185537	24690.014206056276	131.1472684870263	3328.738853188487
594976821.2273525	195456890334.44437	52786568616.401764	1393244743.9967527	-3224.778204026347	24595.48416210869	131.90023615936505	3326.187841588878
595092021.2273525	195066014162.98203	55614321691.31941	1408484234.0218687	-3560.7419725334776	24496.759818687213	132.67856666802513	3323.5896058758017
595207221.2273525	194636616671.4726	58430464556.5656	1423814904.090952	-3893.5472886538987	24393.933302008034	133.48341672423194	3320.945234394008
595322421.2273525	194169062995.5871	61234529904.881226	1439239876.398229	-4223.172264763729	24287.095830760594	134.31595372869225	3318.2558165467176
595437621.2273525	193663720666.12045	64026060883.23579	1454762408.2111871	-4549.5971974206395	24176.3376769057	135.1773552073149	3315.522441644931
595552821.2273525	193120959360.5034	66804610981.59758	1470385893.0037868	-4872.804513029769	24061.748128370997	136.06880823210707	3312.7461977627945
595668021.2273525	192541150660.57516	69569743917.5137	1486113861.5221012	-5192.778713473169	23943.415453608497	136.9915088273054	3309.928170597173
595783221.2273525	191924667816.62024	72321033516.71298	1501949982.780705	-5509.506321750376	23821.426867977996	137.94666136080187	3307.0694423298396
595898421.2273525	191271885517.66394	75058063589.93927	1517898064.9881017	-5822.975827675815	23695.86850191983	138.9354779209343	3304.1710904909096
596013621.2273525	190583179668.019	77780427806.22002	1533962056.3995287	-6133.177633676483	23566.825370879586	139.95917767871404	3301.2341868223293
596128821.2273525	189858927170.06763	80487729562.76883	1550146046.095445	-6440.1040007314805	23434.381346947463	141.01898623557156	3298.2597961403685
596244021.2273525	189099505713.26187	83179581851.71805	1566454264.684056	-6743.748994492679	23298.619132174033	142.1161349567025	3295.2489751962103
596359221.2273525	188305293569.3183	85855607123.87201	1582891084.9262135	-7044.1084316241495	23159.62023352432	143.2518602901071	3292.202771533823
596474421.2273525	187476669393.58063	88515437149.66766	1599461022.2810485	-7341.179826395701	23017.46493943171	144.42740307141707	3289.1222223444106
596589621.2273525	186614012032.51733	91158712877.524	1616168735.370704	-7634.962337564236	22872.23229791312	145.64400781461296	3286.008353316803
596704821.2273525	185717700337.32202	93785084289.75919	1633019026.3625581	-7925.456715574517	22724.00009620665	146.9029219887385	3282.862177483251
596820021.2273525	184788112983.57504	96394210256.24715	1650016841.2673163	-8212.665250109361	22572.844841893195	148.20539528072516	3279.6846940601336
596935221.2273525	183825628296.92636	98985758385.98311	1667167270.151385	-8496.591718017195	22418.841745463214	149.5526788444451	3276.476887283182
597050421.2273525	182830624084.75476	101559404876.72275	1684475547.261963	-8777.241331643447	22262.06470429018	150.9460245361177	3273.239725236871
597165621.2273525	181803477473.75345	104114834362.85338	1701947051.0632503	-9054.620687590303	22102.586287972306	152.38668413619766	3269.9741586777172
597280821.2273525	180744564753.39432	106651739761.65431	1719587304.1822677	-9328.73771592784	21940.47772500438	153.87590855788187	3266.6811198512814
597396021.2273525	179654261225.21466	109169822118.09596	1737401973.262715	-9599.601629877905	21775.808890741646	155.41494704237522	3263.36152130276
597511221.2273525	178532941057.87326	111668790448.32552	1755396868.7253823	-9867.222875990436	21608.648296618227	157.00504634106167	3260.016254681125
597626421.2273525	177380977147.91602	114148361581.98062	1773577944.4335845	-10131.61308483057	21439.0630805827	158.6474498847331	3256.6461895368648
597741621.2273525	176198740986.19284	116608260003.46994	1791951297.262173	-10392.785022193213	21267.118998713868	160.34339694003444	3253.2521721134776
597856821.2273525	174986602529.863	119048217692.35373	1810523166.568623	-10650.752540860469	21092.880417980326	162.0941217532873	3249.835024132968
597972021.2273525	173744930079.92645	121467973962.95464	1829299933.56478	-10905.530532915802	20916.41031010756	163.9008526818612	3246.3955415757196
598087221.2273525	172474090164.21585	123867275303.32428	1848288120.5878296	-11157.134882627539	20737.77024651721	165.76481131326778	3242.9344934552423
598202421.2273525	171174447425.7827	126245875213.6865	1867494390.26909	-11405.582419913011	20557.02039430335	167.68721157215776	3239.4526205884335
598317621.2273525	169846364516.61096	128603534044.47528	1886925544.5992367	-11650.890874393312	20374.2195132112	169.66925881540462	3235.9506343621388
598432821.2273525	168490201996.5887	130940018834.08107	1906588523.8886125	-11893.078830047596	20189.42495358451	171.7121489154687	3232.4292154969735
598548021.2273525	167106318237.66913	133255103146.41423	1926490405.6212652	-12132.165680474389	20002.69265524808	173.81706733223615	3228.889012809537
598663221.2273525	165695069333.1496	135548566908.39264	1946638403.2014194	-12368.171584766624	19814.07714729286	175.9851881735354	3225.330641974351
598778421.2273525	164256809011.99884	137820196247.45438	1967039864.591063	-12601.117424005706	19623.631548731475	178.21767324453896	3221.7546842870624
598893621.2273525	162791888558.15976	140069783329.19525	1987702270.8374097	-12831.024758379153	19431.407569992778	180.5156710862627	3218.161685430673
599008821.2273525	161300656734.75647	142297126195.22476	2008633234.4889653	-13057.915784925062	19237.455515224774	182.88031600338167	3214.5521542467955
599124021.2273525	159783459713.13284	144502028601.33273	2029840497.8990064	-13281.81329590604	19041.824285375744	185.3127270815845	3210.9265615141953
599239221.2273525	158240641006.64972	146684299856.05417	2051331931.4152546	-13502.74063781412	18844.561382024465	187.81400719469806	3207.2853387371347
599354421.2273525	156672541409.1693	148843754659.71765	2073115531.4546068	-13720.721671007243	18645.71291193066	190.3852420018125	3203.6288769463185
599469621.2273525	155079498938.15155	150980212944.05685	2095199418.461751	-13935.780729977396	18445.323592278193	193.02749893465128	3199.95752551553
599584821.2273525	153461848782.29327	153093499712.46637	2117591834.7506032	-14147.942584249295	18243.436756583502	195.74182617542562	3196.271590997338
599700021.2273525	151819923253.6332	155183444880.9738	2140301142.2274282	-14357.23239990813	18040.09436124324	198.52925162542752	3192.5713359815672
599815221.2273525	150154051744.05527	157249883120.00235	2163335819.994643	-14563.675701753851	17835.33699269541	201.390781864614	3188.8569779805216
599930421.2273525	148464560686.1138	159292653696.9926	2186704461.8342505	-14767.29833607913	17629.203875169158	204.32740110244362	3185.128688345262
600045621.2273525	146751773518.1122	161311600319.9495	2210415773.569909	-14968.126434067239	17421.73287899924	207.3400701202304	3181.386591217543
600160821.2273525	145016010653.36218	163306570981.97882	2234478570.3067074	-15166.18637580564	17212.960529481923	210.42972520528582	3177.630762522297
600276021.2273525	143257589453.5533	165277417806.87384	2258901773.5476685	-15361.50475491048	17002.922016249802	213.59727707712392	3173.8612290058454
600391221.2273525	141476824206.1633	167223996895.8108	2283694408.1861258	-15554.108343756658	16791.651203143843	216.8436098060091	3170.0779673252614
600506421.2273525	139674026105.83865	169146168175.20944	2308865599.373083	-15744.024059307716	16579.180638561767	220.16957972413408	3166.2809031945567
600621621.2273525	137849503239.67795	171043795245.81165	2334424569.258725	-15931.278929539127	16365.541566262713	223.57601432971504	3162.4699105935492
600736821.2273525	136003560576.34904	172916745233.03085	2360380633.6073003	-16115.900060448588	16150.763936608708	227.06371118430184	3158.644811045443
600852021.2273525	134136499958.97296	174764888638.62033	2386743198.284583	-16297.914603645984	15934.876418224547	230.63343680360077	3154.805372969256
600967221.2273525	132248620101.70932	176588099193.70776	2413521755.6172094	-16477.349724515694	15717.906410058233	234.28592554211505	3150.951311113302
601082421.2273525	130340216589.97546	178386253713.24197	2440725880.6231766	-16654.23257094361	15499.880053824963	238.0218784719131	3147.082286075921
601197621.2273525	128411581884.23743	180159231951.89365	2468365227.1128545	-16828.590242600694	15280.822246818585	241.84196225583622	3143.197903919599
601312821.2273525	126463005327.30688	181906916461.45374	2496449523.659888	-17000.449760774824	15060.756655074867	245.7468080154658	3139.297715884465
601428021.2273525	124494773155.08282	183629192449.76593	2524988569.4413996	-17169.838038742484	14839.70572687211	249.73701019417226	3135.3812182069423
601543221.2273525	122507168510.67537	185325947641.2353	2553992229.946951	-17336.781852671462	14617.690706555017	253.813125415572	3131.447852049017
601658421.2273525	120500471461.85161	186997072138.9455	2583470432.5557475	-17501.307813045696	14394.731648668765	257.97567133772515	3127.4970035432093
601773621.2273525	118474959021.74374	188642458288.4229	2613433161.9816184	-17663.44233660326	14170.847432390805	262.2251255034101	3123.528003957837
601888821.2273525	116430905172.76067	190262000543.07883	2643890455.5853353	-17823.211618778238	13946.055776248679	266.56192418681303	3119.5401299866053
602004021.2273525	114368580893.6457	191855595331.3642	2674852398.5538898	-17980.64160663732	13720.37325311297	270.98646123698006	3115.532604165888
602119221.2273525	112288254189.62411	193423140925.6655	2706329118.94635	-18135.757972301653	13493.815305455115	275.49908691837754	3111.504595422331
602234421.2273525	110190190125.58492	194964537312.97467	2738330782.6060176	-18288.586086844694	13266.39626086053	280.10010674891436	3107.455219752584
602349621.2273525	108074650862.2424	196479686067.35944	2770867587.9385853	-18439.150994656553	13038.129347788268	284.7897803357824	3103.3835410360803
602464821.2273525	105941895695.2247	197968490224.2628	2803949760.556078	-18587.47738826554	12809.026711569148	289.5683202094775	3099.288571980828
602580021.2273525	103792181097.03735	199430854156.6598	2837587547.7863836	-18733.589583607383	12579.099430634811	294.43589065636183	3095.1692752011804
602695221.2273525	101625760761.84982	200866683453.09604	2871791213.0482326	-18877.511495732993	12348.357532971	299.39260655013874	3091.0245644255197
602810421.2273525	99442885653.0561	202275884797.6347	2906571030.0915155	-19019.266614945343	12116.810012788988	304.43853218261097	3086.8533058307294
602925621.2273525	97243804053.56015	203658365851.73596	2941937277.102882	-19158.877983356368	11884.464847409701	309.5736800940973	3082.6543194992864
603040821.2273525	95028761618.73747	205014035138.09396	2977900230.6766	-19296.36817185493	11651.329014355679	314.7980099038876	3078.426380993756
603156021.2273525	92798001432.02834	206342801926.4543	3014470159.6507087	-19431.759257476704	11417.408508646855	320.11142714111816	3074.1682230424694
603271221.2273525	90551764063.11339	207644576121.43546	3051657318.8085237	-19565.072801167546	11182.708360296427	325.51378207645314	3069.878537329218
603386421.2273525	88290287628.62958	208919268152.3777	3089471942.4456306	-19696.329825931487	10947.232652003968	331.0048685549631	3065.5559763789033
603501621.2273525	86013807855.3822	210166788865.24023	3127924237.8024917	-19825.55079535508	10710.984537043518	336.5844228305899	3061.1991555302916
603616821.2273525	83722558146.00862	211387049416.57187	3167024378.36292	-19952.75559249999	10473.966257344691	342.2521224025979	3056.8066549863242
603732021.2273525	81416769647.0531	212579961169.57407	3206782497.018615	-20077.96349915579	10236.179161765793	348.0075848544064	3052.377021931844
603847221.2273525	79096671319.41188	213745435592.2817	3247208679.10013	-20201.193175445318	9997.623724558161	353.85036669520764	3047.908772708143
603962421.2273525	76762490011.10683	214883384157.88022	3288312955.2745275	-20322.462639775207	9758.299564021778	359.77996220477405	3043.4003950334036
604077621.2273525	74414450532.35017	215993718247.1842	3330105294.310191	-20441.78924912441	9518.205461352469	365.79580228186273	3038.8503502579115
604192821.2273525	72052775732.86005	217076349053.29788	3372595595.709193	-20559.189679664007	9277.339379681644	371.8972532966273	3034.2570756428527
604308021.2273525	69677686581.39055	218131187488.48	3415793682.207704	-20674.679907701608	9035.69848331014	378.0836159474501	3029.6189866515965
604423221.2273525	67289402247.43799	219158144093.23572	3459709292.1449895	-20788.27519094443	8793.27915713792	384.3541241226102	3024.934479242563
604538421.2273525	64888140185.08822	220157128947.65814	3504352071.701567	-20899.99005007505	8550.077026292227	390.7079437672052	3020.2019321531093
604653621.2273525	62474116218.96789	221128051585.04333	3549731567.007162	-21009.838250634537	8306.086975956821	397.14417175574823	3015.419709164312
604768821.2273525	60047544632.26623	222070820907.80017	3595857216.119123	-21117.832785207844	8061.303171405863	403.66183477086065	3010.5861613370803
604884021.2273525	57608638256.7912	222985345105.68085	3642738340.8720384	-21223.98585590689	7815.719078245914	410.25988818848737	3005.699629210661
604999221.2273525	55157608565.026695	223871531576.35553	3690384138.599337	-21328.308857147087	7569.327482870344	416.9372149700618	3000.758444955315
605114421.2273525	52694665764.15738	224729286848.35538	3738803673.727667	-21430.812358713552	7322.120513130578	423.69262456204694	2995.760934471725
605229621.2273525	50220018892.028076	225558516506.40952	3788005869.2449603	-21531.506089113598	7074.089659229169	430.5248518032861	2990.7054194305
