573319221.2273525	585162266.5060842	148771950837.92908	207055437776.99603	0.0002449500569230677
573549621.2273525	562690329.2208425	148907809509.3579	203107226692.14493	0.00025211458245809625
573780021.2273525	569468867.629388	149054440637.13354	199157421176.50128	0.0002595521218259519
574010421.2273525	611273802.919124	149211964214.05475	195208074647.37088	0.00026719765506608785
574240821.2273525	687825530.7063003	149380492353.2071	191261252813.7264	0.0002749897575099688
574471221.2273525	794699512.9764184	149560129247.58157	187319031223.4503	0.0002828707655937974
574701621.2273525	926620679.2244018	149750971134.67328	183383492796.5754	0.00029078678777943675
574932021.2273525	1079177291.3117201	149953106266.09003	179456725348.16394	0.00029868761202927606
575162421.2273525	1248942898.9842834	150166614882.19443	175540819110.876	0.0003065265496136478
575392821.2273525	1433070858.696652	150391569191.80054	171637864253.38052	0.00031426024455709193
575623221.2273525	1629021204.8911881	150628033356.94135	167749948409.05307	0.0003218484693555771
575853621.2273525	1834606773.9294817	150876063482.71936	163879154232.2663	0.00032925392080656457
576084021.2273525	2048211559.5276003	151135707612.25107	160027556988.1321	0.0003364420247054808
576314421.2273525	2268861663.7128363	151407005726.71106	156197222194.45026	0.0003433807544875447
576544821.2273525	2496091068.264978	151689989750.47958	152390203330.10538	0.00035004046633033327
576775221.2273525	2729803539.9035206	151984683561.39432	148608539613.50632	0.00035639375150660894
577005621.2273525	2970218303.687322	152291103006.10254	144854253872.13483	0.0003624153056634845
577236021.2273525	3217785318.723237	152609255920.50946	141129350510.6664	0.00036808181402517206
577466421.2273525	3472902024.975826	152939142155.31326	137435813584.41277	0.0003733718511389629
577696821.2273525	3735515937.292196	153280753606.61563	133775604998.11829	0.00037826579360929425
577927221.2273525	4004986221.628808	153634074251.59357	130150662832.98796	0.0003827457442224456
578157621.2273525	4280335889.3573833	153999080189.21436	126562899812.42001	0.00038679546590557486
578388021.2273525	4560671526.639346	154375739685.97522	123014201922.08784	0.00039040032405416295
578618421.2273525	4845521461.4753275	154764013226.64313	119506427184.97705	0.0003935472358788544
578848821.2273525	5134948131.609129	155163853569.9704	116041404602.13696	0.00039622462555136454
579079221.2273525	5429485922.583325	155575205809.35742	112620933270.75903	0.00039842238405947986
579309621.2273525	5730068921.349008	155998007438.43185	109246781674.39037	0.00040013183280806553
579540021.2273525	6037999294.484487	156432188421.5105	105920687157.98763	0.0004013456901223467
579770421.2273525	6354800771.554353	156877671268.90887	102644355587.5827	0.000402058039920435
580000821.2273525	6681778921.73145	157334371117.05875	99419461188.21278	0.0004022643019231753
580231221.2273525	7019582077.692027	157802195813.3946	96247646564.46097	0.00040196120286088537
580461621.2273525	7368298321.377771	158281046005.96442	93130522893.05266	0.000401146748219113
580692021.2273525	7727932495.242452	158770815237.72003	90069670270.12569	0.00039982019413949463
580922421.2273525	8098807425.840277	159271390045.44012	87066638205.1179	0.00039798201915799904
581152821.2273525	8481759895.83925	159782650063.234	84122946224.58234	0.0003956338955221382
581383221.2273525	8878164113.260002	160304468130.57733	81240084550.92033	0.00039277865988165603
581613621.2273525	9289862183.681154	160836710404.82193	78419514816.00119	0.0003894202831946659
581844021.2273525	9719095251.476322	161379236478.12683	75662670749.63669	0.0003855638397338129
582074421.2273525	10168415707.781492	161931899498.75085	72970958788.35689	0.000381215475115476
582304821.2273525	10640375698.94473	162494546296.64627	70345758535.4843	0.0003763823733096764
582535221.2273525	11136938758.54539	163067017513.29214	67788422961.07381	0.0003710727226203743
582765621.2273525	11659227310.259083	163649147735.7031	65300278218.734085	0.0003652956806552164
582996021.2273525	12207974286.548477	164240765634.54684	62882622917.18902	0.00035906133833151323
583226421.2273525	12784061728.21009	164841694106.3037	60536726655.28288	0.00035238068299213503
583456821.2273525	13388757410.537334	165451750419.39755	58263827616.73592	0.0003452655607316441
583687221.2273525	14023760264.616348	166070746364.2259	56065128977.39076	0.00033772863806052686
583917621.2273525	14691160954.775015	166698488407.01746	53941793847.609886	0.00032978336306535317
584148021.2273525	15393362026.995167	167334777847.43997	51894938456.95839	0.0003214439262565201
584378421.2273525	16132985379.971746	167979410979.88193	49925623248.23355	0.0003127252213353179
584608821.2273525	16912687154.966576	168632179258.3287	48034841550.41686	0.0003036428061622188
584839221.2273525	17734698825.913113	169292869464.75314	46223505513.18269	0.0002942128642722225
585069621.2273525	18600317384.014378	169961263880.93607	44492429008.6307	0.00028445216736846385
585300021.2273525	19510069297.697254	170637140463.63425	42842307294.52594	0.00027437803934131036
585530421.2273525	20464378505.917492	171320273023.00775	41273693348.03764	0.00026400832252178086
585760821.2273525	21463956816.26386	172010431404.2194	39786970942.17828	0.0002533613471075373
585991221.2273525	22509867630.529915	172707381672.11536	38382324784.71289	0.00024245590503121805
586221621.2273525	23603504371.40002	173410886298.8965	37059708314.13357	0.00023131123002863494
586452021.2273525	24746548636.354095	174120704354.68527	35818810080.44312	0.00021994698639511242
586682421.2273525	25940893088.526955	174836591700.89352	34659020011.40274	0.0002083832700341545
586912821.2273525	27188507333.38963	175558301186.2936	33579397195.32707	0.00019664062714253372
587143221.2273525	28491151392.581913	176285582845.69376	32578641115.470512	0.00018474009865099866
587373621.2273525	29849886473.62936	177018184101.1173	31655068456.431168	0.0001727033030780649
587604021.2273525	31264842161.78577	177755849965.38177	30806597607.210247	0.00016055257808676005
587834421.2273525	32735702638.28188	178498323247.975	30030742810.049023	0.00014831121427701487
588064821.2273525	34262311211.858433	179245344763.12106	29324619485.761574	0.00013600383854837157
588295221.2273525	35844856149.22357	179996653539.92786	28684961625.387966	0.00012365704888922925
588525621.2273525	37483846805.157455	180751987034.50742	28108151365.75151	0.00011130048960364092
588756021.2273525	39180092124.18996	181511081343.957	27590259984.02405	9.896873573530447e-05
588986421.2273525	40934672092.70568	182273671422.08762	27127098707.71711	8.670474910609541e-05
589216821.2273525	42748833991.81917	183039491296.78693	26714277050.65595	7.456659220370909e-05
589447221.2273525	44623772570.078476	183808274288.8989	26347265897.97208	6.264143125586998e-05
589677621.2273525	46560259821.016945	184579753232.50516	26021462377.35135	5.107733982143264e-05
589908021.2273525	48558256947.78643	185353660696.4883	25732253635.255016	4.016269206216764e-05
590138421.2273525	50616982946.22889	186129729207.25995	25475076931.72707	3.053917624278911e-05
590368821.2273525	52735491563.84811	186907691472.53348	25245473976.526287	2.3711529843963206e-05
590599221.2273525	54913095893.70741	187687280606.022	25039138024.594986	2.2242850258975953e-05
590829621.2273525	57149429095.98663	188468230352.93954	24851952866.7597	2.6861551980078184e-05
591060021.2273525	59444413478.554726	189250275316.18576	24680023451.248585	3.510798286330391e-05
591290421.2273525	61798271889.4427	190033151183.09183	24519698343.401955	4.490467269714019e-05
591520821.2273525	64211504959.69758	190816594952.60263	24367584599.725323	5.532178471149916e-05
591751221.2273525	66684716692.800156	191600345162.77246	24220555893.34835	6.59625260952363e-05
591981621.2273525	69218281205.29378	192384142118.44797	24075754845.85402	7.663801446242578e-05
592212021.2273525	71811963835.83194	193167728119.01175	23930590574.234463	8.724634972769477e-05
592442421.2273525	74464741729.23636	193950847686.05887	23782732442.516388	9.772606563089023e-05
592672821.2273525	77175080771.20168	194733247790.87946	23630100915.487503	0.00010803645086338606
592903221.2273525	79941440974.73148	195514678081.6192	23470856327.34142	0.00011814843376784319
593133621.2273525	82762541441.40042	196294891109.9914	23303386256.89961	0.00012804001747673948
593364021.2273525	85637377978.17656	197073642557.4138	23126292073.32819	0.00013769384184659445
593594421.2273525	88565226276.42969	197850691460.44696	22938375122.066086	0.00014709581136011473
593824821.2273525	91545697339.10747	198625800435.4082	22738622908.568424	0.0001562342900711183
594055221.2273525	94578697552.30678	199398735902.04123	22526195545.45415	0.0001650996139975161
594285621.2273525	97664132002.07782	200169268306.11652	22300412672.0293	0.00017368378930666156
594516021.2273525	100801470653.51384	200937172340.84424	22060740974.571575	0.00018198030360701284
594746421.2273525	103989473494.71838	201702227166.97815	21806782395.75911	0.00018998400860304916
594976821.2273525	107226245363.61957	202464216631.48972	21538263089.898018	0.00019769104930609805
595207221.2273525	110509585625.78952	203222929484.6959	21255023135.724525	0.0002050988246117434
595437621.2273525	113837362177.90466	203978159595.7198	20957007008.304886	0.000212205969695858
595668021.2273525	117207675217.0808	204729706166.1687	20644254797.93203	0.00021901235408348447
595898421.2273525	120618878949.77399	205477373941.9118	20316894136.45397	0.00022551909134432572
596128821.2273525	124069634594.17085	206220973422.84357	19975132802.67479	0.00023172855768657916
596359221.2273525	127559007723.98297	206960321070.51834	19619251961.194824	0.00023764441755499567
596589621.2273525	131086372765.61177	207695239513.54315	19249599981.608627	0.00024327165486429762
596820021.2273525	134650955104.33487	208425557750.61884	18866586800.583744	0.0002486166088190466
597050421.2273525	138251367713.3169	209151111351.11838	18470678783.149025	0.00025368701344917303
597280821.2273525	141885532030.0025	209871742653.0952	18062394050.442024	0.0002584920400649926
597511221.2273525	145550902718.68045	210587300958.61282	17642298255.0033	0.00026304234183016916
597741621.2273525	149244786159.61972	211297642726.29218	17211000760.317715	0.0002673500995802226
597972021.2273525	152964594626.60837	212002631760.97	16769151186.764791	0.0002714290678872276
598202421.2273525	156707960743.48102	212702139400.36594	16317436290.238216	0.00027529462019414787
598432821.2273525	160472785099.38544	213396044698.6552	15856577131.264332	0.00027896379162056057
598663221.2273525	164257340867.72748	214084234606.8464	15387326515.183834	0.00028245531778077655
598893621.2273525	168060394025.5232	214766604149.86157	14910466683.215881	0.00028578966766367185
599124021.2273525	171881002738.12326	215443056600.2218	14426807227.725029	0.00028898906831172896
599354421.2273525	175717905464.06076	216113503648.23428	13937183225.103067	0.0002920775187205486
599584821.2273525	179569134870.73996	216777865568.58612	13442453568.849392	0.0002950807900806014
599815221.2273525	183432147688.63525	217436071383.24246	12943499487.53372	0.00029802640922809863
600045621.2273525	187304117164.87463	218088059020.5513	12441223248.966776	0.00030094362199575907
600276021.2273525	191182177512.83667	218733775470.45642	11936547037.964746	0.00030386333309818296
600506421.2273525	195063597288.38055	219373176935.71658	11430412007.80884	0.00030681801929536954
600736821.2273525	198945880766.46945	220006228979.03317	10923777514.78443	0.0003098416128985839
600967221.2273525	202826851155.25977	220632906665.98322	10417620536.091482	0.00031296935325830023
601197621.2273525	206704797023.09506	221253194703.6571	9912935289.83952	0.0003162376047370439
601428021.2273525	210578572475.14914	221867087574.8961	9410733083.977062	0.0003196836408351825
601658421.2273525	214447249470.5106	222474589668.02588	8912042416.4128	0.0003233453955927729
601888821.2273525	218309426261.5278	223075715401.9785	8417909381.092615	0.0003272611850886674
602119221.2273525	222163003905.8431	223670489346.6944	7929398437.775548	0.00033146940371336345
602349621.2273525	226005460309.28476	224258946338.69318	7447593622.247934	0.0003360082017794417
602580021.2273525	229834129331.47818	224841131591.7004	6973600313.610201	0.00034091515279501905
602810421.2273525	233646373775.08594	225417100802.21442	6508547695.975327	0.000346226920184917
603040821.2273525	237439717677.0086	225986920249.89383	6053592096.285345	0.0003519789342264446
603271221.2273525	241211960633.8123	226550666892.64862	5609921445.649354	0.00035820509032372127
603501621.2273525	244961301301.7687	227108428456.3074	5178761150.822815	0.0003649374793801336
603732021.2273525	248686499807.07413	227660303518.7421	4761381737.613293	0.0003722061599182261
603962421.2273525	252386892526.62262	228206401588.32263	4359108669.711683	0.00038003897979817377
604192821.2273525	256061894026.79858	228746843176.58426	3973334712.1884375	0.00038846145303726373
604423221.2273525	259710347294.60696	229281759864.99146	3605535047.266487	0.0003974966945350003
604653621.2273525	263330481683.7364	229811294365.70197	3257284817.196942	0.0004071654126993407
604884021.2273525	266920236704.88715	230335600576.26068	2930277492.656152	0.0004174859572910812
605114421.2273525	270477488311.74957	230854843628.20078	2626339777.3296742	0.0004284744174695058
605344821.2273525	274000171713.4169	231369199929.62405	2347433479.738747	0.0004401447631931138
